Dividing Wavelength (nm)	Counts (n)	Blue Motor Position (mm): 40.300000	Red Motor Position (mm): 0.000000	
326.493990	0.999383
326.888308	0.999383
327.282561	0.999383
327.676750	0.999946
328.070874	1.000481
328.464933	1.000740
328.858929	1.000180
329.252859	1.000561
329.646726	0.998808
330.040528	0.999100
330.434265	1.000632
330.827938	0.999721
331.221547	1.000573
331.615091	1.000698
332.008571	1.000823
332.401986	0.999641
332.795338	0.998868
333.188625	1.001366
333.581847	0.999811
333.975006	0.999546
334.368100	0.999496
334.761129	0.998881
335.154095	0.999874
335.546996	0.999799
335.939833	0.999295
336.332606	0.999596
336.725315	0.999583
337.117960	1.000037
337.510540	0.999956
337.903056	1.000094
338.295508	1.000091
338.687896	1.000135
339.080220	0.999978
339.472480	0.998920
339.864676	0.999972
340.256807	0.998555
340.648875	1.000717
341.040879	0.999219
341.432818	0.999514
341.824694	0.998382
342.216506	1.000630
342.608253	0.999016
342.999937	0.999242
343.391557	1.000040
343.783113	1.000934
344.174605	1.000937
344.566033	0.998777
344.957397	1.000985
345.348697	1.000295
345.739934	0.998927
346.131106	0.999614
346.522215	1.000117
346.913260	1.000667
347.304241	0.996772
347.695159	1.000828
348.086012	1.000049
348.476802	0.999088
348.867528	0.997633
349.258191	0.999619
349.648789	1.000331
350.039324	0.999640
350.429796	0.998781
350.820203	0.998860
351.210548	0.999449
351.600828	0.999285
351.991045	0.999175
352.381198	0.999564
352.771288	0.998838
353.161314	0.999312
353.551276	0.998905
353.941175	0.997820
354.331010	0.999198
354.720782	0.999409
355.110490	0.999645
355.500135	0.999508
355.889717	0.998409
356.279235	0.998659
356.668689	0.998922
357.058080	0.999943
357.447408	0.998651
357.836672	1.000293
358.225873	0.998053
358.615010	0.999383
359.004084	0.998149
359.393095	0.998878
359.782043	0.997278
360.170927	0.999594
360.559748	0.998129
360.948505	0.998515
361.337199	0.997974
361.725830	0.999157
362.114398	0.998679
362.502903	0.997339
362.891344	0.997490
363.279722	0.998313
363.668037	0.997665
364.056289	0.998520
364.444478	0.998602
364.832603	0.998621
365.220665	0.998182
365.608665	0.997376
365.996601	0.997965
366.384474	0.996131
366.772284	0.997304
367.160031	0.996382
367.547715	0.997126
367.935336	0.995867
368.322893	0.994954
368.710388	0.994220
369.097820	0.992892
369.485189	0.990308
369.872495	0.988632
370.259738	0.986369
370.646918	0.983519
371.034035	0.981457
371.421090	0.978060
371.808081	0.973343
372.195010	0.970216
372.581875	0.965804
372.968678	0.961777
373.355418	0.957274
373.742096	0.950483
374.128710	0.946770
374.515262	0.941142
374.901751	0.935757
375.288177	0.930714
375.674540	0.924466
376.060841	0.918163
376.447079	0.912000
376.833254	0.904993
377.219367	0.901251
377.605417	0.889532
377.991404	0.885469
378.377329	0.879449
378.763191	0.873474
379.148991	0.865328
379.534727	0.856024
379.920402	0.848843
380.306013	0.844467
380.691563	0.832309
381.077049	0.825183
381.462474	0.821135
381.847835	0.810955
382.233134	0.805932
382.618371	0.805686
383.003545	0.788679
383.388657	0.787261
383.773706	0.779203
384.158693	0.774158
384.543618	0.769691
384.928480	0.761406
385.313280	0.750923
385.698017	0.750947
386.082692	0.740208
386.467305	0.738878
386.851856	0.734451
387.236344	0.729783
387.620770	0.724866
388.005133	0.720516
388.389435	0.716797
388.773674	0.716554
389.157851	0.710554
389.541965	0.711241
389.926018	0.720351
390.310008	0.710301
390.693936	0.711555
391.077802	0.708133
391.461606	0.713328
391.845348	0.708701
392.229027	0.711734
392.612645	0.715306
392.996200	0.708695
393.379694	0.707855
393.763125	0.705183
394.146494	0.715318
394.529801	0.714570
394.913047	0.714948
395.296230	0.726140
395.679351	0.727523
396.062410	0.732027
396.445408	0.740725
396.828343	0.745942
397.211217	0.750783
397.594028	0.765932
397.976778	0.768909
398.359466	0.774478
398.742092	0.781150
399.124656	0.795613
399.507158	0.796542
399.889598	0.803756
400.271977	0.808619
400.654294	0.818811
401.036549	0.826756
401.418742	0.837011
401.800874	0.839154
402.182944	0.845555
402.564952	0.851806
402.946898	0.860213
403.328783	0.869229
403.710606	0.880432
404.092367	0.881320
404.474067	0.890920
404.855705	0.896519
405.237282	0.903610
405.618797	0.907350
406.000250	0.913872
406.381642	0.917102
406.762972	0.924930
407.144240	0.930421
407.525447	0.935197
407.906593	0.939410
408.287677	0.944375
408.668700	0.950266
409.049661	0.953690
409.430560	0.957036
409.811399	0.962472
410.192176	0.964005
410.572891	0.968838
410.953545	0.970914
411.334138	0.974549
411.714669	0.976411
412.095139	0.979941
412.475547	0.982585
412.855894	0.984492
413.236180	0.985180
413.616405	0.987188
413.996568	0.988465
414.376670	0.990204
414.756711	0.990854
415.136691	0.992580
415.516609	0.992678
415.896466	0.993598
416.276262	0.993725
416.655997	0.995221
417.035670	0.995620
417.415283	0.996456
417.794834	0.996672
418.174324	0.997935
418.553753	0.997039
418.933121	0.998061
419.312428	0.998249
419.691674	0.998447
420.070859	0.998378
420.449983	0.998701
420.829045	0.997633
421.208047	0.999117
421.586988	0.998911
421.965867	0.998083
422.344686	0.999133
422.723444	0.998273
423.102141	0.998914
423.480777	0.997683
423.859352	0.999141
424.237866	0.999225
424.616319	0.999941
424.994712	0.999742
425.373044	0.999165
425.751314	1.000133
426.129524	0.999954
426.507673	0.999171
426.885762	0.999592
427.263789	0.999266
427.641756	0.998763
428.019662	1.000319
428.397508	0.999713
428.775292	0.999294
429.153016	0.999131
429.530679	0.999323
429.908282	0.999885
430.285824	0.998776
430.663305	0.999388
431.040726	0.999875
431.418086	1.000386
431.795385	1.000238
432.172624	1.000683
432.549802	0.999254
432.926920	1.000036
433.303977	0.999709
433.680974	1.000531
434.057910	1.000065
434.434786	0.999513
434.811601	0.999791
435.188355	1.000639
435.565050	1.000171
435.941683	0.999844
436.318257	0.998977
436.694770	1.000070
437.071222	1.000693
437.447614	1.000027
437.823946	1.000142
438.200218	1.000104
438.576429	0.999817
438.952580	1.000178
439.328670	0.999646
439.704700	0.999792
440.080670	1.000071
440.456580	1.000670
440.832429	0.999556
441.208218	0.999904
441.583947	0.999432
441.959616	0.999600
442.335224	1.000748
442.710773	1.000694
443.086261	1.000550
443.461689	1.000586
443.837057	0.999959
444.212365	1.000340
444.587612	1.000840
444.962800	1.000249
445.337927	1.000267
445.712995	1.000050
446.088002	0.999744
446.462949	1.000091
446.837837	1.001046
447.212664	0.999751
447.587431	1.000497
447.962139	0.999837
448.336786	0.998807
448.711374	1.000069
449.085901	0.999582
449.460369	1.000547
449.834776	0.999905
450.209124	1.000395
450.583412	1.000476
450.957640	0.999255
451.331808	1.000584
451.705917	0.999031
452.079965	1.000719
452.453954	1.000750
452.827883	1.000280
453.201752	1.000561
453.575562	0.999680
453.949311	1.000336
454.323001	0.999719
454.696632	1.000843
455.070202	0.999644
455.443713	0.999702
455.817164	0.999641
456.190556	0.999622
456.563888	1.000817
456.937160	1.000711
457.310373	0.999065
457.683526	0.999778
458.056619	1.000164
458.429653	1.000105
458.802628	0.999900
459.175542	0.999926
459.548398	0.999204
459.921194	1.000115
460.293930	1.000728
460.666607	1.000507
461.039224	0.999954
461.411782	0.999508
461.784280	0.999670
462.156719	1.000667
462.529099	1.000528
462.901419	1.000773
463.273680	0.999484
463.645882	0.999970
464.018024	0.999841
464.390106	0.999287
464.762130	1.000289
465.134094	0.999406
465.505999	1.000086
465.877845	0.999202
466.249631	0.999019
466.621358	0.998686
466.993026	0.999932
467.364634	0.999765
467.736184	0.999956
468.107674	0.999432
468.479105	0.999791
468.850477	1.000034
469.221790	1.000007
469.593043	1.000089
469.964238	0.999350
470.335373	0.999746
470.706449	0.999894
471.077467	1.000042
471.448425	1.000239
471.819324	1.000061
472.190164	0.998829
472.560945	0.999782
472.931667	0.999764
473.302330	0.999499
473.672934	1.000152
474.043479	0.999187
474.413965	0.999926
474.784393	1.000247
475.154761	0.999302
475.525070	0.999152
475.895321	1.000408
476.265513	0.999602
476.635645	1.000206
477.005719	0.999797
477.375734	0.999675
477.745691	1.000491
478.115588	0.999437
478.485427	0.999586
478.855207	1.000022
479.224928	0.999555
479.594591	0.999557
479.964194	0.999786
480.333739	0.999896
480.703226	0.999100
481.072653	0.999247
481.442022	0.999695
481.811333	0.999516
482.180584	0.999800
482.549777	1.000115
482.918912	0.999584
483.287988	1.000033
483.657005	0.999828
484.025964	0.999622
484.394864	0.999693
484.763706	0.999836
485.132489	1.000044
485.501213	1.000103
485.869879	1.000258
486.238487	0.999125
486.607036	1.000196
486.975527	0.999902
487.343959	0.999474
487.712333	1.000097
488.080648	0.999879
488.448905	1.000215
488.817104	0.999858
489.185244	0.999642
489.553326	0.999978
489.921350	0.999988
490.289315	0.999681
490.657222	0.999634
491.025070	0.999946
491.392861	1.000164
491.760593	0.999897
492.128267	0.999636
492.495883	0.999041
492.863440	1.000209
493.230939	0.999938
493.598380	1.000623
493.965763	0.999819
494.333088	0.998896
494.700354	0.999527
495.067563	0.999999
495.434713	0.999799
495.801805	0.999884
496.168839	1.000311
496.535815	0.999667
496.902733	0.999448
497.269593	0.999511
497.636395	0.999296
498.003139	0.999130
498.369825	0.999807
498.736453	0.999586
499.103023	0.999606
499.469535	0.999698
499.835989	0.999740
500.202385	1.000046
500.568723	0.999858
500.935003	0.999766
501.301226	1.000205
501.667390	0.999229
502.033497	1.000369
502.399546	0.999565
502.765537	0.999483
503.131470	1.000078
503.497345	0.999978
503.863163	0.999711
504.228923	0.998744
504.594625	0.999394
504.960269	0.999892
505.325856	0.999926
505.691385	1.000505
506.056856	0.999990
506.422270	0.999680
506.787625	0.999595
507.152924	1.000290
507.518164	1.000089
507.883347	0.999703
508.248472	0.999464
508.613540	0.999461
508.978550	0.999936
509.343503	0.999552
509.708398	1.000585
510.073236	1.000143
510.438016	0.999424
510.802738	0.999420
511.167403	0.998864
511.532010	0.999636
511.896561	0.999178
512.261053	0.999657
512.625488	0.999807
512.989866	0.999858
513.354186	0.999188
513.718449	1.000343
514.082655	0.998792
514.446803	1.000009
514.810894	1.000530
515.174927	1.000124
515.538904	0.999688
515.902822	0.999831
516.266684	0.999893
516.630488	1.000389
516.994235	1.000062
517.357925	1.000067
517.721558	0.999935
518.085133	1.000200
518.448651	1.000118
518.812112	1.000770
519.175516	0.999780
519.538863	0.999510
519.902152	1.000825
520.265385	1.000017
520.628560	1.000112
520.991678	0.999656
521.354739	1.000431
521.717743	0.999905
522.080690	0.999182
522.443580	1.000070
522.806413	0.999817
523.169189	1.000236
523.531908	0.999354
523.894569	0.999972
524.257174	0.999759
524.619722	1.000096
524.982213	0.999866
525.344647	0.999099
525.707025	0.999872
526.069345	0.999885
526.431608	1.000243
526.793815	1.000258
527.155964	1.001085
527.518057	1.000422
527.880093	1.000154
528.242072	0.999941
528.603995	0.999458
528.965860	1.000830
529.327669	0.999816
529.689421	0.999532
530.051117	1.000165
530.412755	1.000432
530.774337	0.999609
531.135862	1.000830
531.497331	0.999784
531.858743	1.000401
532.220098	1.000013
532.581396	0.999968
532.942638	1.000410
533.303824	1.000643
533.664953	0.999754
534.026025	1.000937
534.387040	1.000572
534.747999	1.000212
535.108902	1.000147
535.469748	1.000735
535.830537	1.000541
536.191270	1.000209
536.551947	0.999880
536.912567	1.000077
537.273131	1.000795
537.633638	0.999671
537.994089	1.000093
538.354483	1.000379
538.714821	0.999891
539.075103	1.000952
539.435328	1.000506
539.795497	1.000467
540.155609	1.000181
540.515665	1.000757
540.875665	0.999585
541.235609	1.000561
541.595496	1.000056
541.955328	1.000048
542.315102	1.000681
542.674821	1.000519
543.034483	1.000676
543.394090	0.999779
543.753640	1.001137
544.113134	1.000110
544.472571	1.000871
544.831953	1.000579
545.191278	1.000783
545.550548	0.999038
545.909761	1.000181
546.268918	1.000692
546.628019	1.000640
546.987064	0.999797
547.346053	0.999597
547.704986	1.000166
548.063863	1.000383
548.422684	1.000170
548.781449	1.000203
549.140158	1.000603
549.498811	0.999895
549.857408	0.999326
550.215949	0.999589
550.574434	0.999506
550.932864	1.000155
551.291237	1.000191
551.649555	1.001012
552.007817	0.999990
552.366022	1.000289
552.724173	1.000399
553.082267	0.999994
553.440305	0.999249
553.798288	0.999622
554.156215	0.999915
554.514086	1.000283
554.871902	1.000200
555.229661	0.999624
555.587365	1.000230
555.945014	1.000192
556.302606	1.000013
556.660143	1.000509
557.017625	0.999969
557.375050	0.999626
557.732421	1.000427
558.089735	0.999352
558.446994	1.000097
558.804197	1.000256
559.161345	0.999827
559.518437	0.999765
559.875474	1.000180
560.232455	1.000232
560.589381	1.000344
560.946251	0.999729
561.303065	1.000387
561.659825	0.999791
562.016528	1.000450
562.373177	1.000642
562.729770	1.000201
563.086307	0.999557
563.442789	1.000540
563.799216	0.999238
564.155587	1.000132
564.511904	1.000598
564.868164	0.999265
565.224370	0.999767
565.580520	0.999662
565.936615	1.000129
566.292654	0.999895
566.648638	1.000905
567.004567	1.000005
567.360441	1.000154
567.716260	0.999512
568.072023	1.000031
568.427732	1.000335
568.783385	1.000420
569.138982	1.000200
569.494525	0.999599
569.850013	1.000485
570.205445	1.000542
570.560823	1.000268
570.916145	0.999386
571.271412	1.000123
571.626625	1.000337
571.981782	0.999947
572.336884	1.000478
572.691931	1.000621
573.046923	1.000492
573.401860	0.999768
573.756743	1.000783
574.111570	0.999668
574.466342	1.000878
574.821059	1.000086
575.175722	1.000758
575.530330	0.999544
575.884882	1.000070
576.239380	1.000463
576.593823	1.000551
576.948211	1.000263
577.302544	0.999974
577.656823	1.000106
578.011047	0.999242
578.365216	1.000594
578.719330	0.999458
579.073389	0.999438
579.427394	0.999556
579.781344	1.000452
580.135239	0.998955
580.489080	1.000235
580.842866	1.000415
581.196597	0.999690
581.550273	0.998892
581.903895	1.000307
582.257463	0.999767
582.610975	0.999827
582.964434	1.000004
583.317837	1.000395
583.671186	1.000511
584.024481	0.999812
584.377721	0.999523
584.730906	1.000055
585.084037	1.000775
585.437113	1.000279
585.790135	1.000057
586.143103	1.000318
586.496016	1.000030
586.848874	1.000710
587.201679	0.999673
587.554428	0.999310
587.907124	1.000644
588.259765	1.000263
588.612352	1.000227
588.964884	1.000306
589.317362	1.000324
589.669786	1.000201
590.022155	0.999691
590.374470	0.999742
590.726731	0.999561
591.078937	1.000814
591.431090	1.000483
591.783188	0.999750
592.135232	1.000659
592.487222	1.000602
592.839157	0.999608
593.191038	0.999980
593.542866	1.000155
593.894639	0.999180
594.246358	1.000509
594.598022	1.000213
594.949633	1.000223
595.301190	0.999872
595.652692	0.999669
596.004141	0.999456
596.355535	0.999951
596.706876	1.000258
597.058162	0.999779
597.409395	1.000204
597.760573	1.000750
598.111698	0.999739
598.462768	0.999951
598.813785	0.998744
599.164748	0.999652
599.515657	1.000103
599.866511	0.999664
600.217312	1.000936
600.568060	0.999745
600.918753	1.001184
601.269392	1.000626
601.619978	0.999841
601.970510	1.000066
602.320988	0.999674
602.671412	0.999742
603.021783	1.000121
603.372100	1.000357
603.722363	1.000644
604.072572	0.999599
604.422728	0.999551
604.772830	0.999553
605.122878	0.999832
605.472872	1.000486
605.822813	0.999295
606.172701	0.999515
606.522534	1.000672
606.872314	1.000869
607.222041	0.999993
607.571714	0.999978
607.921333	1.000038
608.270899	0.999152
608.620411	1.000750
608.969870	1.000395
609.319276	0.999898
609.668627	1.000877
610.017926	0.999918
610.367171	1.000321
610.716362	0.999989
611.065500	0.999244
611.414585	0.999736
611.763616	0.998666
612.112594	1.000355
612.461518	0.999689
612.810389	1.000013
613.159207	0.999678
613.507971	0.999667
613.856682	1.000630
614.205340	0.998834
614.553945	1.000116
614.902496	1.000049
615.250994	1.001020
615.599439	1.000502
615.947830	1.000022
616.296169	1.000279
616.644454	1.000660
616.992686	0.999970
617.340864	1.000263
617.688990	0.999295
618.037063	0.999800
618.385082	0.999666
618.733048	0.999125
619.080961	0.999333
619.428821	1.000813
619.776628	0.999645
620.124382	1.000246
620.472083	1.000381
620.819731	1.000552
621.167326	1.000751
621.514868	1.000243
621.862357	0.999810
622.209793	0.999687
622.557176	0.999895
622.904506	0.999575
623.251783	1.000067
623.599007	1.000281
623.946179	0.999642
624.293297	1.000678
624.640363	1.000494
624.987376	0.999575
625.334336	1.000181
625.681243	0.999798
626.028097	1.000461
626.374899	1.000491
626.721647	1.000534
627.068343	0.999733
627.414987	1.000395
627.761577	0.999978
628.108115	0.999006
628.454600	1.000580
628.801032	0.999728
629.147412	1.000635
629.493739	1.000614
629.840014	0.999433
630.186236	0.999440
630.532405	0.999792
630.878521	0.999725
631.224585	0.999789
631.570597	0.999586
631.916556	1.001003
632.262462	0.999359
632.608316	0.999873
632.954117	0.999675
633.299866	0.999768
633.645562	0.999430
633.991206	0.999334
634.336797	0.999907
634.682336	1.000501
635.027823	1.000019
635.373257	0.999938
635.718639	1.000235
636.063968	0.999512
636.409245	0.999409
636.754470	1.000120
637.099642	1.000269
637.444762	1.000029
637.789829	0.999706
638.134845	0.999367
638.479808	0.999559
638.824719	0.999857
639.169577	0.999346
639.514383	0.999688
639.859137	1.000473
640.203839	1.000476
640.548489	0.999417
640.893086	0.999601
641.237632	0.999958
641.582125	0.999663
641.926566	1.000579
642.270955	0.999813
642.615292	0.999216
642.959576	1.000449
643.303809	1.000863
643.647990	0.999992
643.992118	1.000039
644.336195	0.998959
644.680219	0.999436
645.024192	0.999088
645.368112	0.998739
645.711981	0.999606
646.055797	0.999467
646.399562	0.999174
646.743274	0.999916
647.086935	0.999548
647.430544	1.000050
647.774101	0.998595
648.117606	0.999569
648.461059	1.000502
648.804460	0.999551
649.147810	0.999523
649.491108	0.999506
649.834354	0.999670
650.177548	0.999830
650.520690	0.999721
650.863781	0.999573
651.206820	0.999957
651.549807	0.999764
651.892742	1.000258
652.235626	0.999828
652.578458	1.000332
652.921238	1.000020
653.263967	1.000107
653.606644	1.000092
653.949269	1.000179
654.291843	0.999847
654.634365	0.999859
654.976836	0.999480
655.319255	1.000342
655.661622	0.999563
656.003938	0.999135
656.346203	0.999123
656.688416	1.000385
657.030577	0.999551
657.372687	0.999147
657.714746	0.999066
658.056753	0.999703
658.398708	0.999245
658.740612	1.000077
659.082465	0.999211
659.424266	0.999822
659.766016	0.999098
660.107715	0.999781
660.449362	0.999939
660.790958	0.999408
661.132503	0.999927
661.473996	0.999424
661.815438	0.999428
662.156829	1.000305
662.498168	0.999915
662.839456	0.999317
663.180693	0.999614
663.521879	0.999137
663.863013	0.999701
664.204097	0.999501
664.545129	0.999707
664.886110	0.999742
665.227040	0.999732
665.567918	0.999007
665.908746	0.998593
666.249522	0.999518
666.590248	0.998747
666.930922	0.998565
667.271545	0.999700
667.612118	0.999248
667.952639	1.000270
668.293109	0.999023
668.633528	0.999488
668.973896	0.999251
669.314213	0.998464
669.654480	0.999417
669.994695	0.998797
670.334859	0.999109
670.674973	0.999178
671.015035	0.999332
671.355047	0.999380
671.695008	0.999388
672.034918	0.998855
672.374777	1.000101
672.714585	0.999614
673.054342	0.999441
673.394049	0.999339
673.733705	0.999114
674.073310	0.999759
674.412864	0.999527
674.752368	0.999059
675.091820	0.999494
675.431223	0.999473
675.770574	0.999204
676.109875	0.998902
676.449125	0.998959
676.788324	0.999120
677.127473	1.000704
677.466571	1.000012
677.805619	0.998732
678.144616	0.999158
678.483562	0.999951
678.822458	0.999509
679.161303	0.999098
679.500098	0.999481
679.838842	0.999892
680.177535	0.999019
680.516179	0.998820
680.854771	0.998672
681.193314	0.999055
681.531805	0.998518
681.870247	0.999203
682.208638	0.998559
682.546978	0.998890
682.885268	0.999113
683.223508	0.998115
683.561697	0.998924
683.899836	0.999455
684.237925	0.998435
684.575963	0.998717
684.913951	0.999560
685.251889	0.999507
685.589776	0.998929
685.927614	0.999346
686.265401	0.998654
686.603137	0.998701
686.940824	0.999424
687.278460	0.999227
687.616046	0.998119
687.953582	0.999388
688.291068	0.999647
688.628504	0.998596
688.965889	0.998587
689.303224	0.997859
689.640510	0.998758
689.977745	0.998076
690.314930	0.998226
690.652065	0.999062
690.989150	0.998752
691.326185	0.998236
691.663170	0.998958
692.000105	0.999296
692.336990	0.999352
692.673825	0.998675
693.010610	0.998509
693.347345	0.999286
693.684030	0.998456
694.020665	0.998226
694.357251	0.998186
694.693786	0.999067
695.030272	0.997421
695.366707	0.998604
695.703093	0.998910
696.039429	0.998548
696.375716	0.999253
696.711952	0.998558
697.048139	0.998823
697.384276	0.998867
697.720363	0.998531
698.056400	0.998026
698.392388	0.998526
698.728326	0.998030
699.064214	1.000354
699.400053	0.998812
699.735842	0.999402
700.071581	0.998192
700.407270	0.998194
700.742910	0.999215
701.078501	0.997830
701.414042	0.999638
701.749533	0.997352
702.084974	0.999474
702.420366	0.999628
702.755709	0.998429
703.091002	0.998465
703.426246	0.998741
703.761440	0.998423
704.096584	0.997641
704.431679	0.998685
704.766725	0.998325
705.101721	0.999153
705.436668	0.998657
705.771565	0.997771
706.106413	0.998429
706.441212	0.997924
706.775961	0.998118
707.110661	0.998844
707.445311	0.998878
707.779913	0.999579
708.114465	0.998991
708.448967	0.998466
708.783421	0.998518
709.117825	0.998223
709.452180	0.999267
709.786485	0.999779
710.120742	0.997625
710.454949	0.998229
710.789107	0.999032
711.123216	0.996986
711.457275	0.998219
711.791286	0.998013
712.125247	1.000039
712.459159	0.998283
712.793023	0.997573
713.126837	0.998877
713.460602	0.998072
713.794318	0.997448
714.127985	0.997278
714.461602	0.998211
714.795171	0.998356
715.128691	0.998459
715.462162	0.998698
715.795584	0.998684
716.128957	0.998456
716.462281	0.998796
716.795556	0.998080
717.128782	0.998940
717.461960	0.998252
717.795088	0.998412
718.128167	0.998807
718.461198	0.998955
718.794180	0.998778
719.127113	0.997488
719.459997	0.998042
719.792833	0.998144
720.125619	0.998074
720.458357	0.998245
720.791046	0.998255
721.123686	0.998591
721.456278	0.997249
721.788821	0.997985
722.121315	1.000184
722.453761	0.998133
722.786158	0.996823
723.118506	0.998371
723.450805	0.996768
723.783056	0.998969
724.115259	0.998151
724.447412	0.999228
724.779518	0.998764
725.111574	0.997650
725.443582	0.997695
725.775542	0.998538
726.107453	0.998595
726.439315	0.998330
726.771129	0.997812
727.102895	0.998014
727.434612	0.998704
727.766281	0.997845
728.097901	0.998291
728.429473	0.998415
728.760996	0.998131
729.092471	0.998456
729.423897	0.997956
729.755276	0.998030
730.086606	0.997697
730.417887	0.997891
730.749120	0.998693
731.080305	0.998321
731.411442	0.998074
731.742530	0.998081
732.073570	0.998152
732.404562	0.997759
732.735506	0.998341
733.066401	0.998254
733.397249	0.998386
733.728048	0.998122
734.058798	0.999313
734.389501	0.997938
734.720156	0.998497
735.050762	0.998314
735.381320	0.998506
735.711831	0.998177
736.042293	0.997535
736.372707	0.998628
736.703073	0.997402
737.033391	0.998661
737.363661	0.999036
737.693883	0.998323
738.024056	0.997233
738.354182	0.998344
738.684260	0.998133
739.014290	0.998703
739.344272	0.998487
739.674207	0.998685
740.004093	0.998067
740.333931	0.998485
740.663722	0.997513
740.993464	0.998807
741.323159	0.997894
741.652806	0.996987
741.982405	0.997594
742.311956	0.999046
742.641460	0.998447
742.970915	0.998261
743.300323	0.997271
743.629683	0.998067
743.958996	0.998958
744.288260	0.997667
744.617477	0.998202
744.946647	0.997840
745.275768	0.999030
745.604842	0.997170
745.933869	0.998211
746.262847	0.999423
746.591778	0.996684
746.920662	0.998965
747.249498	0.999376
747.578286	0.999255
747.907027	0.998304
748.235720	0.998496
748.564365	0.998710
748.892963	0.997685
749.221514	0.998853
749.550017	0.997511
749.878473	0.999027
750.206881	0.999760
750.535242	0.998555
750.863555	0.997841
751.191821	0.997973
751.520039	0.997916
751.848210	0.996578
752.176334	0.997853
752.504411	0.998100
752.832440	0.997597
753.160421	0.998358
753.488356	0.997476
753.816243	0.997296
754.144082	0.997897
754.471875	0.997817
754.799620	0.999355
755.127318	0.998112
755.454969	0.998552
755.782572	0.999107
756.110129	0.998246
756.437638	0.999471
756.765100	0.998202
757.092515	0.998683
757.419882	0.998271
757.747203	0.996715
758.074477	0.998071
758.401703	0.998578
758.728882	0.997963
759.056014	0.998706
759.383099	0.997789
759.710138	0.997364
760.037129	0.998366
760.364073	0.998100
760.690970	0.997245
761.017820	0.998067
761.344623	0.999306
761.671379	0.998248
761.998088	0.998809
762.324751	0.998245
762.651366	0.997580
762.977935	0.996418
763.304456	0.998277
763.630931	0.996424
763.957359	0.996389
764.283740	0.997115
764.610074	0.997770
764.936362	0.997932
765.262602	0.998704
765.588796	0.998558
765.914943	0.997656
766.241044	0.998242
766.567097	0.997501
766.893104	0.998401
767.219064	0.996764
767.544978	0.998839
767.870845	0.998293
768.196665	0.998344
768.522438	0.999217
768.848165	0.998733
769.173846	0.999128
769.499479	0.998692
769.825066	0.999618
770.150607	0.999263
770.476101	0.999209
770.801548	0.999184
771.126949	0.999028
771.452303	0.998215
771.777611	0.998623
772.102872	0.998411
772.428087	0.998688
772.753256	0.998828
773.078378	0.999190
773.403453	0.998552
773.728482	0.998888
774.053465	0.998789
774.378401	0.999130
774.703291	0.999364
775.028135	1.000230
775.352932	0.997212
775.677683	0.998928
776.002388	0.998031
776.327046	0.997607
776.651658	1.000156
776.976224	0.999151
777.300743	0.998032
777.625216	0.998008
777.949643	0.999327
778.274024	0.998385
778.598359	0.998939
778.922647	0.998528
779.246889	0.999422
779.571086	0.998724
779.895236	0.998751
780.219339	0.999449
780.543397	0.997937
780.867409	0.999839
781.191374	0.998736
781.515294	0.998780
781.839167	0.998997
782.162995	0.998951
782.486776	0.997904
782.810511	0.998917
783.134201	0.999838
783.457844	0.999233
783.781441	0.997778
784.104993	0.998269
784.428498	0.999065
784.751958	0.999232
785.075372	0.999561
785.398739	0.998036
785.722061	0.997194
786.045337	0.998440
786.368568	0.998482
786.691752	0.998880
787.014891	0.998791
787.337983	0.998338
787.661030	0.999221
787.984031	0.999122
788.306987	0.999075
788.629897	0.998257
788.952760	0.998617
789.275579	0.999193
789.598351	0.998507
789.921078	0.999569
790.243759	0.999554
790.566395	0.998542
790.888984	0.998406
791.211529	0.999290
791.534027	0.998124
791.856480	0.998654
792.178888	0.998554
792.501249	0.998138
792.823566	0.999908
793.145836	0.998485
793.468062	0.998869
793.790241	1.000468
794.112375	0.997639
794.434464	0.999139
794.756507	0.999990
795.078505	0.999307
795.400457	0.998680
795.722364	0.998856
796.044226	0.999778
796.366042	0.997907
796.687812	0.997186
797.009538	0.997066
797.331218	0.999308
797.652852	0.999870
797.974442	0.998539
798.295986	0.999379
798.617484	0.998242
798.938938	0.999357
799.260346	0.999059
799.581709	0.998560
799.903026	0.999000
800.224299	0.998412
800.545526	0.998447
800.866708	0.999066
801.187845	0.999305
801.508936	0.999356
801.829983	0.998652
802.150984	0.998999
802.471940	0.998502
802.792851	0.998968
803.113717	0.999787
803.434538	0.999456
803.755314	1.000997
804.076045	0.998774
804.396731	0.998517
804.717372	0.998548
805.037967	1.000627
805.358518	1.000124
805.679024	0.998376
805.999485	0.998369
806.319901	0.999369
806.640272	0.999972
806.960598	0.999023
807.280879	0.999687
807.601115	0.999681
807.921306	0.998984
808.241453	0.998517
808.561554	0.999250
808.881611	0.999214
809.201623	0.998491
809.521590	0.998774
809.841513	0.999603
810.161390	0.998608
810.481223	0.998786
810.801011	0.998890
811.120755	1.001075
811.440453	0.999009
811.760107	0.999100
812.079716	0.999062
812.399281	0.999045
812.718801	0.997871
813.038276	0.998703
813.357707	0.998978
813.677093	0.999012
813.996434	0.999170
814.315731	1.000147
814.634983	0.998850
814.954191	0.999612
815.273354	0.998893
815.592473	0.998068
815.911547	1.000048
816.230577	0.998933
816.549562	0.999182
816.868502	0.997292
817.187399	0.999652
817.506250	0.999870
817.825058	0.998353
818.143821	0.998958
818.462539	0.998439
818.781213	1.000188
819.099843	1.000259
819.418429	0.998082
819.736970	0.998427
820.055466	0.997376
820.373919	0.997575
820.692327	0.996956
821.010691	0.997969
821.329011	0.996480
821.647286	0.995924
821.965517	0.995805
822.283704	0.995502
822.601847	0.994989
822.919945	0.994144
823.237999	0.994928
823.556010	0.995215
823.873976	0.995715
824.191897	0.995305
824.509775	0.997097
824.827609	0.996287
825.145398	0.997230
825.463144	0.995150
825.780845	0.996206
826.098502	0.996890
826.416116	0.996393
826.733685	0.996408
827.051210	0.995860
827.368692	0.995970
827.686129	0.995745
828.003522	0.998516
828.320872	0.996846
828.638177	0.997763
828.955439	0.999169
829.272656	0.998150
829.589830	0.998929
829.906960	0.999030
830.224046	0.998882
830.541088	0.997745
830.858086	0.998421
831.175041	0.999886
831.491952	0.998285
831.808819	0.998256
832.125642	0.999007
832.442421	0.998895
832.759157	0.998929
833.075849	0.998805
833.392497	0.996992
833.709101	0.997770
834.025662	0.996969
834.342179	0.997697
834.658653	0.998673
834.975083	0.998335
835.291469	0.999131
835.607811	0.998276
835.924110	0.998615
836.240366	0.999440
836.556578	0.999321
836.872746	0.998410
837.188871	0.998771
837.504952	0.998984
837.820990	0.998832
838.136984	0.998919
838.452935	0.999098
838.768842	0.999299
839.084706	0.998504
839.400526	0.999148
839.716303	0.997599
840.032037	0.999492
840.347727	0.998616
840.663373	0.999305
840.978977	0.999047
841.294537	0.998532
841.610054	0.998792
841.925527	0.998970
842.240957	0.999014
842.556344	0.999332
842.871687	0.999497
843.186987	0.998485
843.502244	0.999556
843.817458	0.997588
844.132629	0.999625
844.447756	0.999413
844.762840	0.999525
845.077881	1.000517
845.392879	0.997737
845.707833	0.998477
846.022745	0.999416
846.337613	1.000188
846.652438	0.998809
846.967221	0.998676
847.281960	0.999433
847.596656	0.999665
847.911309	1.000650
848.225919	0.998881
848.540485	0.999742
848.855009	0.999680
849.169490	1.000459
849.483928	0.998690
849.798323	0.998505
850.112675	0.999352
850.426984	1.000146
850.741251	0.999843
851.055474	1.000442
851.369654	0.999968
851.683792	0.999204
851.997887	0.999167
852.311938	0.999173
852.625947	0.998753
852.939914	0.998263
853.253837	1.000372
853.567718	0.999763
853.881555	0.999780
854.195350	0.999931
854.509103	0.999839
854.822812	0.999674
855.136479	0.999755
855.450103	1.000197
855.763685	0.999778
856.077224	0.999265
856.390720	0.999390
856.704173	0.999941
857.017584	0.999926
857.330953	1.000496
857.644278	0.999073
857.957561	1.000089
858.270802	1.000237
858.584000	0.999632
858.897155	1.000515
859.210268	0.998867
859.523339	0.999596
859.836367	1.000982
860.149352	0.998601
860.462295	0.999792
860.775195	0.999607
861.088054	0.998034
861.400869	0.999323
861.713642	0.998835
862.026373	1.000922
862.339062	0.999989
862.651708	0.998721
862.964312	0.998861
863.276873	0.999108
863.589392	0.999296
863.901869	0.998839
864.214303	1.000005
864.526696	1.000145
864.839045	0.999718
865.151353	0.999968
865.463619	0.999987
865.775842	0.999800
866.088023	1.000651
866.400162	0.999084
866.712258	1.001514
867.024313	1.000009
867.336325	1.000118
867.648296	1.000163
867.960224	0.999226
868.272110	0.999921
868.583954	0.999627
868.895755	0.999668
869.207515	1.000499
869.519233	0.999523
869.830909	0.998583
870.142542	0.998415
870.454134	0.999861
870.765684	0.999406
871.077191	1.000304
871.388657	0.999629
871.700081	0.999825
872.011463	0.999120
872.322803	0.999576
872.634101	0.997818
872.945357	0.999472
873.256571	0.998990
873.567744	0.999710
873.878874	0.998800
874.189963	0.999617
874.501010	1.001206
874.812015	0.999360
875.122979	1.000385
875.433900	0.998406
875.744780	1.000361
876.055618	0.998559
876.366415	0.998846
876.677169	0.998999
876.987882	0.998955
877.298554	0.999840
877.609183	0.998964
877.919771	0.999654
878.230317	0.999862
878.540822	0.998986
878.851285	0.998989
879.161707	0.998604
879.472087	1.000365
879.782425	0.997720
880.092722	0.999113
880.402977	0.997181
880.713191	0.996627
881.023363	0.996009
881.333494	0.996608
881.643583	0.997060
881.953631	0.996763
882.263637	0.996462
882.573602	0.996856
882.883526	0.996537
883.193408	0.997135
883.503248	0.996285
883.813048	0.996865
884.122806	0.998250
884.432522	0.997653
884.742197	0.999139
885.051831	0.998963
885.361424	0.998931
885.670975	0.998616
885.980485	0.997696
886.289954	0.999080
886.599382	0.998454
886.908768	0.999297
887.218113	0.997393
887.527417	0.999384
887.836680	0.999400
888.145901	0.998685
888.455082	0.999216
888.764221	0.999466
889.073319	0.997636
889.382376	1.000700
889.691392	0.998860
890.000366	0.999748
890.309300	0.999172
890.618193	1.000035
890.927044	0.999332
891.235855	0.999051
891.544625	0.998985
891.853353	0.999171
892.162041	0.999436
892.470687	0.999016
892.779293	0.999286
893.087858	0.998205
893.396381	0.998780
893.704864	0.998046
894.013306	0.998422
894.321707	0.997577
894.630068	0.998058
894.938387	0.997244
895.246665	0.998626
895.554903	0.997711
895.863100	0.998436
896.171256	0.998316
896.479371	0.998957
896.787446	0.999215
897.095480	0.997824
897.403473	0.999646
897.711425	0.998429
898.019336	0.999294
898.327207	0.998763
898.635038	0.997830
898.942827	0.999530
899.250576	0.999102
899.558284	1.000368
899.865952	0.999148
900.173579	0.998685
900.481165	0.999598
900.788711	0.998674
901.096216	0.999142
901.403681	0.999377
901.711105	0.999392
902.018489	0.999114
902.325832	0.998860
902.633135	0.999171
902.940397	0.999568
903.247619	0.999504
903.554800	0.998496
903.861941	0.998597
904.169041	0.997955
904.476101	0.998783
904.783121	0.998021
905.090100	0.997724
905.397039	0.998014
905.703938	0.997870
906.010796	0.998243
906.317614	0.998565
906.624391	0.999255
906.931129	0.999548
907.237826	0.999418
907.544483	0.999448
907.851099	0.998913
908.157675	0.999064
908.464211	0.999597
908.770707	0.998667
909.077163	1.000022
909.383578	0.999234
909.689954	0.998941
909.996289	0.999107
910.302584	0.999661
910.608839	1.000729
910.915054	0.999492
911.221229	1.000768
911.527363	0.998468
911.833458	1.000360
912.139513	0.999672
912.445527	0.999469
912.751502	0.999712
913.057436	0.999047
913.363331	1.000544
913.669186	1.000528
913.975000	0.997240
914.280775	0.999780
914.586510	0.999268
914.892205	0.998231
915.197859	0.998233
915.503475	0.998503
915.809050	0.998567
916.114585	0.997399
916.420081	0.998079
916.725536	0.998314
917.030952	0.998555
917.336328	0.998117
917.641665	0.997763
917.946961	0.998427
918.252218	0.997896
918.557435	0.999058
918.862612	0.999556
919.167750	0.998624
919.472848	0.999302
919.777906	0.999116
920.082925	0.999687
920.387904	0.999826
920.692843	0.999419
920.997743	0.997948
921.302603	0.999394
921.607423	0.998338
921.912204	0.999819
922.216946	0.999710
922.521647	0.998975
922.826310	0.999728
923.130932	0.999783
923.435516	0.999795
923.740059	0.998176
924.044564	0.998687
924.349028	0.998049
924.653454	0.998949
924.957840	0.999932
925.262186	0.999278
925.566493	0.998952
925.870761	1.000086
926.174989	0.998951
926.479178	1.000963
926.783328	0.999158
927.087438	1.000221
927.391509	0.999851
927.695541	1.000272
927.999533	1.001230
928.303486	0.999644
928.607400	0.999251
928.911275	1.000186
929.215110	1.000065
929.518906	1.000314
929.822663	1.000373
930.126381	0.999915
930.430060	0.999920
930.733699	1.000126
931.037299	0.999472
931.340861	1.000532
931.644383	0.998151
931.947866	0.999934
932.251309	0.999207
932.554714	0.999916
932.858080	1.000104
933.161407	0.998851
933.464694	0.999321
933.767943	0.999937
934.071153	1.000242
934.374323	0.999583
934.677455	0.999271
934.980548	1.000181
935.283602	1.000328
935.586617	0.999515
935.889593	1.001863
936.192530	1.000314
936.495428	0.998996
936.798287	0.999392
937.101108	0.999248
937.403890	0.999980
937.706632	1.000978
938.009336	0.999811
938.312002	0.998121
938.614628	0.999467
938.917216	0.999704
939.219765	0.999602
939.522275	0.999875
939.824747	0.999996
940.127179	0.999382
940.429573	0.999948
940.731929	0.999087
941.034246	0.998103
941.336524	0.998259
941.638763	1.000481
941.940964	0.999154
942.243126	0.999295
942.545250	1.000893
942.847335	0.999148
943.149381	1.000396
943.451389	0.999338
943.753359	1.000011
944.055290	1.000553
944.357182	0.999504
944.659036	0.999163
944.960851	0.999391
945.262628	0.999928
945.564367	0.999814
945.866067	1.000054
946.167729	1.000144
946.469352	1.000504
946.770937	0.997887
947.072484	1.001777
947.373992	0.998703
947.675462	0.999224
947.976893	0.999643
948.278286	1.001335
948.579641	1.001468
948.880958	0.998967
949.182236	0.999864
949.483476	0.999433
949.784678	0.999903
950.085841	0.999721
950.386967	1.000151
950.688054	1.001079
950.989103	0.999320
951.290114	0.999419
951.591087	1.000003
951.892021	0.999645
952.192917	1.001103
952.493776	1.000050
952.794596	0.999639
953.095378	0.999445
953.396122	0.999547
953.696828	1.000495
953.997496	1.000266
954.298126	0.999780
954.598718	0.998956
954.899272	1.000112
955.199788	0.997734
955.500266	0.999958
955.800706	0.999216
956.101108	0.998951
956.401472	1.000263
956.701798	0.999793
957.002087	0.999478
957.302337	0.999249
957.602550	1.000167
957.902724	0.999496
958.202861	1.000063
958.502960	0.998377
958.803022	1.000782
959.103045	0.999490
959.403031	1.000174
959.702979	1.000530
960.002889	0.999107
960.302762	0.999383
960.602596	1.000794
960.902393	1.000026
961.202153	0.998525
961.501875	1.000421
961.801559	0.999345
962.101205	0.999815
962.400814	1.001819
962.700385	1.001235
962.999918	1.000147
963.299414	0.998743
963.598873	0.999812
963.898293	0.999982
964.197677	0.999635
964.497022	0.999923
964.796331	0.999465
965.095601	1.000886
965.394835	0.998982
965.694030	1.000103
965.993189	0.999139
966.292309	1.000268
966.591393	0.998174
966.890439	1.000047
967.189447	0.999386
967.488419	0.999289
967.787353	0.999348
968.086249	0.999263
968.385108	0.998866
968.683930	1.001114
968.982714	0.999010
969.281462	0.999997
969.580172	0.999553
969.878844	1.000395
970.177480	0.999162
970.476078	1.001179
970.774639	1.000745
971.073162	1.000627
971.371649	0.999035
971.670098	0.999184
971.968510	0.999806
972.266885	0.998364
972.565223	0.999923
972.863524	0.998590
973.161788	1.000089
973.460014	1.001586
973.758204	0.999653
974.056356	1.000405
974.354471	0.999348
974.652550	1.000117
974.950591	0.999547
975.248595	0.999484
975.546563	1.000907
975.844493	1.000935
976.142386	1.000040
976.440243	1.000056
976.738062	0.999292
977.035845	0.999019
977.333590	1.000570
977.631299	0.999266
977.928971	0.999814
978.226606	0.999492
978.524204	0.998763
978.821765	1.000326
979.119290	1.000013
979.416777	0.999569
979.714228	1.000013
980.011642	1.000525
980.309020	0.998786
980.606360	1.000972
980.903664	1.000386
981.200931	1.000050
981.498162	0.999265
981.795356	1.000221
982.092513	0.999963
982.389633	1.000586
982.686717	0.998228
982.983764	1.000509
983.280775	0.999416
983.577749	1.001188
983.874686	0.999227
984.171587	0.998624
984.468451	0.999831
984.765279	0.999383
985.062070	1.000445
985.358824	1.001501
985.655543	1.001041
985.952224	1.001206
986.248869	0.999371
986.545478	1.000713
986.842050	0.999279
987.138586	0.999370
987.435086	0.999502
987.731549	1.001441
988.027975	1.000506
988.324366	0.999109
988.620719	1.000694
988.917037	0.999663
989.213318	1.000073
989.509563	0.999212
989.805772	1.000258
990.101944	1.000042
990.398080	0.999441
990.694180	1.001335
990.990244	0.999792
991.286271	0.999836
991.582262	1.000738
991.878217	0.999131
992.174136	1.000460
992.470019	0.999603
992.765865	1.000805
993.061676	0.999732
993.357450	1.000958
993.653188	1.001151
993.948890	1.000177
994.244556	0.999600
994.540186	1.000212
994.835780	1.000108
995.131337	1.001457
995.426859	1.000343
995.722345	0.999122
996.017795	0.999737
996.313208	0.998059
996.608586	0.999647
996.903928	1.000143
997.199234	0.999266
997.494504	1.001198
997.789738	0.998496
998.084936	1.000198
998.380099	0.999146
998.675225	1.001179
998.970316	1.000677
999.265371	0.998954
999.560390	0.999595
999.855373	0.998172
1000.150320	1.001375
1000.445232	0.999814
1000.740108	0.999521
1001.034948	0.997870
1001.329752	1.000830
1001.624521	1.000977
1001.919254	1.000221
1002.213951	1.000293
1002.508613	0.999427
1002.803239	0.999864
1003.097829	1.000545
1003.392384	1.000447
1003.686903	1.000198
1003.981386	0.999759
1004.275834	1.001261
1004.570246	0.998089
1004.864623	1.000036
1005.158964	0.998773
1005.453270	1.000636
1005.747540	0.998932
1006.041775	1.000297
1006.335974	1.000291
1006.630138	1.001397
1006.924266	0.998219
1007.218359	0.998999
1007.512416	1.000661
1007.806438	0.999415
1008.100425	0.999425
1008.394376	1.000172
1008.688292	0.998994
1008.982172	0.998852
1009.276017	1.000487
1009.569827	1.000512
1009.863602	0.998556
1010.157341	1.000684
1010.451045	0.999454
1010.744714	1.001223
1011.038347	1.000202
1011.331945	0.999108
1011.625508	1.000682
1011.919036	1.000929
1012.212528	1.000800
1012.505986	0.999265
1012.799408	1.001015
1013.092795	0.999606
1013.386147	0.999558
1013.679464	1.000926
1013.972745	1.000027
1014.265992	0.999675
1014.559204	0.999030
1014.852380	1.000734
1015.145521	0.999979
1015.438628	1.000859
1015.731699	0.999524
1016.024736	1.000125
1016.317737	1.000148
1016.610703	1.000256
1016.903635	0.999695
1017.196531	0.999100
1017.489393	0.999283
1017.782219	0.999611
1018.075011	1.000920
1018.367768	0.999735
1018.660490	0.999511
1018.953177	0.999511
1019.245829	0.999511
