Dividing Wavelength (nm)	Counts (n)	Blue Motor Position (mm): 21.200000	Red Motor Position (mm): 0.000000	
326.493990	1.001497
326.888308	1.001497
327.282561	1.001497
327.676750	1.001592
328.070874	1.001885
328.464933	1.001093
328.858929	1.001954
329.252859	1.002123
329.646726	1.001047
330.040528	1.000741
330.434265	1.002049
330.827938	1.001357
331.221547	1.001368
331.615091	1.002864
332.008571	1.002732
332.401986	1.000633
332.795338	1.000591
333.188625	1.001757
333.581847	1.001508
333.975006	1.002381
334.368100	1.001538
334.761129	0.999930
335.154095	1.001820
335.546996	1.001509
335.939833	0.997946
336.332606	0.998702
336.725315	0.997412
337.117960	1.001641
337.510540	0.997558
337.903056	1.000487
338.295508	1.000005
338.687896	1.000087
339.080220	0.998280
339.472480	0.998671
339.864676	0.999116
340.256807	0.997815
340.648875	0.999076
341.040879	0.999188
341.432818	0.999535
341.824694	0.998749
342.216506	0.999971
342.608253	0.998637
342.999937	0.998609
343.391557	0.998942
343.783113	1.000641
344.174605	0.999618
344.566033	0.998598
344.957397	0.999225
345.348697	1.000229
345.739934	0.999262
346.131106	0.997405
346.522215	0.997685
346.913260	0.998663
347.304241	0.997689
347.695159	0.999080
348.086012	0.998437
348.476802	0.998554
348.867528	0.997824
349.258191	0.999173
349.648789	0.999040
350.039324	0.998765
350.429796	0.998051
350.820203	0.997628
351.210548	0.998752
351.600828	0.999368
351.991045	0.998549
352.381198	0.999427
352.771288	0.997354
353.161314	0.998101
353.551276	0.997177
353.941175	0.997209
354.331010	0.998320
354.720782	0.998348
355.110490	0.998284
355.500135	0.997682
355.889717	0.996535
356.279235	0.997400
356.668689	0.998450
357.058080	0.997557
357.447408	0.996155
357.836672	0.998538
358.225873	0.997245
358.615010	0.997570
359.004084	0.997155
359.393095	0.998492
359.782043	0.997400
360.170927	0.998036
360.559748	0.998329
360.948505	0.996746
361.337199	0.998127
361.725830	0.998333
362.114398	0.998064
362.502903	0.995812
362.891344	0.996327
363.279722	0.996585
363.668037	0.997953
364.056289	0.996307
364.444478	0.998785
364.832603	0.995908
365.220665	0.997485
365.608665	0.996022
365.996601	0.996540
366.384474	0.995119
366.772284	0.996600
367.160031	0.994361
367.547715	0.995961
367.935336	0.994614
368.322893	0.993927
368.710388	0.992734
369.097820	0.990476
369.485189	0.987092
369.872495	0.986556
370.259738	0.985381
370.646918	0.982154
371.034035	0.979192
371.421090	0.976322
371.808081	0.971092
372.195010	0.968523
372.581875	0.963683
372.968678	0.959763
373.355418	0.956371
373.742096	0.947842
374.128710	0.943917
374.515262	0.939323
374.901751	0.933160
375.288177	0.928470
375.674540	0.922749
376.060841	0.915706
376.447079	0.909434
376.833254	0.901616
377.219367	0.897233
377.605417	0.886357
377.991404	0.882524
378.377329	0.876908
378.763191	0.870430
379.148991	0.861008
379.534727	0.854032
379.920402	0.845329
380.306013	0.841329
380.691563	0.828964
381.077049	0.822612
381.462474	0.818271
381.847835	0.808129
382.233134	0.802742
382.618371	0.802421
383.003545	0.784678
383.388657	0.783682
383.773706	0.775847
384.158693	0.770409
384.543618	0.766701
384.928480	0.758014
385.313280	0.747372
385.698017	0.747099
386.082692	0.736181
386.467305	0.733516
386.851856	0.729185
387.236344	0.723364
387.620770	0.718066
388.005133	0.711673
388.389435	0.705652
388.773674	0.703477
389.157851	0.696052
389.541965	0.693015
389.926018	0.699968
390.310008	0.686769
390.693936	0.683336
391.077802	0.675865
391.461606	0.676682
391.845348	0.666455
392.229027	0.665702
392.612645	0.663803
392.996200	0.651056
393.379694	0.643845
393.763125	0.633747
394.146494	0.639398
394.529801	0.629649
394.913047	0.620781
395.296230	0.626711
395.679351	0.618549
396.062410	0.616292
396.445408	0.618802
396.828343	0.613348
397.211217	0.608751
397.594028	0.620889
397.976778	0.611263
398.359466	0.607251
398.742092	0.602950
399.124656	0.614714
399.507158	0.603217
399.889598	0.600502
400.271977	0.591023
400.654294	0.595558
401.036549	0.594045
401.418742	0.599151
401.800874	0.584815
402.182944	0.581098
402.564952	0.573184
402.946898	0.575053
403.328783	0.576214
403.710606	0.587091
404.092367	0.562085
404.474067	0.566798
404.855705	0.566036
405.237282	0.574705
405.618797	0.561022
406.000250	0.556995
406.381642	0.546546
406.762972	0.552574
407.144240	0.550643
407.525447	0.550250
407.906593	0.542793
408.287677	0.538703
408.668700	0.547305
409.049661	0.541291
409.430560	0.536013
409.811399	0.544479
410.192176	0.526227
410.572891	0.533544
410.953545	0.521417
411.334138	0.535287
411.714669	0.526947
412.095139	0.539847
412.475547	0.524538
412.855894	0.526291
413.236180	0.524825
413.616405	0.529148
413.996568	0.520897
414.376670	0.526159
414.756711	0.531286
415.136691	0.528584
415.516609	0.519858
415.896466	0.516222
416.276262	0.512382
416.655997	0.513861
417.035670	0.495224
417.415283	0.487539
417.794834	0.491961
418.174324	0.498024
418.553753	0.506489
418.933121	0.488688
419.312428	0.482792
419.691674	0.488108
420.070859	0.476316
420.449983	0.485109
420.829045	0.474199
421.208047	0.483009
421.586988	0.475553
421.965867	0.475345
422.344686	0.463585
422.723444	0.476000
423.102141	0.492912
423.480777	0.465758
423.859352	0.487109
424.237866	0.463901
424.616319	0.464526
424.994712	0.455640
425.373044	0.465772
425.751314	0.454245
426.129524	0.470771
426.507673	0.453807
426.885762	0.447314
427.263789	0.452803
427.641756	0.462847
428.019662	0.452615
428.397508	0.452177
428.775292	0.456850
429.153016	0.448784
429.530679	0.454731
429.908282	0.448236
430.285824	0.458368
430.663305	0.436366
431.040726	0.457567
431.418086	0.457300
431.795385	0.449363
432.172624	0.447946
432.549802	0.448752
432.926920	0.447927
433.303977	0.447036
433.680974	0.444695
434.057910	0.443015
434.434786	0.441840
434.811601	0.444743
435.188355	0.427375
435.565050	0.436447
435.941683	0.437784
436.318257	0.421388
436.694770	0.422776
437.071222	0.420714
437.447614	0.425355
437.823946	0.431601
438.200218	0.421554
438.576429	0.430163
438.952580	0.423685
439.328670	0.420677
439.704700	0.427358
440.080670	0.428407
440.456580	0.409452
440.832429	0.417326
441.208218	0.428635
441.583947	0.417420
441.959616	0.416905
442.335224	0.422639
442.710773	0.412846
443.086261	0.411088
443.461689	0.425307
443.837057	0.414961
444.212365	0.405220
444.587612	0.412088
444.962800	0.401876
445.337927	0.403074
445.712995	0.429406
446.088002	0.391685
446.462949	0.401644
446.837837	0.407204
447.212664	0.395457
447.587431	0.386783
447.962139	0.357738
448.336786	0.316352
448.711374	0.326906
449.085901	0.371868
449.460369	0.375642
449.834776	0.379134
450.209124	0.358419
450.583412	0.351169
450.957640	0.344015
451.331808	0.355160
451.705917	0.379292
452.079965	0.383517
452.453954	0.371608
452.827883	0.378231
453.201752	0.372998
453.575562	0.384645
453.949311	0.373281
454.323001	0.378875
454.696632	0.375207
455.070202	0.367710
455.443713	0.359661
455.817164	0.353880
456.190556	0.349848
456.563888	0.346672
456.937160	0.344716
457.310373	0.361871
457.683526	0.360434
458.056619	0.366442
458.429653	0.366911
458.802628	0.370203
459.175542	0.364791
459.548398	0.346913
459.921194	0.340004
460.293930	0.339958
460.666607	0.317295
461.039224	0.305845
461.411782	0.301156
461.784280	0.300727
462.156719	0.304742
462.529099	0.308840
462.901419	0.325254
463.273680	0.329611
463.645882	0.328915
464.018024	0.334934
464.390106	0.327732
464.762130	0.311913
465.134094	0.295245
465.505999	0.264439
465.877845	0.234665
466.249631	0.221427
466.621358	0.228976
466.993026	0.243091
467.364634	0.249144
467.736184	0.258009
468.107674	0.267159
468.479105	0.266085
468.850477	0.272770
469.221790	0.279597
469.593043	0.290094
469.964238	0.294600
470.335373	0.294325
470.706449	0.292705
471.077467	0.293004
471.448425	0.255019
471.819324	0.230639
472.190164	0.230336
472.560945	0.259289
472.931667	0.281641
473.302330	0.285856
473.672934	0.298118
474.043479	0.285921
474.413965	0.288058
474.784393	0.291541
475.154761	0.286811
475.525070	0.283748
475.895321	0.289918
476.265513	0.284169
476.635645	0.279797
477.005719	0.279583
477.375734	0.276812
477.745691	0.269883
478.115588	0.266635
478.485427	0.260339
478.855207	0.247876
479.224928	0.230536
479.594591	0.219160
479.964194	0.222724
480.333739	0.224240
480.703226	0.226058
481.072653	0.225125
481.442022	0.221549
481.811333	0.218682
482.180584	0.222719
482.549777	0.228611
482.918912	0.232694
483.287988	0.232962
483.657005	0.233374
484.025964	0.240272
484.394864	0.238229
484.763706	0.239770
485.132489	0.245493
485.501213	0.247316
485.869879	0.246534
486.238487	0.251028
486.607036	0.249666
486.975527	0.255661
487.343959	0.252021
487.712333	0.252809
488.080648	0.255118
488.448905	0.255778
488.817104	0.258015
489.185244	0.254530
489.553326	0.253105
489.921350	0.245172
490.289315	0.230353
490.657222	0.226690
491.025070	0.230489
491.392861	0.233684
491.760593	0.241205
492.128267	0.248196
492.495883	0.255471
492.863440	0.263315
493.230939	0.271625
493.598380	0.275551
493.965763	0.280285
494.333088	0.283856
494.700354	0.288312
495.067563	0.289503
495.434713	0.296006
495.801805	0.295892
496.168839	0.300408
496.535815	0.305363
496.902733	0.307518
497.269593	0.312305
497.636395	0.312567
498.003139	0.317093
498.369825	0.322748
498.736453	0.323215
499.103023	0.327704
499.469535	0.330936
499.835989	0.334447
500.202385	0.339061
500.568723	0.346330
500.935003	0.345167
501.301226	0.354875
501.667390	0.352700
502.033497	0.355492
502.399546	0.362100
502.765537	0.368110
503.131470	0.371631
503.497345	0.373141
503.863163	0.384886
504.228923	0.383862
504.594625	0.386783
504.960269	0.396363
505.325856	0.397735
505.691385	0.406650
506.056856	0.408566
506.422270	0.413719
506.787625	0.420245
507.152924	0.424343
507.518164	0.428817
507.883347	0.435921
508.248472	0.442646
508.613540	0.444177
508.978550	0.452111
509.343503	0.457740
509.708398	0.461924
510.073236	0.465552
510.438016	0.470779
510.802738	0.477548
511.167403	0.482539
511.532010	0.491144
511.896561	0.491782
512.261053	0.497012
512.625488	0.505549
512.989866	0.511904
513.354186	0.517987
513.718449	0.526302
514.082655	0.528695
514.446803	0.537137
514.810894	0.541425
515.174927	0.550500
515.538904	0.555026
515.902822	0.559809
516.266684	0.567205
516.630488	0.574997
516.994235	0.578838
517.357925	0.586035
517.721558	0.590414
518.085133	0.596500
518.448651	0.602156
518.812112	0.610161
519.175516	0.616661
519.538863	0.621323
519.902152	0.627480
520.265385	0.633489
520.628560	0.639193
520.991678	0.647132
521.354739	0.651850
521.717743	0.658026
522.080690	0.663544
522.443580	0.670395
522.806413	0.676635
523.169189	0.682518
523.531908	0.687378
523.894569	0.694743
524.257174	0.700919
524.619722	0.706575
524.982213	0.711349
525.344647	0.717530
525.707025	0.723515
526.069345	0.728518
526.431608	0.736258
526.793815	0.740208
527.155964	0.747686
527.518057	0.752668
527.880093	0.757993
528.242072	0.762344
528.603995	0.768801
528.965860	0.774954
529.327669	0.779290
529.689421	0.783593
530.051117	0.789200
530.412755	0.794571
530.774337	0.798649
531.135862	0.805506
531.497331	0.808117
531.858743	0.815516
532.220098	0.817612
532.581396	0.823466
532.942638	0.827694
533.303824	0.832638
533.664953	0.836459
534.026025	0.841856
534.387040	0.844600
534.747999	0.847828
535.108902	0.852333
535.469748	0.857937
535.830537	0.860926
536.191270	0.864793
536.551947	0.869026
536.912567	0.871439
537.273131	0.876130
537.633638	0.879050
537.994089	0.883382
538.354483	0.886786
538.714821	0.889567
539.075103	0.893118
539.435328	0.896308
539.795497	0.899698
540.155609	0.902511
540.515665	0.904346
540.875665	0.908385
541.235609	0.911850
541.595496	0.913381
541.955328	0.917034
542.315102	0.919692
542.674821	0.921204
543.034483	0.924369
543.394090	0.925926
543.753640	0.929469
544.113134	0.930507
544.472571	0.933729
544.831953	0.936335
545.191278	0.938258
545.550548	0.939742
545.909761	0.940974
546.268918	0.944444
546.628019	0.945844
546.987064	0.947935
547.346053	0.948779
547.704986	0.950599
548.063863	0.952196
548.422684	0.955008
548.781449	0.956035
549.140158	0.957574
549.498811	0.959227
549.857408	0.960118
550.215949	0.961302
550.574434	0.963380
550.932864	0.964218
551.291237	0.964821
551.649555	0.967060
552.007817	0.968543
552.366022	0.969114
552.724173	0.970442
553.082267	0.970838
553.440305	0.971540
553.798288	0.971975
554.156215	0.973188
554.514086	0.975215
554.871902	0.975337
555.229661	0.975721
555.587365	0.976861
555.945014	0.978645
556.302606	0.977965
556.660143	0.979416
557.017625	0.980452
557.375050	0.980251
557.732421	0.980857
558.089735	0.980685
558.446994	0.981616
558.804197	0.982553
559.161345	0.982813
559.518437	0.983200
559.875474	0.984834
560.232455	0.984445
560.589381	0.985299
560.946251	0.985214
561.303065	0.985457
561.659825	0.985957
562.016528	0.986928
562.373177	0.986009
562.729770	0.986981
563.086307	0.986412
563.442789	0.987743
563.799216	0.987245
564.155587	0.987547
564.511904	0.988287
564.868164	0.987767
565.224370	0.988378
565.580520	0.989229
565.936615	0.988702
566.292654	0.988485
566.648638	0.989787
567.004567	0.988943
567.360441	0.989696
567.716260	0.989536
568.072023	0.990144
568.427732	0.990325
568.783385	0.990336
569.138982	0.990687
569.494525	0.990876
569.850013	0.990844
570.205445	0.990411
570.560823	0.990595
570.916145	0.991122
571.271412	0.990952
571.626625	0.992124
571.981782	0.990517
572.336884	0.991931
572.691931	0.991443
573.046923	0.992756
573.401860	0.991775
573.756743	0.991838
574.111570	0.991874
574.466342	0.992674
574.821059	0.991756
575.175722	0.992202
575.530330	0.992090
575.884882	0.991816
576.239380	0.993038
576.593823	0.992020
576.948211	0.992392
577.302544	0.992550
577.656823	0.992589
578.011047	0.992037
578.365216	0.992865
578.719330	0.992880
579.073389	0.991696
579.427394	0.992824
579.781344	0.992423
580.135239	0.992246
580.489080	0.992379
580.842866	0.992887
581.196597	0.992687
581.550273	0.992447
581.903895	0.992889
582.257463	0.992894
582.610975	0.992344
582.964434	0.993226
583.317837	0.993085
583.671186	0.993185
584.024481	0.992743
584.377721	0.992361
584.730906	0.993153
585.084037	0.993705
585.437113	0.993446
585.790135	0.993348
586.143103	0.993196
586.496016	0.992829
586.848874	0.993832
587.201679	0.993198
587.554428	0.993151
587.907124	0.992977
588.259765	0.993543
588.612352	0.994403
588.964884	0.993647
589.317362	0.993266
589.669786	0.992972
590.022155	0.992990
590.374470	0.992771
590.726731	0.993288
591.078937	0.993706
591.431090	0.993463
591.783188	0.992801
592.135232	0.993506
592.487222	0.993522
592.839157	0.992694
593.191038	0.993703
593.542866	0.993522
593.894639	0.992784
594.246358	0.993037
594.598022	0.993756
594.949633	0.993750
595.301190	0.993577
595.652692	0.993266
596.004141	0.993525
596.355535	0.993890
596.706876	0.993585
597.058162	0.993546
597.409395	0.994129
597.760573	0.993832
598.111698	0.993272
598.462768	0.993139
598.813785	0.992652
599.164748	0.992841
599.515657	0.992703
599.866511	0.993684
600.217312	0.994225
600.568060	0.993059
600.918753	0.994086
601.269392	0.994230
601.619978	0.994152
601.970510	0.993514
602.320988	0.993969
602.671412	0.993169
603.021783	0.993780
603.372100	0.994113
603.722363	0.994884
604.072572	0.994269
604.422728	0.993697
604.772830	0.993513
605.122878	0.994254
605.472872	0.994303
605.822813	0.993752
606.172701	0.993960
606.522534	0.994159
606.872314	0.994118
607.222041	0.993652
607.571714	0.993766
607.921333	0.993447
608.270899	0.993545
608.620411	0.994105
608.969870	0.993877
609.319276	0.993133
609.668627	0.993721
610.017926	0.993313
610.367171	0.994090
610.716362	0.994425
611.065500	0.994069
611.414585	0.993555
611.763616	0.992842
612.112594	0.993321
612.461518	0.992616
612.810389	0.993971
613.159207	0.993366
613.507971	0.993423
613.856682	0.994044
614.205340	0.992786
614.553945	0.993421
614.902496	0.993068
615.250994	0.993817
615.599439	0.994217
615.947830	0.993257
616.296169	0.994024
616.644454	0.993595
616.992686	0.993500
617.340864	0.993622
617.688990	0.993024
618.037063	0.993814
618.385082	0.993050
618.733048	0.993390
619.080961	0.993870
619.428821	0.993876
619.776628	0.992853
620.124382	0.993876
620.472083	0.993976
620.819731	0.994312
621.167326	0.993490
621.514868	0.993576
621.862357	0.993912
622.209793	0.993505
622.557176	0.993625
622.904506	0.994216
623.251783	0.993270
623.599007	0.993399
623.946179	0.992994
624.293297	0.993986
624.640363	0.994277
624.987376	0.992666
625.334336	0.992972
625.681243	0.994200
626.028097	0.994175
626.374899	0.993969
626.721647	0.994208
627.068343	0.992819
627.414987	0.993600
627.761577	0.993334
628.108115	0.993417
628.454600	0.994461
628.801032	0.993238
629.147412	0.994244
629.493739	0.994287
629.840014	0.993545
630.186236	0.994186
630.532405	0.992984
630.878521	0.992854
631.224585	0.994021
631.570597	0.992876
631.916556	0.993368
632.262462	0.992161
632.608316	0.994200
632.954117	0.992900
633.299866	0.993683
633.645562	0.993377
633.991206	0.994096
634.336797	0.993066
634.682336	0.994487
635.027823	0.994138
635.373257	0.993847
635.718639	0.993964
636.063968	0.993221
636.409245	0.993464
636.754470	0.993903
637.099642	0.994291
637.444762	0.994400
637.789829	0.993875
638.134845	0.993228
638.479808	0.993651
638.824719	0.994226
639.169577	0.993785
639.514383	0.994025
639.859137	0.993988
640.203839	0.993809
640.548489	0.994076
640.893086	0.994007
641.237632	0.994118
641.582125	0.994349
641.926566	0.994317
642.270955	0.993943
642.615292	0.994142
642.959576	0.993657
643.303809	0.994218
643.647990	0.994028
643.992118	0.994139
644.336195	0.992916
644.680219	0.993687
645.024192	0.992992
645.368112	0.992954
645.711981	0.992839
646.055797	0.994408
646.399562	0.993348
646.743274	0.994687
647.086935	0.993142
647.430544	0.993441
647.774101	0.993414
648.117606	0.994085
648.461059	0.994182
648.804460	0.993541
649.147810	0.992922
649.491108	0.992861
649.834354	0.993576
650.177548	0.993220
650.520690	0.993166
650.863781	0.992829
651.206820	0.993651
651.549807	0.993822
651.892742	0.994690
652.235626	0.994254
652.578458	0.993365
652.921238	0.993961
653.263967	0.993397
653.606644	0.994015
653.949269	0.994904
654.291843	0.992827
654.634365	0.993783
654.976836	0.993425
655.319255	0.994782
655.661622	0.994492
656.003938	0.993271
656.346203	0.993974
656.688416	0.994495
657.030577	0.993350
657.372687	0.993306
657.714746	0.993486
658.056753	0.993447
658.398708	0.993333
658.740612	0.994637
659.082465	0.994189
659.424266	0.993869
659.766016	0.992778
660.107715	0.993889
660.449362	0.993690
660.790958	0.993796
661.132503	0.993882
661.473996	0.993255
661.815438	0.993982
662.156829	0.993845
662.498168	0.995099
662.839456	0.992568
663.180693	0.994086
663.521879	0.994047
663.863013	0.993888
664.204097	0.993266
664.545129	0.993705
664.886110	0.993993
665.227040	0.993264
665.567918	0.993251
665.908746	0.992875
666.249522	0.992809
666.590248	0.994347
666.930922	0.993373
667.271545	0.993520
667.612118	0.993920
667.952639	0.993054
668.293109	0.993382
668.633528	0.992808
668.973896	0.993010
669.314213	0.992851
669.654480	0.993147
669.994695	0.992794
670.334859	0.993483
670.674973	0.993804
671.015035	0.993372
671.355047	0.993793
671.695008	0.993461
672.034918	0.993486
672.374777	0.993493
672.714585	0.992820
673.054342	0.993741
673.394049	0.992833
673.733705	0.993435
674.073310	0.993186
674.412864	0.993141
674.752368	0.992828
675.091820	0.994256
675.431223	0.993326
675.770574	0.992188
676.109875	0.992981
676.449125	0.992772
676.788324	0.992764
677.127473	0.993913
677.466571	0.992803
677.805619	0.992450
678.144616	0.993650
678.483562	0.994095
678.822458	0.993703
679.161303	0.993034
679.500098	0.993171
679.838842	0.993541
680.177535	0.993250
680.516179	0.992072
680.854771	0.993257
681.193314	0.993287
681.531805	0.993310
681.870247	0.992640
682.208638	0.993161
682.546978	0.992983
682.885268	0.992837
683.223508	0.992655
683.561697	0.992704
683.899836	0.992949
684.237925	0.992481
684.575963	0.992587
684.913951	0.993922
685.251889	0.992656
685.589776	0.993084
685.927614	0.992347
686.265401	0.992619
686.603137	0.991995
686.940824	0.992046
687.278460	0.992980
687.616046	0.992633
687.953582	0.992452
688.291068	0.992831
688.628504	0.992631
688.965889	0.992010
689.303224	0.991312
689.640510	0.992457
689.977745	0.991648
690.314930	0.992052
690.652065	0.992336
690.989150	0.991981
691.326185	0.993194
691.663170	0.992514
692.000105	0.992676
692.336990	0.993599
692.673825	0.992291
693.010610	0.992850
693.347345	0.993212
693.684030	0.993172
694.020665	0.992832
694.357251	0.993282
694.693786	0.992513
695.030272	0.991631
695.366707	0.992979
695.703093	0.992563
696.039429	0.992639
696.375716	0.993759
696.711952	0.993154
697.048139	0.993001
697.384276	0.993207
697.720363	0.992365
698.056400	0.991417
698.392388	0.992371
698.728326	0.992798
699.064214	0.993899
699.400053	0.992551
699.735842	0.993953
700.071581	0.994168
700.407270	0.993348
700.742910	0.994059
701.078501	0.993449
701.414042	0.994504
701.749533	0.992769
702.084974	0.993283
702.420366	0.993282
702.755709	0.994014
703.091002	0.994361
703.426246	0.994784
703.761440	0.993108
704.096584	0.993518
704.431679	0.993491
704.766725	0.993587
705.101721	0.994477
705.436668	0.993884
705.771565	0.993715
706.106413	0.992221
706.441212	0.993567
706.775961	0.993387
707.110661	0.992948
707.445311	0.993429
707.779913	0.994344
708.114465	0.993706
708.448967	0.994201
708.783421	0.993671
709.117825	0.993652
709.452180	0.993518
709.786485	0.993642
710.120742	0.992623
710.454949	0.992128
710.789107	0.992848
711.123216	0.991578
711.457275	0.991959
711.791286	0.992917
712.125247	0.994160
712.459159	0.992752
712.793023	0.992187
713.126837	0.993703
713.460602	0.992029
713.794318	0.991614
714.127985	0.991425
714.461602	0.992470
714.795171	0.992383
715.128691	0.992680
715.462162	0.993752
715.795584	0.992287
716.128957	0.993655
716.462281	0.992472
716.795556	0.992981
717.128782	0.993949
717.461960	0.992435
717.795088	0.993247
718.128167	0.994235
718.461198	0.993499
718.794180	0.992982
719.127113	0.992926
719.459997	0.993349
719.792833	0.993571
720.125619	0.992662
720.458357	0.993315
720.791046	0.993712
721.123686	0.993415
721.456278	0.993286
721.788821	0.994039
722.121315	0.994319
722.453761	0.994540
722.786158	0.993433
723.118506	0.993459
723.450805	0.992436
723.783056	0.994454
724.115259	0.993286
724.447412	0.995186
724.779518	0.994170
725.111574	0.993348
725.443582	0.993954
725.775542	0.993927
726.107453	0.994258
726.439315	0.994446
726.771129	0.994019
727.102895	0.993054
727.434612	0.992971
727.766281	0.992658
728.097901	0.992249
728.429473	0.993611
728.760996	0.992019
729.092471	0.993146
729.423897	0.993371
729.755276	0.994108
730.086606	0.992362
730.417887	0.993484
730.749120	0.993506
731.080305	0.992816
731.411442	0.991880
731.742530	0.992062
732.073570	0.992363
732.404562	0.992823
732.735506	0.992341
733.066401	0.993079
733.397249	0.992615
733.728048	0.992875
734.058798	0.993113
734.389501	0.993518
734.720156	0.993125
735.050762	0.993794
735.381320	0.993447
735.711831	0.993160
736.042293	0.993493
736.372707	0.994549
736.703073	0.993107
737.033391	0.993802
737.363661	0.994220
737.693883	0.993305
738.024056	0.992773
738.354182	0.993379
738.684260	0.993695
739.014290	0.993157
739.344272	0.992985
739.674207	0.993273
740.004093	0.993637
740.333931	0.992374
740.663722	0.992097
740.993464	0.993340
741.323159	0.993284
741.652806	0.993190
741.982405	0.994272
742.311956	0.994538
742.641460	0.992910
742.970915	0.993229
743.300323	0.993187
743.629683	0.993634
743.958996	0.995102
744.288260	0.992949
744.617477	0.993742
744.946647	0.993813
745.275768	0.994491
745.604842	0.993994
745.933869	0.994492
746.262847	0.994694
746.591778	0.993454
746.920662	0.994801
747.249498	0.994809
747.578286	0.995494
747.907027	0.994520
748.235720	0.994342
748.564365	0.994746
748.892963	0.993528
749.221514	0.995049
749.550017	0.992644
749.878473	0.993461
750.206881	0.994858
750.535242	0.993252
750.863555	0.993400
751.191821	0.993802
751.520039	0.993212
751.848210	0.993366
752.176334	0.994095
752.504411	0.995005
752.832440	0.993392
753.160421	0.994630
753.488356	0.994234
753.816243	0.994643
754.144082	0.993964
754.471875	0.994925
754.799620	0.994439
755.127318	0.994024
755.454969	0.994124
755.782572	0.995309
756.110129	0.993401
756.437638	0.995681
756.765100	0.994276
757.092515	0.994299
757.419882	0.994428
757.747203	0.994212
758.074477	0.994486
758.401703	0.993779
758.728882	0.994106
759.056014	0.994157
759.383099	0.993646
759.710138	0.993581
760.037129	0.992851
760.364073	0.994034
760.690970	0.994255
761.017820	0.993552
761.344623	0.993829
761.671379	0.994760
761.998088	0.994045
762.324751	0.993042
762.651366	0.992768
762.977935	0.991155
763.304456	0.990498
763.630931	0.987530
763.957359	0.987722
764.283740	0.989324
764.610074	0.990867
764.936362	0.991183
765.262602	0.992161
765.588796	0.992172
765.914943	0.993911
766.241044	0.992362
766.567097	0.993750
766.893104	0.993930
767.219064	0.993338
767.544978	0.994426
767.870845	0.995162
768.196665	0.994934
768.522438	0.995320
768.848165	0.995282
769.173846	0.995605
769.499479	0.996989
769.825066	0.995628
770.150607	0.996085
770.476101	0.995608
770.801548	0.995884
771.126949	0.996981
771.452303	0.995438
771.777611	0.995469
772.102872	0.994738
772.428087	0.995153
772.753256	0.996423
773.078378	0.996093
773.403453	0.995277
773.728482	0.997187
774.053465	0.995342
774.378401	0.995790
774.703291	0.996276
775.028135	0.998043
775.352932	0.994639
775.677683	0.997534
776.002388	0.996150
776.327046	0.995024
776.651658	0.998357
776.976224	0.996688
777.300743	0.996166
777.625216	0.995679
777.949643	0.995997
778.274024	0.995835
778.598359	0.996017
778.922647	0.996267
779.246889	0.996068
779.571086	0.995835
779.895236	0.996418
780.219339	0.996842
780.543397	0.995473
780.867409	0.996274
781.191374	0.997553
781.515294	0.997600
781.839167	0.996639
782.162995	0.996620
782.486776	0.996153
782.810511	0.996910
783.134201	0.997457
783.457844	0.996659
783.781441	0.995923
784.104993	0.995272
784.428498	0.997073
784.751958	0.996926
785.075372	0.996920
785.398739	0.995951
785.722061	0.997254
786.045337	0.996238
786.368568	0.996198
786.691752	0.997168
787.014891	0.996223
787.337983	0.994804
787.661030	0.995658
787.984031	0.996181
788.306987	0.996022
788.629897	0.994240
788.952760	0.994849
789.275579	0.995628
789.598351	0.995501
789.921078	0.996458
790.243759	0.995616
790.566395	0.995450
790.888984	0.995966
791.211529	0.995663
791.534027	0.997115
791.856480	0.996583
792.178888	0.995697
792.501249	0.996135
792.823566	0.997399
793.145836	0.996149
793.468062	0.996780
793.790241	0.997827
794.112375	0.996486
794.434464	0.996426
794.756507	0.996466
795.078505	0.997555
795.400457	0.996247
795.722364	0.997377
796.044226	0.996741
796.366042	0.995092
796.687812	0.994756
797.009538	0.996049
797.331218	0.997539
797.652852	0.997253
797.974442	0.995846
798.295986	0.996231
798.617484	0.994857
798.938938	0.996596
799.260346	0.996256
799.581709	0.995976
799.903026	0.997236
800.224299	0.996603
800.545526	0.995786
800.866708	0.996575
801.187845	0.997068
801.508936	0.997411
801.829983	0.997571
802.150984	0.997505
802.471940	0.998068
802.792851	0.996728
803.113717	0.997504
803.434538	0.997846
803.755314	0.997893
804.076045	0.996971
804.396731	0.997263
804.717372	0.996001
805.037967	0.997594
805.358518	0.997550
805.679024	0.996309
805.999485	0.997338
806.319901	0.996607
806.640272	0.998590
806.960598	0.997985
807.280879	0.996345
807.601115	0.997356
807.921306	0.997179
808.241453	0.997005
808.561554	0.996407
808.881611	0.998598
809.201623	0.997257
809.521590	0.996486
809.841513	0.997580
810.161390	0.996095
810.481223	0.996572
810.801011	0.997710
811.120755	0.998394
811.440453	0.996280
811.760107	0.997057
812.079716	0.996855
812.399281	0.997326
812.718801	0.998044
813.038276	0.997420
813.357707	0.997889
813.677093	0.997986
813.996434	0.997468
814.315731	0.998324
814.634983	0.997409
814.954191	0.998244
815.273354	0.997518
815.592473	0.996783
815.911547	0.997063
816.230577	0.997066
816.549562	0.996880
816.868502	0.995024
817.187399	0.997023
817.506250	0.996825
817.825058	0.994645
818.143821	0.996721
818.462539	0.995383
818.781213	0.995718
819.099843	0.995951
819.418429	0.994498
819.736970	0.994591
820.055466	0.993412
820.373919	0.992692
820.692327	0.991853
821.010691	0.989899
821.329011	0.986062
821.647286	0.981896
821.965517	0.978129
822.283704	0.974991
822.601847	0.973278
822.919945	0.974152
823.237999	0.976900
823.556010	0.979046
823.873976	0.980563
824.191897	0.982699
824.509775	0.985036
824.827609	0.985936
825.145398	0.988123
825.463144	0.986296
825.780845	0.986120
826.098502	0.987865
826.416116	0.987051
826.733685	0.984353
827.051210	0.981771
827.368692	0.982498
827.686129	0.983930
828.003522	0.987289
828.320872	0.988030
828.638177	0.990311
828.955439	0.992845
829.272656	0.992430
829.589830	0.992705
829.906960	0.994741
830.224046	0.995643
830.541088	0.995305
830.858086	0.994314
831.175041	0.997063
831.491952	0.995398
831.808819	0.995647
832.125642	0.995916
832.442421	0.995764
832.759157	0.995270
833.075849	0.991783
833.392497	0.989745
833.709101	0.987659
834.025662	0.987798
834.342179	0.988406
834.658653	0.990816
834.975083	0.991271
835.291469	0.992053
835.607811	0.993919
835.924110	0.995111
836.240366	0.996628
836.556578	0.995928
836.872746	0.996139
837.188871	0.996078
837.504952	0.995780
837.820990	0.997473
838.136984	0.996137
838.452935	0.997068
838.768842	0.998319
839.084706	0.996713
839.400526	0.997025
839.716303	0.994432
840.032037	0.993052
840.347727	0.992956
840.663373	0.994657
840.978977	0.995648
841.294537	0.996375
841.610054	0.997231
841.925527	0.997382
842.240957	0.997550
842.556344	0.997480
842.871687	0.997450
843.186987	0.998052
843.502244	0.999144
843.817458	0.997941
844.132629	0.997866
844.447756	0.998561
844.762840	0.998629
845.077881	0.998607
845.392879	0.996596
845.707833	0.999192
846.022745	0.997824
846.337613	0.998946
846.652438	0.997384
846.967221	0.999156
847.281960	0.999441
847.596656	0.999444
847.911309	0.998896
848.225919	0.999240
848.540485	0.998943
848.855009	1.000070
849.169490	0.999740
849.483928	0.999017
849.798323	0.999027
850.112675	1.000743
850.426984	0.999475
850.741251	0.999233
851.055474	0.999361
851.369654	1.000696
851.683792	0.998990
851.997887	0.999085
852.311938	0.999730
852.625947	0.998491
852.939914	0.998453
853.253837	0.999977
853.567718	0.999628
853.881555	0.999911
854.195350	0.999893
854.509103	0.999729
854.822812	1.000658
855.136479	0.998620
855.450103	0.999565
855.763685	0.999473
856.077224	0.999215
856.390720	0.999276
856.704173	1.000062
857.017584	1.000669
857.330953	1.000195
857.644278	0.999844
857.957561	0.999361
858.270802	0.999851
858.584000	0.999070
858.897155	0.998265
859.210268	0.999964
859.523339	0.999565
859.836367	0.999015
860.149352	0.998147
860.462295	0.999247
860.775195	0.999783
861.088054	0.998118
861.400869	0.999359
861.713642	0.998332
862.026373	0.999933
862.339062	0.999451
862.651708	0.999093
862.964312	0.998867
863.276873	0.999770
863.589392	0.998601
863.901869	0.998152
864.214303	0.998274
864.526696	0.998375
864.839045	0.999232
865.151353	0.999013
865.463619	0.997952
865.775842	0.998676
866.088023	0.999546
866.400162	0.999436
866.712258	1.000742
867.024313	0.998953
867.336325	1.000292
867.648296	0.999551
867.960224	0.998695
868.272110	1.000083
868.583954	0.999968
868.895755	1.000460
869.207515	0.998571
869.519233	0.999023
869.830909	0.998672
870.142542	0.997228
870.454134	0.997801
870.765684	0.999351
871.077191	0.998807
871.388657	0.998353
871.700081	0.999710
872.011463	0.999495
872.322803	0.999360
872.634101	0.997740
872.945357	0.997989
873.256571	0.997066
873.567744	0.998388
873.878874	0.998412
874.189963	0.997718
874.501010	0.999216
874.812015	0.998859
875.122979	0.997310
875.433900	0.997944
875.744780	0.997884
876.055618	0.997393
876.366415	0.997499
876.677169	0.996912
876.987882	0.997458
877.298554	0.999211
877.609183	0.997532
877.919771	0.998605
878.230317	0.998624
878.540822	0.996841
878.851285	0.995977
879.161707	0.996230
879.472087	0.997573
879.782425	0.992521
880.092722	0.991365
880.402977	0.987933
880.713191	0.984478
881.023363	0.980016
881.333494	0.976893
881.643583	0.976741
881.953631	0.976339
882.263637	0.976865
882.573602	0.978404
882.883526	0.979973
883.193408	0.983949
883.503248	0.984428
883.813048	0.985376
884.122806	0.987911
884.432522	0.989284
884.742197	0.991805
885.051831	0.992035
885.361424	0.992550
885.670975	0.993235
885.980485	0.994561
886.289954	0.994466
886.599382	0.994683
886.908768	0.995623
887.218113	0.996136
887.527417	0.996031
887.836680	0.996521
888.145901	0.997966
888.455082	0.998192
888.764221	0.997471
889.073319	0.996457
889.382376	0.998113
889.691392	0.997183
890.000366	0.997207
890.309300	0.997794
890.618193	0.997393
890.927044	0.997805
891.235855	0.996894
891.544625	0.997594
891.853353	0.997921
892.162041	0.997688
892.470687	0.998855
892.779293	0.995330
893.087858	0.995480
893.396381	0.995534
893.704864	0.993596
894.013306	0.993063
894.321707	0.990705
894.630068	0.988814
894.938387	0.988923
895.246665	0.988352
895.554903	0.988629
895.863100	0.991399
896.171256	0.992014
896.479371	0.992465
896.787446	0.992543
897.095480	0.994788
897.403473	0.996812
897.711425	0.995250
898.019336	0.995799
898.327207	0.996158
898.635038	0.996154
898.942827	0.997439
899.250576	0.996763
899.558284	0.997928
899.865952	0.996101
900.173579	0.996916
900.481165	0.996746
900.788711	0.997120
901.096216	0.997734
901.403681	0.998548
901.711105	0.997969
902.018489	0.998166
902.325832	0.997493
902.633135	0.998038
902.940397	0.997992
903.247619	0.996358
903.554800	0.994084
903.861941	0.992081
904.169041	0.987192
904.476101	0.985147
904.783121	0.986022
905.090100	0.987607
905.397039	0.987807
905.703938	0.990812
906.010796	0.991724
906.317614	0.994696
906.624391	0.994907
906.931129	0.997133
907.237826	0.996331
907.544483	0.996836
907.851099	0.996996
908.157675	0.998220
908.464211	0.998265
908.770707	0.998527
909.077163	0.998365
909.383578	0.999067
909.689954	0.999629
909.996289	0.998876
910.302584	1.000661
910.608839	1.000592
910.915054	0.998529
911.221229	0.999231
911.527363	0.997837
911.833458	0.998793
912.139513	0.998738
912.445527	0.998083
912.751502	0.998136
913.057436	0.997028
913.363331	0.999687
913.669186	0.999034
913.975000	0.996579
914.280775	0.996946
914.586510	0.995409
914.892205	0.993834
915.197859	0.993318
915.503475	0.991512
915.809050	0.988575
916.114585	0.986044
916.420081	0.985771
916.725536	0.986590
917.030952	0.988106
917.336328	0.988862
917.641665	0.988981
917.946961	0.990039
918.252218	0.991527
918.557435	0.992095
918.862612	0.994371
919.167750	0.995877
919.472848	0.997114
919.777906	0.995915
920.082925	0.997032
920.387904	0.997178
920.692843	0.996638
920.997743	0.997468
921.302603	0.998097
921.607423	0.997176
921.912204	0.999495
922.216946	0.998900
922.521647	0.998613
922.826310	0.997814
923.130932	0.998828
923.435516	0.998591
923.740059	0.997516
924.044564	0.999566
924.349028	0.998475
924.653454	0.999879
924.957840	1.000687
925.262186	0.999040
925.566493	0.999027
925.870761	0.998822
926.174989	0.999795
926.479178	0.999805
926.783328	1.000591
927.087438	1.000482
927.391509	0.999355
927.695541	1.000892
927.999533	1.000069
928.303486	0.999222
928.607400	0.999689
928.911275	1.000633
929.215110	1.000499
929.518906	1.000469
929.822663	1.001613
930.126381	1.001356
930.430060	0.999541
930.733699	0.999741
931.037299	1.001221
931.340861	1.000540
931.644383	0.999014
931.947866	1.000662
932.251309	1.001103
932.554714	1.000170
932.858080	0.999817
933.161407	1.000170
933.464694	1.000320
933.767943	0.999829
934.071153	1.000197
934.374323	1.001279
934.677455	0.999473
934.980548	1.000523
935.283602	0.999707
935.586617	0.999816
935.889593	1.001247
936.192530	1.000150
936.495428	1.000020
936.798287	0.999767
937.101108	1.000251
937.403890	0.999639
937.706632	1.001369
938.009336	0.999259
938.312002	0.998497
938.614628	0.998650
938.917216	0.999115
939.219765	0.998993
939.522275	0.999799
939.824747	0.999591
940.127179	0.999302
940.429573	1.000009
940.731929	0.999189
941.034246	0.997953
941.336524	0.999011
941.638763	1.000198
941.940964	0.998253
942.243126	0.999308
942.545250	1.000185
942.847335	0.999633
943.149381	1.000656
943.451389	0.998668
943.753359	0.999288
944.055290	1.000468
944.357182	1.000814
944.659036	0.999305
944.960851	0.999562
945.262628	0.999896
945.564367	1.000874
945.866067	0.999207
946.167729	1.000588
946.469352	1.000616
946.770937	0.999032
947.072484	1.001052
947.373992	1.000561
947.675462	1.000078
947.976893	0.998419
948.278286	1.000667
948.579641	1.000744
948.880958	1.000479
949.182236	1.000819
949.483476	1.001265
949.784678	1.000105
950.085841	0.999613
950.386967	0.999523
950.688054	0.999806
950.989103	0.998607
951.290114	0.999381
951.591087	0.999735
951.892021	0.998951
952.192917	0.998964
952.493776	1.000608
952.794596	0.999540
953.095378	0.999951
953.396122	0.999678
953.696828	0.999986
953.997496	0.999967
954.298126	0.999843
954.598718	0.999590
954.899272	0.999955
955.199788	0.999130
955.500266	1.001189
955.800706	0.998702
956.101108	0.999285
956.401472	1.002142
956.701798	1.001141
957.002087	1.000213
957.302337	0.999567
957.602550	1.000370
957.902724	0.999758
958.202861	1.000725
958.502960	0.999642
958.803022	1.001671
959.103045	1.000149
959.403031	1.001856
959.702979	1.001626
960.002889	1.000700
960.302762	1.000005
960.602596	1.000878
960.902393	1.000407
961.202153	1.000683
961.501875	1.001263
961.801559	1.000450
962.101205	1.000344
962.400814	1.001116
962.700385	1.001653
962.999918	1.001335
963.299414	1.000448
963.598873	1.001579
963.898293	1.000232
964.197677	1.000889
964.497022	1.000835
964.796331	1.000541
965.095601	1.001596
965.394835	1.000385
965.694030	1.001128
965.993189	0.999699
966.292309	1.001843
966.591393	0.999593
966.890439	1.001798
967.189447	1.000487
967.488419	1.001258
967.787353	1.000641
968.086249	1.001648
968.385108	1.000869
968.683930	1.001922
968.982714	0.999562
969.281462	1.000416
969.580172	1.000986
969.878844	1.001847
970.177480	1.001620
970.476078	1.002007
970.774639	1.002542
971.073162	1.001916
971.371649	1.001007
971.670098	1.000574
971.968510	1.001524
972.266885	1.000285
972.565223	1.000810
972.863524	1.000028
973.161788	1.001098
973.460014	1.002087
973.758204	1.000528
974.056356	1.000896
974.354471	1.000689
974.652550	1.001266
974.950591	0.999572
975.248595	1.000302
975.546563	1.002396
975.844493	1.002568
976.142386	1.000129
976.440243	1.000550
976.738062	1.001053
977.035845	1.000217
977.333590	1.001711
977.631299	1.000508
977.928971	1.000774
978.226606	1.000477
978.524204	1.000607
978.821765	1.001400
979.119290	1.001491
979.416777	1.000579
979.714228	1.001038
980.011642	1.000314
980.309020	1.001100
980.606360	1.000215
980.903664	0.999253
981.200931	1.001350
981.498162	1.000912
981.795356	1.000022
982.092513	0.999722
982.389633	1.001430
982.686717	0.998803
982.983764	1.000844
983.280775	1.000170
983.577749	1.001628
983.874686	0.999129
984.171587	1.000017
984.468451	0.998975
984.765279	1.001762
985.062070	1.001202
985.358824	1.000231
985.655543	1.000948
985.952224	1.001810
986.248869	1.000055
986.545478	1.000715
986.842050	1.000313
987.138586	0.999701
987.435086	1.000917
987.731549	1.002681
988.027975	1.002909
988.324366	1.000026
988.620719	1.003218
988.917037	1.001990
989.213318	1.001937
989.509563	1.001543
989.805772	1.001880
990.101944	1.001931
990.398080	1.002229
990.694180	1.001905
990.990244	1.001861
991.286271	1.001263
991.582262	1.002183
991.878217	0.999828
992.174136	1.001766
992.470019	1.000673
992.765865	1.002562
993.061676	1.001660
993.357450	1.001030
993.653188	1.000958
993.948890	1.000323
994.244556	1.000244
994.540186	1.000889
994.835780	1.000694
995.131337	1.001927
995.426859	1.000331
995.722345	1.001350
996.017795	1.000721
996.313208	1.000905
996.608586	1.000947
996.903928	1.001477
997.199234	1.001109
997.494504	1.000791
997.789738	1.000106
998.084936	1.001040
998.380099	1.000495
998.675225	1.002092
998.970316	1.001595
999.265371	1.000566
999.560390	1.001080
999.855373	1.000387
1000.150320	1.001411
1000.445232	1.001315
1000.740108	1.001768
1001.034948	1.000861
1001.329752	1.001920
1001.624521	1.000802
1001.919254	1.000001
1002.213951	1.001357
1002.508613	1.000641
1002.803239	1.000281
1003.097829	1.001859
1003.392384	1.001506
1003.686903	1.002140
1003.981386	1.001362
1004.275834	1.002757
1004.570246	1.000734
1004.864623	1.003023
1005.158964	1.001247
1005.453270	1.002000
1005.747540	0.999878
1006.041775	1.001866
1006.335974	1.001209
1006.630138	1.001844
1006.924266	0.999295
1007.218359	1.000417
1007.512416	1.001975
1007.806438	1.000235
1008.100425	1.001227
1008.394376	1.001847
1008.688292	1.000061
1008.982172	1.000797
1009.276017	1.001507
1009.569827	1.001518
1009.863602	1.000133
1010.157341	1.001725
1010.451045	1.001450
1010.744714	1.003077
1011.038347	1.001922
1011.331945	1.000254
1011.625508	1.000810
1011.919036	1.001678
1012.212528	1.003070
1012.505986	1.000973
1012.799408	1.001693
1013.092795	1.000973
1013.386147	1.000126
1013.679464	1.002063
1013.972745	1.001202
1014.265992	1.002322
1014.559204	1.000610
1014.852380	1.001839
1015.145521	1.001569
1015.438628	1.000802
1015.731699	1.001083
1016.024736	1.002173
1016.317737	1.001097
1016.610703	1.001901
1016.903635	1.000242
1017.196531	1.000911
1017.489393	0.999928
1017.782219	1.002002
1018.075011	1.001485
1018.367768	1.000683
1018.660490	1.001728
1018.953177	1.001728
1019.245829	1.001728
