Dividing Wavelength (nm)	Counts (n)	Blue Motor Position (mm): 19.100000	Red Motor Position (mm): 0.000000	
326.493990	1.001355
326.888308	1.001355
327.282561	1.001355
327.676750	1.001390
328.070874	1.002175
328.464933	1.002040
328.858929	1.002167
329.252859	1.002604
329.646726	1.000989
330.040528	1.001331
330.434265	1.002346
330.827938	1.001714
331.221547	1.002078
331.615091	1.002540
332.008571	1.003216
332.401986	1.001728
332.795338	1.001416
333.188625	1.002805
333.581847	1.002002
333.975006	1.002630
334.368100	1.001985
334.761129	1.001994
335.154095	1.002095
335.546996	1.000511
335.939833	0.998123
336.332606	0.999514
336.725315	0.997709
337.117960	0.999944
337.510540	0.998055
337.903056	0.999821
338.295508	1.001405
338.687896	1.000146
339.080220	0.999942
339.472480	0.998275
339.864676	0.999792
340.256807	0.998241
340.648875	0.998278
341.040879	0.998678
341.432818	1.000071
341.824694	0.999099
342.216506	0.999569
342.608253	0.998970
342.999937	0.999042
343.391557	0.999047
343.783113	0.999726
344.174605	1.000268
344.566033	0.998346
344.957397	0.999618
345.348697	0.999241
345.739934	0.999362
346.131106	0.998073
346.522215	0.998467
346.913260	0.998697
347.304241	0.997947
347.695159	0.999324
348.086012	0.998005
348.476802	0.998068
348.867528	0.999127
349.258191	0.998767
349.648789	0.998398
350.039324	0.998852
350.429796	0.998312
350.820203	0.996565
351.210548	0.998386
351.600828	0.998864
351.991045	0.997267
352.381198	0.998419
352.771288	0.998012
353.161314	0.998343
353.551276	0.998588
353.941175	0.996446
354.331010	0.997996
354.720782	0.997931
355.110490	0.998767
355.500135	0.998404
355.889717	0.997193
356.279235	0.997390
356.668689	0.998607
357.058080	0.999406
357.447408	0.997085
357.836672	0.997944
358.225873	0.997243
358.615010	0.998192
359.004084	0.997045
359.393095	0.998013
359.782043	0.997515
360.170927	0.998281
360.559748	0.997041
360.948505	0.996939
361.337199	0.997248
361.725830	0.997223
362.114398	0.997735
362.502903	0.995479
362.891344	0.996003
363.279722	0.995975
363.668037	0.996813
364.056289	0.996422
364.444478	0.998037
364.832603	0.997230
365.220665	0.997102
365.608665	0.996229
365.996601	0.996834
366.384474	0.995204
366.772284	0.996756
367.160031	0.994443
367.547715	0.995366
367.935336	0.993997
368.322893	0.992963
368.710388	0.992713
369.097820	0.990929
369.485189	0.988461
369.872495	0.986917
370.259738	0.984837
370.646918	0.981085
371.034035	0.979209
371.421090	0.975881
371.808081	0.971374
372.195010	0.969290
372.581875	0.963119
372.968678	0.958929
373.355418	0.955495
373.742096	0.949183
374.128710	0.944332
374.515262	0.938759
374.901751	0.934270
375.288177	0.929006
375.674540	0.923064
376.060841	0.915767
376.447079	0.908554
376.833254	0.902283
377.219367	0.898461
377.605417	0.886010
377.991404	0.883272
378.377329	0.876444
378.763191	0.870205
379.148991	0.861381
379.534727	0.853617
379.920402	0.846468
380.306013	0.841531
380.691563	0.829015
381.077049	0.822709
381.462474	0.818930
381.847835	0.806925
382.233134	0.802656
382.618371	0.802953
383.003545	0.783970
383.388657	0.782966
383.773706	0.775707
384.158693	0.771133
384.543618	0.765962
384.928480	0.756985
385.313280	0.747032
385.698017	0.747606
386.082692	0.735971
386.467305	0.734276
386.851856	0.728437
387.236344	0.722991
387.620770	0.717144
388.005133	0.711920
388.389435	0.706217
388.773674	0.704230
389.157851	0.695164
389.541965	0.693346
389.926018	0.699605
390.310008	0.686956
390.693936	0.683606
391.077802	0.675805
391.461606	0.676763
391.845348	0.666683
392.229027	0.666061
392.612645	0.663706
392.996200	0.651217
393.379694	0.644623
393.763125	0.634488
394.146494	0.639109
394.529801	0.630568
394.913047	0.621822
395.296230	0.627277
395.679351	0.618449
396.062410	0.615554
396.445408	0.618424
396.828343	0.614429
397.211217	0.609203
397.594028	0.620876
397.976778	0.611352
398.359466	0.607389
398.742092	0.603200
399.124656	0.614237
399.507158	0.602452
399.889598	0.600831
400.271977	0.591478
400.654294	0.595445
401.036549	0.594213
401.418742	0.599202
401.800874	0.584741
402.182944	0.581137
402.564952	0.572683
402.946898	0.574464
403.328783	0.576013
403.710606	0.586822
404.092367	0.562261
404.474067	0.567396
404.855705	0.566041
405.237282	0.574603
405.618797	0.560419
406.000250	0.556651
406.381642	0.546495
406.762972	0.552344
407.144240	0.551229
407.525447	0.550046
407.906593	0.543115
408.287677	0.538219
408.668700	0.547244
409.049661	0.541264
409.430560	0.536827
409.811399	0.544194
410.192176	0.526615
410.572891	0.533733
410.953545	0.521600
411.334138	0.535342
411.714669	0.527897
412.095139	0.539686
412.475547	0.523831
412.855894	0.526342
413.236180	0.525199
413.616405	0.530434
413.996568	0.520770
414.376670	0.526763
414.756711	0.531594
415.136691	0.528513
415.516609	0.520020
415.896466	0.516674
416.276262	0.512409
416.655997	0.514039
417.035670	0.495691
417.415283	0.487116
417.794834	0.491867
418.174324	0.497346
418.553753	0.506219
418.933121	0.488519
419.312428	0.482679
419.691674	0.488357
420.070859	0.476322
420.449983	0.485105
420.829045	0.473619
421.208047	0.482863
421.586988	0.476155
421.965867	0.474367
422.344686	0.463451
422.723444	0.475934
423.102141	0.493105
423.480777	0.465445
423.859352	0.487238
424.237866	0.463711
424.616319	0.464842
424.994712	0.455409
425.373044	0.465537
425.751314	0.454086
426.129524	0.470398
426.507673	0.454083
426.885762	0.447438
427.263789	0.453202
427.641756	0.462737
428.019662	0.453008
428.397508	0.452182
428.775292	0.456518
429.153016	0.448235
429.530679	0.454551
429.908282	0.448151
430.285824	0.458043
430.663305	0.436647
431.040726	0.457769
431.418086	0.457412
431.795385	0.449424
432.172624	0.448191
432.549802	0.448502
432.926920	0.447382
433.303977	0.447088
433.680974	0.444354
434.057910	0.442877
434.434786	0.442236
434.811601	0.444989
435.188355	0.427293
435.565050	0.436677
435.941683	0.437976
436.318257	0.421373
436.694770	0.423208
437.071222	0.420614
437.447614	0.425190
437.823946	0.431671
438.200218	0.420801
438.576429	0.430339
438.952580	0.423716
439.328670	0.420551
439.704700	0.426644
440.080670	0.427873
440.456580	0.409359
440.832429	0.417413
441.208218	0.428349
441.583947	0.417466
441.959616	0.416565
442.335224	0.422760
442.710773	0.413040
443.086261	0.411038
443.461689	0.425008
443.837057	0.414613
444.212365	0.404552
444.587612	0.412077
444.962800	0.401735
445.337927	0.403662
445.712995	0.429291
446.088002	0.391138
446.462949	0.401436
446.837837	0.406554
447.212664	0.395426
447.587431	0.387015
447.962139	0.357396
448.336786	0.316091
448.711374	0.326517
449.085901	0.370784
449.460369	0.374950
449.834776	0.378654
450.209124	0.358172
450.583412	0.350817
450.957640	0.343939
451.331808	0.355462
451.705917	0.378533
452.079965	0.383140
452.453954	0.371462
452.827883	0.378197
453.201752	0.373143
453.575562	0.384157
453.949311	0.372870
454.323001	0.379541
454.696632	0.375107
455.070202	0.367376
455.443713	0.359239
455.817164	0.353655
456.190556	0.349473
456.563888	0.346744
456.937160	0.344111
457.310373	0.361581
457.683526	0.360123
458.056619	0.366132
458.429653	0.366445
458.802628	0.370238
459.175542	0.364444
459.548398	0.346775
459.921194	0.339349
460.293930	0.339720
460.666607	0.317185
461.039224	0.305141
461.411782	0.300986
461.784280	0.300071
462.156719	0.304208
462.529099	0.309172
462.901419	0.324679
463.273680	0.328751
463.645882	0.328773
464.018024	0.334563
464.390106	0.327168
464.762130	0.312083
465.134094	0.294697
465.505999	0.263808
465.877845	0.234233
466.249631	0.220873
466.621358	0.228507
466.993026	0.242625
467.364634	0.248897
467.736184	0.257543
468.107674	0.266379
468.479105	0.265255
468.850477	0.272505
469.221790	0.279080
469.593043	0.289215
469.964238	0.293820
470.335373	0.293921
470.706449	0.291603
471.077467	0.292465
471.448425	0.254348
471.819324	0.229966
472.190164	0.229206
472.560945	0.258450
472.931667	0.280411
473.302330	0.284767
473.672934	0.296539
474.043479	0.284717
474.413965	0.286811
474.784393	0.290270
475.154761	0.284761
475.525070	0.282337
475.895321	0.288014
476.265513	0.282077
476.635645	0.277749
477.005719	0.277583
477.375734	0.273942
477.745691	0.267391
478.115588	0.263691
478.485427	0.257119
478.855207	0.244103
479.224928	0.226395
479.594591	0.214512
479.964194	0.218075
480.333739	0.219101
480.703226	0.220740
481.072653	0.219236
481.442022	0.214898
481.811333	0.211549
482.180584	0.215031
482.549777	0.220321
482.918912	0.223922
483.287988	0.223596
483.657005	0.223267
484.025964	0.229449
484.394864	0.226936
484.763706	0.227529
485.132489	0.232545
485.501213	0.233319
485.869879	0.231895
486.238487	0.234836
486.607036	0.233059
486.975527	0.237514
487.343959	0.233373
487.712333	0.232699
488.080648	0.233965
488.448905	0.233514
488.817104	0.234382
489.185244	0.228907
489.553326	0.225643
489.921350	0.216046
490.289315	0.198196
490.657222	0.193057
491.025070	0.194461
491.392861	0.196784
491.760593	0.202409
492.128267	0.208479
492.495883	0.213837
492.863440	0.220291
493.230939	0.226931
493.598380	0.228435
493.965763	0.230727
494.333088	0.232929
494.700354	0.234529
495.067563	0.233680
495.434713	0.237298
495.801805	0.235069
496.168839	0.236676
496.535815	0.238748
496.902733	0.238998
497.269593	0.240450
497.636395	0.238243
498.003139	0.239175
498.369825	0.242534
498.736453	0.239277
499.103023	0.241216
499.469535	0.241079
499.835989	0.241645
500.202385	0.242685
500.568723	0.246436
500.935003	0.241945
501.301226	0.246966
501.667390	0.241604
502.033497	0.240455
502.399546	0.243565
502.765537	0.246210
503.131470	0.245429
503.497345	0.242433
503.863163	0.251305
504.228923	0.244998
504.594625	0.244646
504.960269	0.250850
505.325856	0.247178
505.691385	0.252364
506.056856	0.249754
506.422270	0.250385
506.787625	0.253534
507.152924	0.252033
507.518164	0.253101
507.883347	0.256166
508.248472	0.258959
508.613540	0.255075
508.978550	0.258822
509.343503	0.260392
509.708398	0.259550
510.073236	0.258337
510.438016	0.259423
510.802738	0.261935
511.167403	0.262288
511.532010	0.266473
511.896561	0.262929
512.261053	0.263434
512.625488	0.267301
512.989866	0.269151
513.354186	0.271401
513.718449	0.275274
514.082655	0.273413
514.446803	0.277857
514.810894	0.277429
515.174927	0.282550
515.538904	0.283766
515.902822	0.283104
516.266684	0.287477
516.630488	0.291467
516.994235	0.292531
517.357925	0.294398
517.721558	0.295064
518.085133	0.297321
518.448651	0.299704
518.812112	0.304884
519.175516	0.307251
519.538863	0.308271
519.902152	0.312277
520.265385	0.312811
520.628560	0.316776
520.991678	0.321302
521.354739	0.322719
521.717743	0.327202
522.080690	0.330157
522.443580	0.332404
522.806413	0.336287
523.169189	0.339267
523.531908	0.341503
523.894569	0.348447
524.257174	0.352125
524.619722	0.353732
524.982213	0.357431
525.344647	0.361665
525.707025	0.365594
526.069345	0.368062
526.431608	0.374452
526.793815	0.376488
527.155964	0.384668
527.518057	0.386798
527.880093	0.391841
528.242072	0.394577
528.603995	0.401232
528.965860	0.406458
529.327669	0.410367
529.689421	0.415212
530.051117	0.420082
530.412755	0.424281
530.774337	0.429309
531.135862	0.435680
531.497331	0.438248
531.858743	0.446158
532.220098	0.448002
532.581396	0.454842
532.942638	0.459480
533.303824	0.464915
533.664953	0.470394
534.026025	0.476532
534.387040	0.479902
534.747999	0.483986
535.108902	0.488502
535.469748	0.496963
535.830537	0.500561
536.191270	0.505365
536.551947	0.510521
536.912567	0.515078
537.273131	0.521245
537.633638	0.525780
537.994089	0.531894
538.354483	0.537278
538.714821	0.540040
539.075103	0.544903
539.435328	0.550828
539.795497	0.557552
540.155609	0.561477
540.515665	0.564738
540.875665	0.573660
541.235609	0.578257
541.595496	0.582634
541.955328	0.586545
542.315102	0.592849
542.674821	0.598434
543.034483	0.603487
543.394090	0.608337
543.753640	0.614830
544.113134	0.617193
544.472571	0.624231
544.831953	0.628036
545.191278	0.635254
545.550548	0.638632
545.909761	0.642326
546.268918	0.648564
546.628019	0.652074
546.987064	0.658815
547.346053	0.663374
547.704986	0.668140
548.063863	0.673232
548.422684	0.677352
548.781449	0.684240
549.140158	0.688028
549.498811	0.693831
549.857408	0.698317
550.215949	0.702652
550.574434	0.707957
550.932864	0.713529
551.291237	0.715978
551.649555	0.723643
552.007817	0.727091
552.366022	0.731218
552.724173	0.736093
553.082267	0.739831
553.440305	0.744732
553.798288	0.748924
554.156215	0.753325
554.514086	0.758088
554.871902	0.762673
555.229661	0.766900
555.587365	0.771204
555.945014	0.776413
556.302606	0.780094
556.660143	0.784223
557.017625	0.788743
557.375050	0.791895
557.732421	0.795223
558.089735	0.800021
558.446994	0.803375
558.804197	0.808075
559.161345	0.811441
559.518437	0.815267
559.875474	0.819841
560.232455	0.823211
560.589381	0.826411
560.946251	0.830808
561.303065	0.832278
561.659825	0.836575
562.016528	0.840771
562.373177	0.844172
562.729770	0.847895
563.086307	0.850563
563.442789	0.853603
563.799216	0.857926
564.155587	0.861123
564.511904	0.864606
564.868164	0.867084
565.224370	0.869883
565.580520	0.874812
565.936615	0.876159
566.292654	0.880780
566.648638	0.882535
567.004567	0.885539
567.360441	0.888530
567.716260	0.891339
568.072023	0.892819
568.427732	0.896523
568.783385	0.897718
569.138982	0.901535
569.494525	0.903725
569.850013	0.906460
570.205445	0.908649
570.560823	0.910496
570.916145	0.913677
571.271412	0.915219
571.626625	0.917931
571.981782	0.919442
572.336884	0.922544
572.691931	0.923729
573.046923	0.926840
573.401860	0.927383
573.756743	0.930764
574.111570	0.932023
574.466342	0.934496
574.821059	0.935628
575.175722	0.937804
575.530330	0.939943
575.884882	0.940646
576.239380	0.942917
576.593823	0.944510
576.948211	0.946010
577.302544	0.947118
577.656823	0.949189
578.011047	0.950104
578.365216	0.952505
578.719330	0.953488
579.073389	0.954003
579.427394	0.955668
579.781344	0.956860
580.135239	0.957577
580.489080	0.958828
580.842866	0.960363
581.196597	0.961334
581.550273	0.961945
581.903895	0.963545
582.257463	0.963902
582.610975	0.965238
582.964434	0.966834
583.317837	0.968200
583.671186	0.968451
584.024481	0.968734
584.377721	0.969277
584.730906	0.971409
585.084037	0.971940
585.437113	0.972639
585.790135	0.973796
586.143103	0.974322
586.496016	0.975384
586.848874	0.975244
587.201679	0.975899
587.554428	0.975938
587.907124	0.977476
588.259765	0.978292
588.612352	0.979075
588.964884	0.979166
589.317362	0.979325
589.669786	0.979895
590.022155	0.979868
590.374470	0.980957
590.726731	0.980771
591.078937	0.981994
591.431090	0.982713
591.783188	0.983205
592.135232	0.983894
592.487222	0.983889
592.839157	0.983351
593.191038	0.984272
593.542866	0.984524
593.894639	0.984417
594.246358	0.985694
594.598022	0.985236
594.949633	0.986064
595.301190	0.986402
595.652692	0.986105
596.004141	0.986873
596.355535	0.986800
596.706876	0.988050
597.058162	0.987807
597.409395	0.987524
597.760573	0.987889
598.111698	0.988417
598.462768	0.987312
598.813785	0.988037
599.164748	0.989034
599.515657	0.989193
599.866511	0.989665
600.217312	0.990059
600.568060	0.988801
600.918753	0.990057
601.269392	0.989929
601.619978	0.990237
601.970510	0.990113
602.320988	0.990032
602.671412	0.990605
603.021783	0.990361
603.372100	0.991209
603.722363	0.990881
604.072572	0.990535
604.422728	0.990921
604.772830	0.990395
605.122878	0.991384
605.472872	0.991591
605.822813	0.990174
606.172701	0.991286
606.522534	0.991454
606.872314	0.991945
607.222041	0.991289
607.571714	0.991863
607.921333	0.991844
608.270899	0.991876
608.620411	0.991727
608.969870	0.992340
609.319276	0.992137
609.668627	0.992208
610.017926	0.991744
610.367171	0.992020
610.716362	0.991790
611.065500	0.991722
611.414585	0.992176
611.763616	0.991779
612.112594	0.991824
612.461518	0.991079
612.810389	0.992104
613.159207	0.992270
613.507971	0.991267
613.856682	0.993080
614.205340	0.991397
614.553945	0.992593
614.902496	0.991844
615.250994	0.992414
615.599439	0.992355
615.947830	0.992642
616.296169	0.992527
616.644454	0.992711
616.992686	0.992377
617.340864	0.992666
617.688990	0.992044
618.037063	0.992442
618.385082	0.992636
618.733048	0.992271
619.080961	0.992265
619.428821	0.993143
619.776628	0.992515
620.124382	0.993650
620.472083	0.992052
620.819731	0.993475
621.167326	0.993860
621.514868	0.993040
621.862357	0.993377
622.209793	0.992980
622.557176	0.993152
622.904506	0.992959
623.251783	0.993646
623.599007	0.993734
623.946179	0.992881
624.293297	0.993103
624.640363	0.993153
624.987376	0.992486
625.334336	0.993283
625.681243	0.993491
626.028097	0.993696
626.374899	0.993650
626.721647	0.993425
627.068343	0.993730
627.414987	0.993458
627.761577	0.992906
628.108115	0.992770
628.454600	0.993810
628.801032	0.993281
629.147412	0.993643
629.493739	0.994496
629.840014	0.993421
630.186236	0.992893
630.532405	0.993136
630.878521	0.993109
631.224585	0.993152
631.570597	0.992452
631.916556	0.993782
632.262462	0.992113
632.608316	0.994193
632.954117	0.992620
633.299866	0.992775
633.645562	0.993428
633.991206	0.993948
634.336797	0.992729
634.682336	0.994800
635.027823	0.993133
635.373257	0.993453
635.718639	0.994233
636.063968	0.993374
636.409245	0.993884
636.754470	0.994011
637.099642	0.993054
637.444762	0.993880
637.789829	0.992862
638.134845	0.993617
638.479808	0.994160
638.824719	0.993768
639.169577	0.994091
639.514383	0.993975
639.859137	0.994132
640.203839	0.993407
640.548489	0.993690
640.893086	0.993281
641.237632	0.994340
641.582125	0.993412
641.926566	0.994352
642.270955	0.993250
642.615292	0.993620
642.959576	0.993892
643.303809	0.994041
643.647990	0.994282
643.992118	0.993967
644.336195	0.993637
644.680219	0.993910
645.024192	0.994066
645.368112	0.992293
645.711981	0.992960
646.055797	0.993693
646.399562	0.992919
646.743274	0.994849
647.086935	0.992984
647.430544	0.993491
647.774101	0.993309
648.117606	0.993809
648.461059	0.993893
648.804460	0.993794
649.147810	0.993517
649.491108	0.993183
649.834354	0.993488
650.177548	0.993586
650.520690	0.993115
650.863781	0.992936
651.206820	0.993189
651.549807	0.993346
651.892742	0.994215
652.235626	0.993781
652.578458	0.993900
652.921238	0.994121
653.263967	0.994056
653.606644	0.993289
653.949269	0.993808
654.291843	0.993872
654.634365	0.994559
654.976836	0.993161
655.319255	0.994093
655.661622	0.994611
656.003938	0.993494
656.346203	0.992974
656.688416	0.994311
657.030577	0.994214
657.372687	0.993243
657.714746	0.993614
658.056753	0.993494
658.398708	0.993548
658.740612	0.994151
659.082465	0.994151
659.424266	0.993764
659.766016	0.992956
660.107715	0.994091
660.449362	0.993793
660.790958	0.993517
661.132503	0.994121
661.473996	0.993180
661.815438	0.994043
662.156829	0.993911
662.498168	0.993829
662.839456	0.993023
663.180693	0.993780
663.521879	0.993687
663.863013	0.993799
664.204097	0.993677
664.545129	0.993016
664.886110	0.993580
665.227040	0.993456
665.567918	0.993268
665.908746	0.993025
666.249522	0.992128
666.590248	0.993212
666.930922	0.993563
667.271545	0.993199
667.612118	0.993680
667.952639	0.993160
668.293109	0.993017
668.633528	0.993192
668.973896	0.993116
669.314213	0.993140
669.654480	0.993297
669.994695	0.992493
670.334859	0.992998
670.674973	0.993261
671.015035	0.993704
671.355047	0.992644
671.695008	0.993594
672.034918	0.993285
672.374777	0.992828
672.714585	0.992866
673.054342	0.993840
673.394049	0.992316
673.733705	0.993253
674.073310	0.992711
674.412864	0.993394
674.752368	0.993270
675.091820	0.994240
675.431223	0.993850
675.770574	0.992405
676.109875	0.993617
676.449125	0.993034
676.788324	0.992787
677.127473	0.993414
677.466571	0.993838
677.805619	0.993285
678.144616	0.992878
678.483562	0.993502
678.822458	0.993989
679.161303	0.992900
679.500098	0.993843
679.838842	0.993543
680.177535	0.992685
680.516179	0.993158
680.854771	0.993526
681.193314	0.993295
681.531805	0.992762
681.870247	0.993729
682.208638	0.993148
682.546978	0.992484
682.885268	0.992048
683.223508	0.992411
683.561697	0.993305
683.899836	0.993004
684.237925	0.992537
684.575963	0.993190
684.913951	0.993129
685.251889	0.993061
685.589776	0.993149
685.927614	0.993584
686.265401	0.992562
686.603137	0.992497
686.940824	0.993065
687.278460	0.993246
687.616046	0.992324
687.953582	0.992475
688.291068	0.993094
688.628504	0.992600
688.965889	0.992129
689.303224	0.991354
689.640510	0.992567
689.977745	0.992365
690.314930	0.991715
690.652065	0.992341
690.989150	0.992322
691.326185	0.992549
691.663170	0.992244
692.000105	0.992562
692.336990	0.992612
692.673825	0.992532
693.010610	0.993063
693.347345	0.992949
693.684030	0.992556
694.020665	0.992867
694.357251	0.992981
694.693786	0.993485
695.030272	0.992058
695.366707	0.993180
695.703093	0.993319
696.039429	0.993289
696.375716	0.993774
696.711952	0.992240
697.048139	0.993541
697.384276	0.993280
697.720363	0.993287
698.056400	0.991613
698.392388	0.991884
698.728326	0.993619
699.064214	0.993714
699.400053	0.993350
699.735842	0.993880
700.071581	0.993039
700.407270	0.993094
700.742910	0.994126
701.078501	0.992789
701.414042	0.994309
701.749533	0.992676
702.084974	0.993702
702.420366	0.993923
702.755709	0.992633
703.091002	0.994561
703.426246	0.994183
703.761440	0.992821
704.096584	0.992658
704.431679	0.992375
704.766725	0.993584
705.101721	0.994118
705.436668	0.993514
705.771565	0.992897
706.106413	0.992552
706.441212	0.993823
706.775961	0.994131
707.110661	0.993743
707.445311	0.994673
707.779913	0.994674
708.114465	0.994060
708.448967	0.994170
708.783421	0.994177
709.117825	0.993776
709.452180	0.993353
709.786485	0.993866
710.120742	0.993133
710.454949	0.992985
710.789107	0.993075
711.123216	0.992124
711.457275	0.992289
711.791286	0.992849
712.125247	0.993812
712.459159	0.993248
712.793023	0.992413
713.126837	0.993711
713.460602	0.991915
713.794318	0.992175
714.127985	0.991431
714.461602	0.992270
714.795171	0.991872
715.128691	0.991866
715.462162	0.993170
715.795584	0.992372
716.128957	0.992601
716.462281	0.993046
716.795556	0.992917
717.128782	0.993241
717.461960	0.993592
717.795088	0.993508
718.128167	0.994610
718.461198	0.993115
718.794180	0.994245
719.127113	0.993980
719.459997	0.993353
719.792833	0.993715
720.125619	0.992959
720.458357	0.993564
720.791046	0.993239
721.123686	0.992856
721.456278	0.993519
721.788821	0.993595
722.121315	0.994912
722.453761	0.994365
722.786158	0.993849
723.118506	0.993383
723.450805	0.994097
723.783056	0.994151
724.115259	0.993376
724.447412	0.994650
724.779518	0.993584
725.111574	0.993855
725.443582	0.994570
725.775542	0.994788
726.107453	0.994595
726.439315	0.994165
726.771129	0.992997
727.102895	0.992988
727.434612	0.994139
727.766281	0.993564
728.097901	0.992404
728.429473	0.994156
728.760996	0.990997
729.092471	0.993863
729.423897	0.993876
729.755276	0.993058
730.086606	0.993004
730.417887	0.994513
730.749120	0.993381
731.080305	0.993069
731.411442	0.992437
731.742530	0.991724
732.073570	0.992259
732.404562	0.992677
732.735506	0.991665
733.066401	0.992423
733.397249	0.992242
733.728048	0.991903
734.058798	0.993760
734.389501	0.993591
734.720156	0.993134
735.050762	0.993821
735.381320	0.993241
735.711831	0.993422
736.042293	0.993618
736.372707	0.993719
736.703073	0.992467
737.033391	0.993543
737.363661	0.994628
737.693883	0.993337
738.024056	0.993729
738.354182	0.994512
738.684260	0.993349
739.014290	0.993978
739.344272	0.993551
739.674207	0.993632
740.004093	0.993969
740.333931	0.992663
740.663722	0.993716
740.993464	0.994305
741.323159	0.992992
741.652806	0.993091
741.982405	0.993921
742.311956	0.994476
742.641460	0.994467
742.970915	0.993270
743.300323	0.992708
743.629683	0.993706
743.958996	0.995332
744.288260	0.993895
744.617477	0.994059
744.946647	0.993916
745.275768	0.994496
745.604842	0.993348
745.933869	0.993054
746.262847	0.995170
746.591778	0.993770
746.920662	0.993942
747.249498	0.994511
747.578286	0.996206
747.907027	0.994542
748.235720	0.994813
748.564365	0.994609
748.892963	0.993069
749.221514	0.993868
749.550017	0.993174
749.878473	0.994370
750.206881	0.994833
750.535242	0.994934
750.863555	0.994609
751.191821	0.994231
751.520039	0.993456
751.848210	0.992174
752.176334	0.993719
752.504411	0.994126
752.832440	0.993357
753.160421	0.994087
753.488356	0.994701
753.816243	0.993708
754.144082	0.993843
754.471875	0.994034
754.799620	0.995233
755.127318	0.994469
755.454969	0.994892
755.782572	0.995860
756.110129	0.993387
756.437638	0.996011
756.765100	0.994614
757.092515	0.993715
757.419882	0.994780
757.747203	0.993628
758.074477	0.995577
758.401703	0.994730
758.728882	0.993450
759.056014	0.994350
759.383099	0.994164
759.710138	0.994810
760.037129	0.993463
760.364073	0.995249
760.690970	0.994217
761.017820	0.993760
761.344623	0.994412
761.671379	0.994728
761.998088	0.993585
762.324751	0.994762
762.651366	0.993117
762.977935	0.992257
763.304456	0.991389
763.630931	0.987988
763.957359	0.988300
764.283740	0.989183
764.610074	0.991097
764.936362	0.991064
765.262602	0.992777
765.588796	0.992859
765.914943	0.993251
766.241044	0.992514
766.567097	0.993720
766.893104	0.995058
767.219064	0.994164
767.544978	0.993969
767.870845	0.995073
768.196665	0.994868
768.522438	0.995305
768.848165	0.995931
769.173846	0.994976
769.499479	0.996945
769.825066	0.997207
770.150607	0.997703
770.476101	0.995644
770.801548	0.996535
771.126949	0.996182
771.452303	0.996091
771.777611	0.995869
772.102872	0.995135
772.428087	0.995759
772.753256	0.995940
773.078378	0.996963
773.403453	0.994764
773.728482	0.997301
774.053465	0.995748
774.378401	0.996738
774.703291	0.996118
775.028135	0.997379
775.352932	0.995623
775.677683	0.996690
776.002388	0.995645
776.327046	0.996251
776.651658	0.997581
776.976224	0.996940
777.300743	0.996625
777.625216	0.996546
777.949643	0.996320
778.274024	0.996757
778.598359	0.996967
778.922647	0.996756
779.246889	0.996569
779.571086	0.997182
779.895236	0.996391
780.219339	0.997642
780.543397	0.996049
780.867409	0.996970
781.191374	0.997117
781.515294	0.997181
781.839167	0.996996
782.162995	0.996520
782.486776	0.996375
782.810511	0.996808
783.134201	0.996502
783.457844	0.996938
783.781441	0.996769
784.104993	0.997599
784.428498	0.998017
784.751958	0.997710
785.075372	0.997792
785.398739	0.996145
785.722061	0.996747
786.045337	0.997350
786.368568	0.996801
786.691752	0.996350
787.014891	0.996750
787.337983	0.996761
787.661030	0.996120
787.984031	0.996584
788.306987	0.996596
788.629897	0.994256
788.952760	0.994728
789.275579	0.995481
789.598351	0.995128
789.921078	0.996929
790.243759	0.995884
790.566395	0.995369
790.888984	0.996675
791.211529	0.996810
791.534027	0.996368
791.856480	0.997057
792.178888	0.997000
792.501249	0.996498
792.823566	0.997669
793.145836	0.996973
793.468062	0.997709
793.790241	0.997503
794.112375	0.996363
794.434464	0.998422
794.756507	0.997477
795.078505	0.997264
795.400457	0.997906
795.722364	0.996636
796.044226	0.996259
796.366042	0.996378
796.687812	0.995722
797.009538	0.995883
797.331218	0.996781
797.652852	0.998131
797.974442	0.996710
798.295986	0.996399
798.617484	0.995803
798.938938	0.996507
799.260346	0.996164
799.581709	0.995920
799.903026	0.996400
800.224299	0.996146
800.545526	0.997423
800.866708	0.997162
801.187845	0.997612
801.508936	0.997878
801.829983	0.997800
802.150984	0.997051
802.471940	0.998046
802.792851	0.996658
803.113717	0.998837
803.434538	0.998064
803.755314	0.998359
804.076045	0.997746
804.396731	0.996565
804.717372	0.996572
805.037967	0.997696
805.358518	0.997249
805.679024	0.996646
805.999485	0.997747
806.319901	0.997637
806.640272	0.997075
806.960598	0.998238
807.280879	0.997390
807.601115	0.997294
807.921306	0.997907
808.241453	0.997077
808.561554	0.997797
808.881611	0.998291
809.201623	0.997571
809.521590	0.997027
809.841513	0.997445
810.161390	0.996448
810.481223	0.996589
810.801011	0.997214
811.120755	0.998084
811.440453	0.996320
811.760107	0.997857
812.079716	0.996801
812.399281	0.996840
812.718801	0.996295
813.038276	0.997172
813.357707	0.997514
813.677093	0.997479
813.996434	0.996692
814.315731	0.998649
814.634983	0.997644
814.954191	0.998030
815.273354	0.996600
815.592473	0.996052
815.911547	0.997416
816.230577	0.997052
816.549562	0.997478
816.868502	0.996227
817.187399	0.997516
817.506250	0.997670
817.825058	0.996230
818.143821	0.996497
818.462539	0.995351
818.781213	0.996589
819.099843	0.996504
819.418429	0.994589
819.736970	0.994471
820.055466	0.993202
820.373919	0.992482
820.692327	0.990972
821.010691	0.990409
821.329011	0.986891
821.647286	0.982680
821.965517	0.980363
822.283704	0.975193
822.601847	0.973290
822.919945	0.973583
823.237999	0.976031
823.556010	0.977809
823.873976	0.979885
824.191897	0.982752
824.509775	0.984681
824.827609	0.985415
825.145398	0.988278
825.463144	0.987220
825.780845	0.986767
826.098502	0.987241
826.416116	0.987536
826.733685	0.984740
827.051210	0.981823
827.368692	0.982780
827.686129	0.983770
828.003522	0.987615
828.320872	0.988108
828.638177	0.990291
828.955439	0.992366
829.272656	0.992815
829.589830	0.993735
829.906960	0.994958
830.224046	0.995407
830.541088	0.995149
830.858086	0.995080
831.175041	0.997061
831.491952	0.995931
831.808819	0.995206
832.125642	0.995320
832.442421	0.995657
832.759157	0.995481
833.075849	0.992241
833.392497	0.989986
833.709101	0.988812
834.025662	0.986670
834.342179	0.989142
834.658653	0.991143
834.975083	0.991907
835.291469	0.992158
835.607811	0.993971
835.924110	0.994415
836.240366	0.996136
836.556578	0.997170
836.872746	0.996963
837.188871	0.997629
837.504952	0.996945
837.820990	0.997519
838.136984	0.997693
838.452935	0.997450
838.768842	0.998033
839.084706	0.997279
839.400526	0.997880
839.716303	0.994904
840.032037	0.993950
840.347727	0.992955
840.663373	0.993856
840.978977	0.995076
841.294537	0.996711
841.610054	0.998017
841.925527	0.998057
842.240957	0.997955
842.556344	0.998130
842.871687	0.997996
843.186987	0.997734
843.502244	0.999703
843.817458	0.998017
844.132629	0.997863
844.447756	0.998343
844.762840	0.998327
845.077881	0.999432
845.392879	0.998093
845.707833	0.998877
846.022745	0.998942
846.337613	0.999382
846.652438	0.999751
846.967221	0.999345
847.281960	0.998728
847.596656	1.000596
847.911309	1.000195
848.225919	0.999158
848.540485	0.998645
848.855009	1.000032
849.169490	0.999178
849.483928	1.000055
849.798323	0.998833
850.112675	1.000372
850.426984	0.999740
850.741251	0.999759
851.055474	0.999483
851.369654	0.999646
851.683792	0.998928
851.997887	0.998584
852.311938	1.000535
852.625947	0.998860
852.939914	0.998774
853.253837	1.000005
853.567718	1.000905
853.881555	0.999086
854.195350	0.999470
854.509103	0.998887
854.822812	0.999958
855.136479	0.999626
855.450103	1.000102
855.763685	0.999337
856.077224	0.999524
856.390720	0.999202
856.704173	0.999854
857.017584	0.999303
857.330953	0.999500
857.644278	1.000346
857.957561	1.000102
858.270802	0.999261
858.584000	0.999818
858.897155	0.999080
859.210268	0.999461
859.523339	0.999167
859.836367	0.999709
860.149352	0.998688
860.462295	0.998744
860.775195	0.999779
861.088054	0.999202
861.400869	0.999408
861.713642	0.998271
862.026373	1.000406
862.339062	1.000694
862.651708	0.999260
862.964312	0.999504
863.276873	0.999030
863.589392	0.999098
863.901869	0.999310
864.214303	0.999670
864.526696	0.998790
864.839045	0.998999
865.151353	0.999388
865.463619	0.998259
865.775842	0.999476
866.088023	1.000203
866.400162	1.000585
866.712258	1.000159
867.024313	0.998655
867.336325	1.000619
867.648296	0.998817
867.960224	1.000501
868.272110	1.000718
868.583954	0.998237
868.895755	0.999936
869.207515	0.998432
869.519233	0.999588
869.830909	0.998353
870.142542	0.998378
870.454134	0.999576
870.765684	0.998104
871.077191	0.999131
871.388657	0.997710
871.700081	0.998681
872.011463	0.998231
872.322803	0.998401
872.634101	0.997918
872.945357	0.998894
873.256571	0.998344
873.567744	0.998909
873.878874	0.997756
874.189963	0.997506
874.501010	1.000027
874.812015	0.998192
875.122979	0.998535
875.433900	0.997624
875.744780	0.999821
876.055618	0.996921
876.366415	0.997332
876.677169	0.998341
876.987882	0.998239
877.298554	0.998526
877.609183	0.997387
877.919771	0.997400
878.230317	0.999187
878.540822	0.996718
878.851285	0.996449
879.161707	0.996126
879.472087	0.995864
879.782425	0.993419
880.092722	0.990504
880.402977	0.987891
880.713191	0.983975
881.023363	0.978696
881.333494	0.976167
881.643583	0.976277
881.953631	0.975799
882.263637	0.975628
882.573602	0.977836
882.883526	0.979295
883.193408	0.983301
883.503248	0.983973
883.813048	0.985617
884.122806	0.988461
884.432522	0.990057
884.742197	0.991086
885.051831	0.992139
885.361424	0.992583
885.670975	0.994572
885.980485	0.994301
886.289954	0.994033
886.599382	0.994974
886.908768	0.995363
887.218113	0.995752
887.527417	0.995727
887.836680	0.997046
888.145901	0.998224
888.455082	0.998640
888.764221	0.997491
889.073319	0.998372
889.382376	0.997739
889.691392	0.997102
890.000366	0.998292
890.309300	0.997881
890.618193	0.998610
890.927044	0.997149
891.235855	0.996854
891.544625	0.997694
891.853353	0.997430
892.162041	0.997283
892.470687	0.997295
892.779293	0.996302
893.087858	0.995297
893.396381	0.995507
893.704864	0.993537
894.013306	0.992722
894.321707	0.991104
894.630068	0.988613
894.938387	0.988769
895.246665	0.988124
895.554903	0.988856
895.863100	0.991775
896.171256	0.991833
896.479371	0.992748
896.787446	0.992809
897.095480	0.994090
897.403473	0.994993
897.711425	0.996623
898.019336	0.996889
898.327207	0.996993
898.635038	0.995818
898.942827	0.997223
899.250576	0.997114
899.558284	0.996635
899.865952	0.997022
900.173579	0.997005
900.481165	0.997144
900.788711	0.996968
901.096216	0.997755
901.403681	0.998263
901.711105	0.998452
902.018489	0.998073
902.325832	0.997271
902.633135	0.998478
902.940397	0.997935
903.247619	0.996878
903.554800	0.994607
903.861941	0.991749
904.169041	0.987473
904.476101	0.985609
904.783121	0.986353
905.090100	0.986485
905.397039	0.988944
905.703938	0.990023
906.010796	0.991418
906.317614	0.992913
906.624391	0.995033
906.931129	0.996268
907.237826	0.997003
907.544483	0.997693
907.851099	0.997596
908.157675	0.998652
908.464211	0.999588
908.770707	0.998811
909.077163	0.998271
909.383578	0.999514
909.689954	0.999256
909.996289	0.999359
910.302584	0.999823
910.608839	0.999941
910.915054	1.000376
911.221229	0.999834
911.527363	0.998162
911.833458	0.999606
912.139513	1.000348
912.445527	0.998758
912.751502	0.997767
913.057436	0.999320
913.363331	0.999863
913.669186	0.999333
913.975000	0.997594
914.280775	0.996193
914.586510	0.995448
914.892205	0.992973
915.197859	0.992496
915.503475	0.990891
915.809050	0.987712
916.114585	0.985645
916.420081	0.985061
916.725536	0.986590
917.030952	0.987333
917.336328	0.987532
917.641665	0.988393
917.946961	0.991062
918.252218	0.990973
918.557435	0.993121
918.862612	0.994716
919.167750	0.995539
919.472848	0.996344
919.777906	0.996829
920.082925	0.996740
920.387904	0.997259
920.692843	0.997394
920.997743	0.996909
921.302603	0.997539
921.607423	0.996883
921.912204	0.998311
922.216946	1.000673
922.521647	0.999029
922.826310	0.999221
923.130932	0.998946
923.435516	0.998999
923.740059	0.998744
924.044564	0.999271
924.349028	0.998422
924.653454	0.999634
924.957840	0.998973
925.262186	0.999417
925.566493	1.000376
925.870761	1.000309
926.174989	0.998302
926.479178	1.000084
926.783328	0.999601
927.087438	0.999757
927.391509	1.000312
927.695541	1.000952
927.999533	1.000277
928.303486	0.999237
928.607400	1.000193
928.911275	0.999821
929.215110	1.001672
929.518906	1.001448
929.822663	1.002336
930.126381	1.001909
930.430060	0.999728
930.733699	1.000902
931.037299	1.000843
931.340861	1.001528
931.644383	0.999212
931.947866	1.001601
932.251309	1.000609
932.554714	0.999993
932.858080	1.000784
933.161407	0.999843
933.464694	0.999981
933.767943	1.000598
934.071153	1.001542
934.374323	1.000325
934.677455	1.000391
934.980548	1.000789
935.283602	1.000995
935.586617	0.998893
935.889593	1.000539
936.192530	1.000917
936.495428	1.000570
936.798287	0.999192
937.101108	0.999708
937.403890	0.999871
937.706632	1.001195
938.009336	1.000319
938.312002	0.998166
938.614628	1.000238
938.917216	0.998827
939.219765	0.998736
939.522275	1.001010
939.824747	0.999657
940.127179	0.999102
940.429573	1.001180
940.731929	0.999123
941.034246	0.999325
941.336524	0.998757
941.638763	0.998560
941.940964	0.999829
942.243126	1.000016
942.545250	1.000108
942.847335	1.000143
943.149381	1.000862
943.451389	0.998869
943.753359	0.999689
944.055290	1.001192
944.357182	1.000572
944.659036	1.000492
944.960851	1.000151
945.262628	0.999462
945.564367	0.999941
945.866067	0.999969
946.167729	1.001638
946.469352	1.000698
946.770937	0.998834
947.072484	1.000997
947.373992	1.000422
947.675462	0.999529
947.976893	0.999930
948.278286	1.002626
948.579641	1.001914
948.880958	1.000728
949.182236	1.001055
949.483476	1.000979
949.784678	1.001672
950.085841	1.001601
950.386967	1.000072
950.688054	1.000465
950.989103	0.998857
951.290114	0.999372
951.591087	1.000966
951.892021	0.999246
952.192917	0.999765
952.493776	1.000197
952.794596	0.999463
953.095378	0.999833
953.396122	1.000702
953.696828	1.000372
953.997496	1.000910
954.298126	1.001578
954.598718	1.000238
954.899272	0.999953
955.199788	0.999572
955.500266	1.001041
955.800706	1.001081
956.101108	1.000348
956.401472	1.002262
956.701798	0.999902
957.002087	1.000706
957.302337	1.000171
957.602550	1.000755
957.902724	1.000912
958.202861	1.000689
958.502960	1.000486
958.803022	1.001373
959.103045	1.001234
959.403031	1.002426
959.702979	1.001145
960.002889	1.000676
960.302762	0.999431
960.602596	1.002015
960.902393	1.002129
961.202153	1.001653
961.501875	1.000530
961.801559	1.001729
962.101205	1.001884
962.400814	1.000778
962.700385	1.001964
962.999918	1.001441
963.299414	1.000717
963.598873	1.001968
963.898293	1.001084
964.197677	1.000807
964.497022	1.001669
964.796331	1.002664
965.095601	1.002046
965.394835	1.002347
965.694030	1.002827
965.993189	1.001171
966.292309	1.001303
966.591393	1.000601
966.890439	1.001859
967.189447	1.000323
967.488419	1.002090
967.787353	1.000760
968.086249	1.002087
968.385108	1.001651
968.683930	1.002055
968.982714	1.001237
969.281462	1.001143
969.580172	1.000982
969.878844	1.002282
970.177480	1.001617
970.476078	1.001772
970.774639	1.001866
971.073162	1.001437
971.371649	1.001390
971.670098	1.000643
971.968510	1.001358
972.266885	1.000267
972.565223	1.001120
972.863524	0.999382
973.161788	1.000803
973.460014	1.001505
973.758204	1.000169
974.056356	1.001915
974.354471	1.000461
974.652550	1.002587
974.950591	1.000704
975.248595	0.999619
975.546563	1.002547
975.844493	1.002053
976.142386	1.000403
976.440243	1.001256
976.738062	1.000960
977.035845	1.000633
977.333590	1.003168
977.631299	1.001197
977.928971	1.001301
978.226606	1.001657
978.524204	1.001044
978.821765	1.002564
979.119290	1.003373
979.416777	1.001655
979.714228	1.002575
980.011642	1.002667
980.309020	1.001029
980.606360	1.000550
980.903664	1.000923
981.200931	1.001459
981.498162	1.001450
981.795356	1.001620
982.092513	1.002001
982.389633	1.002827
982.686717	1.000063
982.983764	1.000463
983.280775	1.000442
983.577749	1.001029
983.874686	1.000225
984.171587	0.999614
984.468451	1.000354
984.765279	1.001614
985.062070	1.002158
985.358824	1.001937
985.655543	1.001443
985.952224	1.002450
986.248869	1.001504
986.545478	1.002241
986.842050	1.001100
987.138586	1.001196
987.435086	1.001342
987.731549	1.003560
988.027975	1.002169
988.324366	1.001154
988.620719	1.002599
988.917037	1.001829
989.213318	1.001422
989.509563	1.001215
989.805772	1.002053
990.101944	1.003339
990.398080	1.002603
990.694180	1.002302
990.990244	1.001652
991.286271	1.000470
991.582262	1.001273
991.878217	1.001843
992.174136	1.002458
992.470019	1.002721
992.765865	1.003406
993.061676	1.002260
993.357450	1.001588
993.653188	1.002490
993.948890	1.001377
994.244556	1.002059
994.540186	1.001959
994.835780	1.000554
995.131337	1.002916
995.426859	1.000138
995.722345	1.001341
996.017795	1.001961
996.313208	1.001216
996.608586	1.001379
996.903928	1.003054
997.199234	1.002213
997.494504	1.001493
997.789738	1.000696
998.084936	1.001686
998.380099	1.001322
998.675225	1.001696
998.970316	1.002263
999.265371	1.001947
999.560390	1.000956
999.855373	1.001784
1000.150320	1.001163
1000.445232	1.002042
1000.740108	1.001527
1001.034948	1.001436
1001.329752	1.003343
1001.624521	1.000568
1001.919254	1.001873
1002.213951	1.002617
1002.508613	1.001364
1002.803239	1.001437
1003.097829	1.002514
1003.392384	1.001268
1003.686903	1.002305
1003.981386	1.002004
1004.275834	1.002260
1004.570246	1.001062
1004.864623	1.002411
1005.158964	1.002404
1005.453270	1.001240
1005.747540	1.001401
1006.041775	1.001929
1006.335974	1.002306
1006.630138	1.001766
1006.924266	1.001344
1007.218359	0.999334
1007.512416	1.002893
1007.806438	1.001592
1008.100425	1.001838
1008.394376	1.002469
1008.688292	1.002515
1008.982172	1.001085
1009.276017	1.001993
1009.569827	1.003289
1009.863602	1.000683
1010.157341	1.003593
1010.451045	1.002084
1010.744714	1.003939
1011.038347	1.002706
1011.331945	1.001167
1011.625508	1.002319
1011.919036	1.001083
1012.212528	1.001491
1012.505986	1.001890
1012.799408	1.001843
1013.092795	1.002307
1013.386147	1.002005
1013.679464	1.001064
1013.972745	1.000729
1014.265992	1.001486
1014.559204	1.000961
1014.852380	1.002719
1015.145521	1.001378
1015.438628	1.001268
1015.731699	1.001654
1016.024736	1.002586
1016.317737	1.002758
1016.610703	1.003020
1016.903635	1.001258
1017.196531	1.002076
1017.489393	1.000262
1017.782219	1.000841
1018.075011	1.001249
1018.367768	1.001053
1018.660490	1.001957
1018.953177	1.001957
1019.245829	1.001957
