Dividing Wavelength (nm)	Counts (n)	Blue Motor Position (mm): 10.300000	Red Motor Position (mm): 0.000000	
326.493990	1.004498
326.888308	1.004498
327.282561	1.004498
327.676750	1.004694
328.070874	1.004978
328.464933	1.005321
328.858929	1.006139
329.252859	1.004406
329.646726	1.004733
330.040528	1.004036
330.434265	1.004581
330.827938	1.004798
331.221547	1.005098
331.615091	1.005467
332.008571	1.006393
332.401986	1.003438
332.795338	1.004846
333.188625	1.004226
333.581847	1.004526
333.975006	1.004357
334.368100	1.005217
334.761129	1.003735
335.154095	1.004292
335.546996	1.002870
335.939833	0.999122
336.332606	0.999243
336.725315	0.997932
337.117960	0.999660
337.510540	0.998827
337.903056	0.999999
338.295508	0.999870
338.687896	1.000527
339.080220	0.999075
339.472480	0.999359
339.864676	0.999567
340.256807	0.997202
340.648875	0.998859
341.040879	0.998937
341.432818	0.999668
341.824694	0.997484
342.216506	0.999522
342.608253	0.999756
342.999937	0.998281
343.391557	0.998799
343.783113	0.999677
344.174605	0.998823
344.566033	0.998427
344.957397	0.999542
345.348697	0.999210
345.739934	0.998831
346.131106	0.998921
346.522215	0.998535
346.913260	0.998237
347.304241	0.998376
347.695159	1.000210
348.086012	0.998448
348.476802	0.998777
348.867528	0.997497
349.258191	0.999057
349.648789	0.999624
350.039324	0.998232
350.429796	0.997297
350.820203	0.998831
351.210548	0.998129
351.600828	0.999248
351.991045	0.997707
352.381198	0.998423
352.771288	0.998300
353.161314	0.999334
353.551276	0.998132
353.941175	0.997739
354.331010	0.999984
354.720782	0.998166
355.110490	0.999119
355.500135	0.998443
355.889717	0.997503
356.279235	0.997611
356.668689	0.998821
357.058080	0.999062
357.447408	0.997389
357.836672	0.997945
358.225873	0.998150
358.615010	0.998622
359.004084	0.995606
359.393095	0.998218
359.782043	0.998048
360.170927	0.998179
360.559748	0.997505
360.948505	0.996409
361.337199	0.997764
361.725830	0.997157
362.114398	0.998064
362.502903	0.995724
362.891344	0.996425
363.279722	0.997609
363.668037	0.997811
364.056289	0.997238
364.444478	0.998663
364.832603	0.995369
365.220665	0.996983
365.608665	0.996184
365.996601	0.996479
366.384474	0.995219
366.772284	0.996715
367.160031	0.994556
367.547715	0.995411
367.935336	0.995438
368.322893	0.993757
368.710388	0.992640
369.097820	0.989673
369.485189	0.987154
369.872495	0.987357
370.259738	0.985573
370.646918	0.982741
371.034035	0.978854
371.421090	0.976601
371.808081	0.971808
372.195010	0.969442
372.581875	0.962924
372.968678	0.959255
373.355418	0.955648
373.742096	0.949220
374.128710	0.943831
374.515262	0.939039
374.901751	0.934179
375.288177	0.929822
375.674540	0.921923
376.060841	0.916700
376.447079	0.909249
376.833254	0.902846
377.219367	0.897341
377.605417	0.886331
377.991404	0.882943
378.377329	0.876880
378.763191	0.869806
379.148991	0.861955
379.534727	0.853821
379.920402	0.845066
380.306013	0.842358
380.691563	0.827503
381.077049	0.822593
381.462474	0.818379
381.847835	0.807426
382.233134	0.802411
382.618371	0.802381
383.003545	0.785464
383.388657	0.782839
383.773706	0.775825
384.158693	0.772539
384.543618	0.766397
384.928480	0.757727
385.313280	0.747424
385.698017	0.746707
386.082692	0.735863
386.467305	0.733291
386.851856	0.728141
387.236344	0.723103
387.620770	0.717597
388.005133	0.711786
388.389435	0.706018
388.773674	0.703411
389.157851	0.695597
389.541965	0.693619
389.926018	0.700838
390.310008	0.685941
390.693936	0.683344
391.077802	0.675981
391.461606	0.676872
391.845348	0.666578
392.229027	0.665499
392.612645	0.663797
392.996200	0.650136
393.379694	0.643408
393.763125	0.635147
394.146494	0.638188
394.529801	0.629124
394.913047	0.621262
395.296230	0.627311
395.679351	0.618805
396.062410	0.615594
396.445408	0.617461
396.828343	0.613452
397.211217	0.608806
397.594028	0.620489
397.976778	0.610881
398.359466	0.608160
398.742092	0.602880
399.124656	0.615016
399.507158	0.602740
399.889598	0.600747
400.271977	0.591355
400.654294	0.595561
401.036549	0.594729
401.418742	0.599110
401.800874	0.584606
402.182944	0.580975
402.564952	0.573321
402.946898	0.575177
403.328783	0.576306
403.710606	0.587581
404.092367	0.562050
404.474067	0.567302
404.855705	0.566002
405.237282	0.574459
405.618797	0.560325
406.000250	0.556373
406.381642	0.546484
406.762972	0.551735
407.144240	0.549955
407.525447	0.550239
407.906593	0.543113
408.287677	0.538484
408.668700	0.547430
409.049661	0.540594
409.430560	0.535493
409.811399	0.544609
410.192176	0.526139
410.572891	0.533369
410.953545	0.521834
411.334138	0.535005
411.714669	0.527268
412.095139	0.540058
412.475547	0.523709
412.855894	0.525676
413.236180	0.524993
413.616405	0.530027
413.996568	0.520583
414.376670	0.526231
414.756711	0.531669
415.136691	0.528536
415.516609	0.519584
415.896466	0.516128
416.276262	0.512184
416.655997	0.514264
417.035670	0.495253
417.415283	0.487639
417.794834	0.492115
418.174324	0.497191
418.553753	0.506173
418.933121	0.488653
419.312428	0.482531
419.691674	0.488465
420.070859	0.476621
420.449983	0.484697
420.829045	0.473778
421.208047	0.482964
421.586988	0.475824
421.965867	0.474552
422.344686	0.463236
422.723444	0.476209
423.102141	0.493280
423.480777	0.465831
423.859352	0.486492
424.237866	0.463842
424.616319	0.464860
424.994712	0.455350
425.373044	0.465925
425.751314	0.453816
426.129524	0.470769
426.507673	0.453370
426.885762	0.446949
427.263789	0.452807
427.641756	0.462571
428.019662	0.452332
428.397508	0.451815
428.775292	0.456459
429.153016	0.447651
429.530679	0.454353
429.908282	0.448262
430.285824	0.458297
430.663305	0.435982
431.040726	0.457386
431.418086	0.456754
431.795385	0.449036
432.172624	0.448097
432.549802	0.448353
432.926920	0.447615
433.303977	0.446643
433.680974	0.444615
434.057910	0.442440
434.434786	0.441753
434.811601	0.444688
435.188355	0.427331
435.565050	0.436202
435.941683	0.437494
436.318257	0.420922
436.694770	0.422338
437.071222	0.420320
437.447614	0.425300
437.823946	0.431488
438.200218	0.420568
438.576429	0.430196
438.952580	0.423140
439.328670	0.420327
439.704700	0.426387
440.080670	0.427990
440.456580	0.408702
440.832429	0.417172
441.208218	0.428432
441.583947	0.417138
441.959616	0.416181
442.335224	0.421766
442.710773	0.413013
443.086261	0.410812
443.461689	0.424710
443.837057	0.414968
444.212365	0.404781
444.587612	0.411779
444.962800	0.401857
445.337927	0.402895
445.712995	0.429225
446.088002	0.390900
446.462949	0.401257
446.837837	0.406395
447.212664	0.394469
447.587431	0.386763
447.962139	0.356863
448.336786	0.315969
448.711374	0.326524
449.085901	0.370643
449.460369	0.375194
449.834776	0.378328
450.209124	0.357698
450.583412	0.350177
450.957640	0.343000
451.331808	0.354954
451.705917	0.378083
452.079965	0.382735
452.453954	0.370707
452.827883	0.377856
453.201752	0.372599
453.575562	0.383951
453.949311	0.372822
454.323001	0.378566
454.696632	0.374587
455.070202	0.366709
455.443713	0.358829
455.817164	0.353779
456.190556	0.349485
456.563888	0.346410
456.937160	0.343867
457.310373	0.361348
457.683526	0.359921
458.056619	0.365984
458.429653	0.366361
458.802628	0.369601
459.175542	0.363947
459.548398	0.346104
459.921194	0.339234
460.293930	0.339167
460.666607	0.316765
461.039224	0.305000
461.411782	0.300361
461.784280	0.299650
462.156719	0.303827
462.529099	0.308427
462.901419	0.324540
463.273680	0.328582
463.645882	0.328366
464.018024	0.334366
464.390106	0.326827
464.762130	0.311523
465.134094	0.294374
465.505999	0.263797
465.877845	0.233354
466.249631	0.220871
466.621358	0.228083
466.993026	0.242286
467.364634	0.248334
467.736184	0.257068
468.107674	0.265936
468.479105	0.265010
468.850477	0.271705
469.221790	0.278783
469.593043	0.288669
469.964238	0.293606
470.335373	0.292668
470.706449	0.291127
471.077467	0.291560
471.448425	0.253799
471.819324	0.229202
472.190164	0.228956
472.560945	0.257725
472.931667	0.280049
473.302330	0.284222
473.672934	0.296031
474.043479	0.284146
474.413965	0.285988
474.784393	0.289691
475.154761	0.284656
475.525070	0.281525
475.895321	0.287371
476.265513	0.281783
476.635645	0.276869
477.005719	0.276805
477.375734	0.273313
477.745691	0.266611
478.115588	0.262836
478.485427	0.256607
478.855207	0.243465
479.224928	0.225900
479.594591	0.213968
479.964194	0.217148
480.333739	0.218584
480.703226	0.220168
481.072653	0.218324
481.442022	0.213940
481.811333	0.210866
482.180584	0.214028
482.549777	0.219548
482.918912	0.222917
483.287988	0.222511
483.657005	0.222050
484.025964	0.228551
484.394864	0.225934
484.763706	0.226663
485.132489	0.231483
485.501213	0.232401
485.869879	0.230585
486.238487	0.233899
486.607036	0.232045
486.975527	0.236559
487.343959	0.232094
487.712333	0.231235
488.080648	0.232646
488.448905	0.232039
488.817104	0.233044
489.185244	0.227741
489.553326	0.224684
489.921350	0.214489
490.289315	0.197087
490.657222	0.192075
491.025070	0.193100
491.392861	0.195080
491.760593	0.200600
492.128267	0.206567
492.495883	0.212110
492.863440	0.218340
493.230939	0.224702
493.598380	0.226281
493.965763	0.228431
494.333088	0.230374
494.700354	0.232211
495.067563	0.231089
495.434713	0.234444
495.801805	0.232060
496.168839	0.233879
496.535815	0.235214
496.902733	0.234773
497.269593	0.236509
497.636395	0.234330
498.003139	0.234656
498.369825	0.237862
498.736453	0.234241
499.103023	0.235842
499.469535	0.235005
499.835989	0.235245
500.202385	0.236217
500.568723	0.239467
500.935003	0.234633
501.301226	0.238940
501.667390	0.233124
502.033497	0.231218
502.399546	0.234260
502.765537	0.236073
503.131470	0.234685
503.497345	0.230730
503.863163	0.239540
504.228923	0.232493
504.594625	0.231100
504.960269	0.236803
505.325856	0.232031
505.691385	0.236272
506.056856	0.233013
506.422270	0.232544
506.787625	0.235037
507.152924	0.232385
507.518164	0.232912
507.883347	0.234320
508.248472	0.236285
508.613540	0.231087
508.978550	0.233704
509.343503	0.234145
509.708398	0.231845
510.073236	0.229450
510.438016	0.228877
510.802738	0.230173
511.167403	0.229041
511.532010	0.231387
511.896561	0.226620
512.261053	0.225361
512.625488	0.227549
512.989866	0.227856
513.354186	0.227999
513.718449	0.229968
514.082655	0.226046
514.446803	0.228489
514.810894	0.226518
515.174927	0.229128
515.538904	0.228646
515.902822	0.225495
516.266684	0.227644
516.630488	0.228843
516.994235	0.227709
517.357925	0.226440
517.721558	0.224840
518.085133	0.224318
518.448651	0.224140
518.812112	0.226589
519.175516	0.226333
519.538863	0.223467
519.902152	0.225474
520.265385	0.222410
520.628560	0.223843
520.991678	0.224516
521.354739	0.223289
521.717743	0.224441
522.080690	0.224998
522.443580	0.222265
522.806413	0.223399
523.169189	0.222658
523.531908	0.221710
523.894569	0.225038
524.257174	0.225029
524.619722	0.222814
524.982213	0.223798
525.344647	0.222807
525.707025	0.223675
526.069345	0.221944
526.431608	0.223759
526.793815	0.221490
527.155964	0.225944
527.518057	0.224572
527.880093	0.225851
528.242072	0.224265
528.603995	0.226081
528.965860	0.227730
529.327669	0.226890
529.689421	0.227603
530.051117	0.228708
530.412755	0.226394
530.774337	0.228475
531.135862	0.229154
531.497331	0.228269
531.858743	0.231288
532.220098	0.227861
532.581396	0.230568
532.942638	0.231136
533.303824	0.232168
533.664953	0.231857
534.026025	0.233778
534.387040	0.231637
534.747999	0.231235
535.108902	0.230020
535.469748	0.235539
535.830537	0.233353
536.191270	0.233744
536.551947	0.233378
536.912567	0.233351
537.273131	0.234708
537.633638	0.235273
537.994089	0.235761
538.354483	0.236625
538.714821	0.233593
539.075103	0.233554
539.435328	0.234348
539.795497	0.237879
540.155609	0.234939
540.515665	0.232956
540.875665	0.238535
541.235609	0.237091
541.595496	0.237143
541.955328	0.233767
542.315102	0.236464
542.674821	0.237809
543.034483	0.237548
543.394090	0.237263
543.753640	0.239369
544.113134	0.234161
544.472571	0.237626
544.831953	0.234312
545.191278	0.238530
545.550548	0.237986
545.909761	0.234758
546.268918	0.235376
546.628019	0.233969
546.987064	0.236581
547.346053	0.238448
547.704986	0.236065
548.063863	0.236439
548.422684	0.236661
548.781449	0.238364
549.140158	0.236446
549.498811	0.239049
549.857408	0.242017
550.215949	0.236898
550.574434	0.239831
550.932864	0.237838
551.291237	0.236642
551.649555	0.238187
552.007817	0.237973
552.366022	0.238535
552.724173	0.238724
553.082267	0.238976
553.440305	0.236126
553.798288	0.240387
554.156215	0.236923
554.514086	0.237661
554.871902	0.240808
555.229661	0.240000
555.587365	0.240755
555.945014	0.243229
556.302606	0.239815
556.660143	0.242947
557.017625	0.239122
557.375050	0.241316
557.732421	0.238375
558.089735	0.240384
558.446994	0.240191
558.804197	0.239670
559.161345	0.239530
559.518437	0.242948
559.875474	0.240991
560.232455	0.240497
560.589381	0.241609
560.946251	0.241732
561.303065	0.239085
561.659825	0.240627
562.016528	0.242181
562.373177	0.244749
562.729770	0.242315
563.086307	0.244021
563.442789	0.241943
563.799216	0.244724
564.155587	0.243600
564.511904	0.244988
564.868164	0.244727
565.224370	0.244394
565.580520	0.246188
565.936615	0.246165
566.292654	0.249100
566.648638	0.246301
567.004567	0.247004
567.360441	0.247854
567.716260	0.249393
568.072023	0.247213
568.427732	0.248181
568.783385	0.250463
569.138982	0.248550
569.494525	0.248339
569.850013	0.251168
570.205445	0.249659
570.560823	0.252511
570.916145	0.254332
571.271412	0.252379
571.626625	0.254068
571.981782	0.254439
572.336884	0.255251
572.691931	0.255087
573.046923	0.256454
573.401860	0.257419
573.756743	0.259106
574.111570	0.257828
574.466342	0.258666
574.821059	0.257779
575.175722	0.260716
575.530330	0.260268
575.884882	0.260656
576.239380	0.262600
576.593823	0.263071
576.948211	0.262950
577.302544	0.265627
577.656823	0.265042
578.011047	0.265137
578.365216	0.266312
578.719330	0.267804
579.073389	0.267389
579.427394	0.269163
579.781344	0.270032
580.135239	0.271467
580.489080	0.271000
580.842866	0.273868
581.196597	0.274123
581.550273	0.272581
581.903895	0.273636
582.257463	0.271680
582.610975	0.275008
582.964434	0.274557
583.317837	0.276745
583.671186	0.277380
584.024481	0.277189
584.377721	0.279812
584.730906	0.280495
585.084037	0.280000
585.437113	0.281983
585.790135	0.281191
586.143103	0.284320
586.496016	0.285261
586.848874	0.282816
587.201679	0.283420
587.554428	0.286610
587.907124	0.285431
588.259765	0.286347
588.612352	0.286536
588.964884	0.290301
589.317362	0.289860
589.669786	0.290098
590.022155	0.288296
590.374470	0.287967
590.726731	0.289851
591.078937	0.295128
591.431090	0.291434
591.783188	0.295287
592.135232	0.295874
592.487222	0.295854
592.839157	0.294179
593.191038	0.296451
593.542866	0.298239
593.894639	0.301486
594.246358	0.300165
594.598022	0.298956
594.949633	0.303133
595.301190	0.303753
595.652692	0.302488
596.004141	0.298943
596.355535	0.306890
596.706876	0.307589
597.058162	0.310380
597.409395	0.307139
597.760573	0.305190
598.111698	0.308309
598.462768	0.309074
598.813785	0.310161
599.164748	0.311611
599.515657	0.311852
599.866511	0.315584
600.217312	0.310564
600.568060	0.315960
600.918753	0.312068
601.269392	0.313266
601.619978	0.316855
601.970510	0.313836
602.320988	0.314197
602.671412	0.312329
603.021783	0.314748
603.372100	0.315725
603.722363	0.315922
604.072572	0.316553
604.422728	0.316383
604.772830	0.318348
605.122878	0.318497
605.472872	0.319181
605.822813	0.317470
606.172701	0.320305
606.522534	0.317380
606.872314	0.317379
607.222041	0.318520
607.571714	0.316583
607.921333	0.317973
608.270899	0.317721
608.620411	0.314271
608.969870	0.318715
609.319276	0.318330
609.668627	0.318598
610.017926	0.317389
610.367171	0.315758
610.716362	0.316410
611.065500	0.316890
611.414585	0.315622
611.763616	0.315956
612.112594	0.316643
612.461518	0.316093
612.810389	0.314166
613.159207	0.316590
613.507971	0.318363
613.856682	0.314110
614.205340	0.315327
614.553945	0.312951
614.902496	0.316712
615.250994	0.314945
615.599439	0.315593
615.947830	0.315117
616.296169	0.316206
616.644454	0.315876
616.992686	0.316271
617.340864	0.314543
617.688990	0.317807
618.037063	0.314476
618.385082	0.316512
618.733048	0.313370
619.080961	0.316007
619.428821	0.315754
619.776628	0.315442
620.124382	0.317970
620.472083	0.318463
620.819731	0.317768
621.167326	0.321965
621.514868	0.321997
621.862357	0.326071
622.209793	0.325318
622.557176	0.327866
622.904506	0.329345
623.251783	0.331850
623.599007	0.334130
623.946179	0.333860
624.293297	0.336323
624.640363	0.340128
624.987376	0.340786
625.334336	0.343631
625.681243	0.345990
626.028097	0.346856
626.374899	0.347997
626.721647	0.348478
627.068343	0.351684
627.414987	0.353236
627.761577	0.355464
628.108115	0.354044
628.454600	0.359587
628.801032	0.357435
629.147412	0.359859
629.493739	0.360751
629.840014	0.363945
630.186236	0.361315
630.532405	0.367178
630.878521	0.364864
631.224585	0.367875
631.570597	0.371917
631.916556	0.371059
632.262462	0.370602
632.608316	0.374023
632.954117	0.375306
633.299866	0.376216
633.645562	0.377112
633.991206	0.381880
634.336797	0.384371
634.682336	0.387155
635.027823	0.389100
635.373257	0.390156
635.718639	0.393915
636.063968	0.393549
636.409245	0.399379
636.754470	0.400343
637.099642	0.402583
637.444762	0.406550
637.789829	0.406179
638.134845	0.409948
638.479808	0.411452
638.824719	0.411625
639.169577	0.416065
639.514383	0.415568
639.859137	0.420640
640.203839	0.420401
640.548489	0.421759
640.893086	0.422991
641.237632	0.425446
641.582125	0.424678
641.926566	0.427015
642.270955	0.427626
642.615292	0.428052
642.959576	0.428153
643.303809	0.428932
643.647990	0.429685
643.992118	0.430118
644.336195	0.433798
644.680219	0.433565
645.024192	0.434717
645.368112	0.429274
645.711981	0.429335
646.055797	0.425463
646.399562	0.429133
646.743274	0.423676
647.086935	0.421138
647.430544	0.422150
647.774101	0.422271
648.117606	0.422177
648.461059	0.423778
648.804460	0.426471
649.147810	0.431333
649.491108	0.434025
649.834354	0.435783
650.177548	0.441553
650.520690	0.447116
650.863781	0.448968
651.206820	0.449659
651.549807	0.454337
651.892742	0.459515
652.235626	0.459481
652.578458	0.461059
652.921238	0.468212
653.263967	0.466473
653.606644	0.470493
653.949269	0.471627
654.291843	0.475666
654.634365	0.474079
654.976836	0.478370
655.319255	0.478670
655.661622	0.480947
656.003938	0.482223
656.346203	0.485042
656.688416	0.484299
657.030577	0.487576
657.372687	0.490869
657.714746	0.491928
658.056753	0.489800
658.398708	0.494959
658.740612	0.496037
659.082465	0.494212
659.424266	0.495424
659.766016	0.495792
660.107715	0.499921
660.449362	0.499819
660.790958	0.501237
661.132503	0.503090
661.473996	0.502295
661.815438	0.504033
662.156829	0.504583
662.498168	0.505968
662.839456	0.507386
663.180693	0.507728
663.521879	0.507535
663.863013	0.509005
664.204097	0.509811
664.545129	0.507809
664.886110	0.509534
665.227040	0.508654
665.567918	0.511185
665.908746	0.511617
666.249522	0.512081
666.590248	0.513927
666.930922	0.513201
667.271545	0.514057
667.612118	0.514088
667.952639	0.516079
668.293109	0.517096
668.633528	0.520542
668.973896	0.520401
669.314213	0.522449
669.654480	0.526162
669.994695	0.526228
670.334859	0.527519
670.674973	0.530587
671.015035	0.530551
671.355047	0.532374
671.695008	0.533971
672.034918	0.535891
672.374777	0.537890
672.714585	0.538961
673.054342	0.540618
673.394049	0.542078
673.733705	0.541445
674.073310	0.544424
674.412864	0.545704
674.752368	0.548267
675.091820	0.550339
675.431223	0.554012
675.770574	0.555160
676.109875	0.558250
676.449125	0.559932
676.788324	0.562485
677.127473	0.567898
677.466571	0.568624
677.805619	0.571762
678.144616	0.574706
678.483562	0.576538
678.822458	0.579268
679.161303	0.581202
679.500098	0.582772
679.838842	0.584657
680.177535	0.586105
680.516179	0.585529
680.854771	0.586829
681.193314	0.583107
681.531805	0.576769
681.870247	0.571461
682.208638	0.566639
682.546978	0.566233
682.885268	0.568623
683.223508	0.575597
683.561697	0.578851
683.899836	0.582280
684.237925	0.586273
684.575963	0.588600
684.913951	0.591779
685.251889	0.591352
685.589776	0.592079
685.927614	0.594175
686.265401	0.593431
686.603137	0.594386
686.940824	0.592456
687.278460	0.592428
687.616046	0.593477
687.953582	0.590699
688.291068	0.592412
688.628504	0.591805
688.965889	0.593392
689.303224	0.596243
689.640510	0.601009
689.977745	0.605790
690.314930	0.613018
690.652065	0.616902
690.989150	0.622032
691.326185	0.629509
691.663170	0.634338
692.000105	0.639951
692.336990	0.645515
692.673825	0.649576
693.010610	0.654143
693.347345	0.657456
693.684030	0.663213
694.020665	0.666531
694.357251	0.671583
694.693786	0.673974
695.030272	0.676808
695.366707	0.681138
695.703093	0.684128
696.039429	0.683704
696.375716	0.688517
696.711952	0.689215
697.048139	0.691047
697.384276	0.694290
697.720363	0.694551
698.056400	0.695812
698.392388	0.699622
698.728326	0.701982
699.064214	0.704403
699.400053	0.705897
699.735842	0.711424
700.071581	0.713107
700.407270	0.715726
700.742910	0.719191
701.078501	0.722794
701.414042	0.726229
701.749533	0.728719
702.084974	0.732733
702.420366	0.732244
702.755709	0.737563
703.091002	0.741338
703.426246	0.741253
703.761440	0.742784
704.096584	0.744699
704.431679	0.747150
704.766725	0.749499
705.101721	0.752755
705.436668	0.750727
705.771565	0.753943
706.106413	0.752682
706.441212	0.753097
706.775961	0.753585
707.110661	0.753212
707.445311	0.751609
707.779913	0.754565
708.114465	0.752661
708.448967	0.750390
708.783421	0.747149
709.117825	0.744423
709.452180	0.744518
709.786485	0.741588
710.120742	0.735942
710.454949	0.736737
710.789107	0.733389
711.123216	0.728560
711.457275	0.728803
711.791286	0.725717
712.125247	0.726970
712.459159	0.730226
712.793023	0.726386
713.126837	0.735360
713.460602	0.734689
713.794318	0.736881
714.127985	0.740454
714.461602	0.748390
714.795171	0.748649
715.128691	0.755920
715.462162	0.762008
715.795584	0.766614
716.128957	0.770149
716.462281	0.771870
716.795556	0.775698
717.128782	0.781105
717.461960	0.786832
717.795088	0.787793
718.128167	0.791811
718.461198	0.795553
718.794180	0.797155
719.127113	0.800854
719.459997	0.803291
719.792833	0.806885
720.125619	0.806990
720.458357	0.812276
720.791046	0.814214
721.123686	0.815363
721.456278	0.818501
721.788821	0.819140
722.121315	0.822161
722.453761	0.823406
722.786158	0.824413
723.118506	0.823924
723.450805	0.825467
723.783056	0.824877
724.115259	0.825670
724.447412	0.827218
724.779518	0.826140
725.111574	0.826614
725.443582	0.825649
725.775542	0.826478
726.107453	0.823390
726.439315	0.825014
726.771129	0.822197
727.102895	0.819256
727.434612	0.817975
727.766281	0.816542
728.097901	0.815674
728.429473	0.816428
728.760996	0.816727
729.092471	0.817417
729.423897	0.820560
729.755276	0.822698
730.086606	0.822020
730.417887	0.819439
730.749120	0.815627
731.080305	0.814087
731.411442	0.811556
731.742530	0.812309
732.073570	0.813251
732.404562	0.813134
732.735506	0.814757
733.066401	0.815107
733.397249	0.821634
733.728048	0.827544
734.058798	0.837200
734.389501	0.843878
734.720156	0.846358
735.050762	0.852909
735.381320	0.854108
735.711831	0.856404
736.042293	0.859559
736.372707	0.861155
736.703073	0.861373
737.033391	0.861640
737.363661	0.861618
737.693883	0.861295
738.024056	0.859222
738.354182	0.858676
738.684260	0.855892
739.014290	0.854000
739.344272	0.852776
739.674207	0.850634
740.004093	0.850732
740.333931	0.851267
740.663722	0.852208
740.993464	0.853933
741.323159	0.854717
741.652806	0.858714
741.982405	0.861820
742.311956	0.865242
742.641460	0.867796
742.970915	0.869541
743.300323	0.872161
743.629683	0.875333
743.958996	0.879320
744.288260	0.881077
744.617477	0.884268
744.946647	0.885868
745.275768	0.889761
745.604842	0.889840
745.933869	0.891876
746.262847	0.894273
746.591778	0.893978
746.920662	0.895361
747.249498	0.897952
747.578286	0.896176
747.907027	0.893677
748.235720	0.892809
748.564365	0.892705
748.892963	0.893712
749.221514	0.895145
749.550017	0.895525
749.878473	0.897647
750.206881	0.901131
750.535242	0.901170
750.863555	0.901351
751.191821	0.902845
751.520039	0.903154
751.848210	0.903244
752.176334	0.905101
752.504411	0.904681
752.832440	0.905314
753.160421	0.907470
753.488356	0.909028
753.816243	0.908569
754.144082	0.909429
754.471875	0.911785
754.799620	0.911674
755.127318	0.911925
755.454969	0.913061
755.782572	0.914075
756.110129	0.913629
756.437638	0.915900
756.765100	0.914995
757.092515	0.914730
757.419882	0.914765
757.747203	0.915518
758.074477	0.916325
758.401703	0.914605
758.728882	0.913506
759.056014	0.913713
759.383099	0.913906
759.710138	0.912620
760.037129	0.911276
760.364073	0.912505
760.690970	0.912266
761.017820	0.912703
761.344623	0.914296
761.671379	0.911695
761.998088	0.909929
762.324751	0.903082
762.651366	0.886403
762.977935	0.859942
763.304456	0.844586
763.630931	0.844456
763.957359	0.857449
764.283740	0.874181
764.610074	0.887435
764.936362	0.897999
765.262602	0.906175
765.588796	0.913078
765.914943	0.918806
766.241044	0.923787
766.567097	0.926507
766.893104	0.930616
767.219064	0.931474
767.544978	0.935170
767.870845	0.937424
768.196665	0.938801
768.522438	0.941129
768.848165	0.941874
769.173846	0.944397
769.499479	0.946092
769.825066	0.946742
770.150607	0.949841
770.476101	0.948849
770.801548	0.949494
771.126949	0.951981
771.452303	0.952955
771.777611	0.955270
772.102872	0.954033
772.428087	0.955494
772.753256	0.956535
773.078378	0.957642
773.403453	0.958666
773.728482	0.961552
774.053465	0.960389
774.378401	0.960447
774.703291	0.963604
775.028135	0.963996
775.352932	0.963302
775.677683	0.964402
776.002388	0.965448
776.327046	0.965231
776.651658	0.966545
776.976224	0.967035
777.300743	0.966617
777.625216	0.966830
777.949643	0.968429
778.274024	0.966925
778.598359	0.968073
778.922647	0.968804
779.246889	0.969577
779.571086	0.970423
779.895236	0.970022
780.219339	0.970659
780.543397	0.968865
780.867409	0.969614
781.191374	0.969377
781.515294	0.971169
781.839167	0.970537
782.162995	0.970586
782.486776	0.969252
782.810511	0.970267
783.134201	0.971880
783.457844	0.972695
783.781441	0.972186
784.104993	0.972517
784.428498	0.974090
784.751958	0.975208
785.075372	0.975094
785.398739	0.974913
785.722061	0.973826
786.045337	0.973657
786.368568	0.974046
786.691752	0.975118
787.014891	0.972639
787.337983	0.969798
787.661030	0.966526
787.984031	0.963324
788.306987	0.960771
788.629897	0.959741
788.952760	0.964438
789.275579	0.965631
789.598351	0.968487
789.921078	0.972275
790.243759	0.973576
790.566395	0.974364
790.888984	0.975450
791.211529	0.976334
791.534027	0.977383
791.856480	0.978569
792.178888	0.978111
792.501249	0.979749
792.823566	0.980610
793.145836	0.980830
793.468062	0.980250
793.790241	0.981845
794.112375	0.979516
794.434464	0.980272
794.756507	0.979213
795.078505	0.979074
795.400457	0.977574
795.722364	0.976052
796.044226	0.973765
796.366042	0.972501
796.687812	0.972106
797.009538	0.974637
797.331218	0.975685
797.652852	0.976105
797.974442	0.975806
798.295986	0.977813
798.617484	0.977069
798.938938	0.979682
799.260346	0.979128
799.581709	0.980215
799.903026	0.982135
800.224299	0.981096
800.545526	0.981152
800.866708	0.982350
801.187845	0.983049
801.508936	0.984166
801.829983	0.982994
802.150984	0.984187
802.471940	0.983627
802.792851	0.984442
803.113717	0.984749
803.434538	0.984963
803.755314	0.985463
804.076045	0.985132
804.396731	0.984325
804.717372	0.984379
805.037967	0.985183
805.358518	0.984698
805.679024	0.983325
805.999485	0.984739
806.319901	0.983608
806.640272	0.984362
806.960598	0.983552
807.280879	0.983043
807.601115	0.984057
807.921306	0.985748
808.241453	0.983939
808.561554	0.984282
808.881611	0.984323
809.201623	0.983722
809.521590	0.985031
809.841513	0.984446
810.161390	0.984107
810.481223	0.984906
810.801011	0.985506
811.120755	0.986760
811.440453	0.986669
811.760107	0.986842
812.079716	0.986192
812.399281	0.986066
812.718801	0.986381
813.038276	0.987048
813.357707	0.987934
813.677093	0.987748
813.996434	0.987840
814.315731	0.989263
814.634983	0.988309
814.954191	0.988155
815.273354	0.986761
815.592473	0.987502
815.911547	0.987780
816.230577	0.986160
816.549562	0.985910
816.868502	0.986111
817.187399	0.986117
817.506250	0.986643
817.825058	0.986240
818.143821	0.985782
818.462539	0.984812
818.781213	0.983683
819.099843	0.982138
819.418429	0.978433
819.736970	0.976413
820.055466	0.972344
820.373919	0.970716
820.692327	0.965721
821.010691	0.960860
821.329011	0.942873
821.647286	0.912121
821.965517	0.879324
822.283704	0.864864
822.601847	0.868020
822.919945	0.883056
823.237999	0.899833
823.556010	0.912623
823.873976	0.923881
824.191897	0.935719
824.509775	0.945104
824.827609	0.952304
825.145398	0.956005
825.463144	0.955592
825.780845	0.955316
826.098502	0.951598
826.416116	0.943744
826.733685	0.934411
827.051210	0.930467
827.368692	0.934887
827.686129	0.943797
828.003522	0.953618
828.320872	0.960336
828.638177	0.967274
828.955439	0.973216
829.272656	0.976200
829.589830	0.978236
829.906960	0.981102
830.224046	0.983925
830.541088	0.984265
830.858086	0.985325
831.175041	0.986817
831.491952	0.986054
831.808819	0.985789
832.125642	0.985786
832.442421	0.984276
832.759157	0.981294
833.075849	0.973474
833.392497	0.963801
833.709101	0.958319
834.025662	0.958059
834.342179	0.963197
834.658653	0.969326
834.975083	0.975210
835.291469	0.979402
835.607811	0.981228
835.924110	0.983869
836.240366	0.987310
836.556578	0.988355
836.872746	0.989360
837.188871	0.990222
837.504952	0.991336
837.820990	0.992262
838.136984	0.991369
838.452935	0.992267
838.768842	0.992818
839.084706	0.991639
839.400526	0.988863
839.716303	0.981373
840.032037	0.980044
840.347727	0.979261
840.663373	0.982109
840.978977	0.985346
841.294537	0.988360
841.610054	0.990495
841.925527	0.993326
842.240957	0.993104
842.556344	0.993190
842.871687	0.994815
843.186987	0.995000
843.502244	0.996039
843.817458	0.995897
844.132629	0.996012
844.447756	0.995363
844.762840	0.996964
845.077881	0.998891
845.392879	0.995916
845.707833	0.996097
846.022745	0.996832
846.337613	0.997859
846.652438	0.997057
846.967221	0.997113
847.281960	0.997336
847.596656	0.997834
847.911309	0.997783
848.225919	0.996207
848.540485	0.997849
848.855009	0.998271
849.169490	0.997187
849.483928	0.997669
849.798323	0.996004
850.112675	0.998618
850.426984	0.998508
850.741251	0.998140
851.055474	0.997383
851.369654	0.997500
851.683792	0.996685
851.997887	0.998037
852.311938	0.998143
852.625947	0.996768
852.939914	0.997204
853.253837	0.998735
853.567718	0.998594
853.881555	0.997767
854.195350	0.998171
854.509103	0.998421
854.822812	0.998179
855.136479	0.998474
855.450103	0.997421
855.763685	0.997374
856.077224	0.998364
856.390720	0.997714
856.704173	0.998337
857.017584	0.997982
857.330953	0.997371
857.644278	0.997116
857.957561	0.997750
858.270802	0.998697
858.584000	0.997310
858.897155	0.997124
859.210268	0.998264
859.523339	0.998170
859.836367	0.997204
860.149352	0.996900
860.462295	0.997837
860.775195	0.996793
861.088054	0.996314
861.400869	0.997140
861.713642	0.996711
862.026373	0.998282
862.339062	0.998175
862.651708	0.997052
862.964312	0.998831
863.276873	0.998396
863.589392	0.997009
863.901869	0.996689
864.214303	0.997023
864.526696	0.997607
864.839045	0.997245
865.151353	0.996794
865.463619	0.996942
865.775842	0.998302
866.088023	0.997539
866.400162	0.997035
866.712258	0.997083
867.024313	0.998368
867.336325	0.998895
867.648296	0.996932
867.960224	0.996996
868.272110	0.997756
868.583954	0.996340
868.895755	0.997673
869.207515	0.996708
869.519233	0.996797
869.830909	0.996547
870.142542	0.995387
870.454134	0.996025
870.765684	0.996693
871.077191	0.996529
871.388657	0.997196
871.700081	0.996303
872.011463	0.997356
872.322803	0.996522
872.634101	0.996066
872.945357	0.995375
873.256571	0.995902
873.567744	0.995694
873.878874	0.995891
874.189963	0.994993
874.501010	0.997235
874.812015	0.995431
875.122979	0.995184
875.433900	0.994377
875.744780	0.996004
876.055618	0.994855
876.366415	0.994894
876.677169	0.995369
876.987882	0.995359
877.298554	0.996245
877.609183	0.995638
877.919771	0.994449
878.230317	0.994860
878.540822	0.992605
878.851285	0.992605
879.161707	0.992066
879.472087	0.992083
879.782425	0.987096
880.092722	0.984327
880.402977	0.976112
880.713191	0.965812
881.023363	0.951509
881.333494	0.943758
881.643583	0.942577
881.953631	0.943825
882.263637	0.946923
882.573602	0.953596
882.883526	0.957973
883.193408	0.964779
883.503248	0.967647
883.813048	0.972354
884.122806	0.976561
884.432522	0.978362
884.742197	0.984294
885.051831	0.985340
885.361424	0.985924
885.670975	0.988618
885.980485	0.988408
886.289954	0.990170
886.599382	0.989990
886.908768	0.992294
887.218113	0.991743
887.527417	0.993506
887.836680	0.993525
888.145901	0.993397
888.455082	0.995540
888.764221	0.995938
889.073319	0.994370
889.382376	0.996937
889.691392	0.993998
890.000366	0.994809
890.309300	0.994804
890.618193	0.995433
890.927044	0.995186
891.235855	0.994419
891.544625	0.994071
891.853353	0.995338
892.162041	0.994898
892.470687	0.995081
892.779293	0.992116
893.087858	0.991293
893.396381	0.990606
893.704864	0.988810
894.013306	0.985228
894.321707	0.983209
894.630068	0.978786
894.938387	0.978889
895.246665	0.978149
895.554903	0.979786
895.863100	0.983834
896.171256	0.984550
896.479371	0.987240
896.787446	0.989373
897.095480	0.991396
897.403473	0.992072
897.711425	0.990949
898.019336	0.992961
898.327207	0.993314
898.635038	0.992992
898.942827	0.994472
899.250576	0.994306
899.558284	0.994429
899.865952	0.993419
900.173579	0.994297
900.481165	0.994319
900.788711	0.994996
901.096216	0.995340
901.403681	0.996583
901.711105	0.996046
902.018489	0.995780
902.325832	0.996154
902.633135	0.996168
902.940397	0.995356
903.247619	0.993552
903.554800	0.989702
903.861941	0.983488
904.169041	0.977078
904.476101	0.974332
904.783121	0.973910
905.090100	0.975811
905.397039	0.979646
905.703938	0.983659
906.010796	0.985942
906.317614	0.989073
906.624391	0.990285
906.931129	0.993374
907.237826	0.994041
907.544483	0.995555
907.851099	0.994897
908.157675	0.996110
908.464211	0.996867
908.770707	0.995501
909.077163	0.997768
909.383578	0.998392
909.689954	0.996605
909.996289	0.997643
910.302584	0.998188
910.608839	0.999711
910.915054	0.998737
911.221229	0.998748
911.527363	0.996943
911.833458	0.997400
912.139513	0.997419
912.445527	0.997638
912.751502	0.997504
913.057436	0.996691
913.363331	0.998488
913.669186	0.996480
913.975000	0.996011
914.280775	0.994183
914.586510	0.992579
914.892205	0.989645
915.197859	0.988541
915.503475	0.983832
915.809050	0.980567
916.114585	0.976530
916.420081	0.976439
916.725536	0.977065
917.030952	0.978873
917.336328	0.980701
917.641665	0.981902
917.946961	0.985430
918.252218	0.986438
918.557435	0.988591
918.862612	0.990374
919.167750	0.992887
919.472848	0.993516
919.777906	0.994095
920.082925	0.995046
920.387904	0.996149
920.692843	0.994398
920.997743	0.994162
921.302603	0.996690
921.607423	0.995778
921.912204	0.996349
922.216946	0.997802
922.521647	0.997356
922.826310	0.996394
923.130932	0.997403
923.435516	0.997964
923.740059	0.997742
924.044564	0.997728
924.349028	0.997307
924.653454	0.998711
924.957840	0.998543
925.262186	0.998754
925.566493	0.998796
925.870761	0.998721
926.174989	0.997179
926.479178	0.999366
926.783328	0.999810
927.087438	0.997661
927.391509	0.999154
927.695541	1.000121
927.999533	1.000215
928.303486	1.000531
928.607400	1.000140
928.911275	0.999677
929.215110	1.000966
929.518906	1.000620
929.822663	1.000459
930.126381	1.001829
930.430060	0.999634
930.733699	1.000874
931.037299	1.000210
931.340861	0.999391
931.644383	0.998823
931.947866	1.000701
932.251309	0.999958
932.554714	0.998905
932.858080	1.000907
933.161407	0.998429
933.464694	1.000263
933.767943	1.000830
934.071153	1.001005
934.374323	1.000634
934.677455	1.000036
934.980548	0.999700
935.283602	1.001087
935.586617	0.999759
935.889593	1.001132
936.192530	1.000154
936.495428	0.998929
936.798287	0.999310
937.101108	0.998883
937.403890	0.999270
937.706632	0.999888
938.009336	0.999207
938.312002	0.998090
938.614628	0.998889
938.917216	0.997380
939.219765	0.998312
939.522275	0.999013
939.824747	0.997390
940.127179	0.997622
940.429573	0.999402
940.731929	0.998114
941.034246	0.999119
941.336524	0.997365
941.638763	0.999578
941.940964	0.998486
942.243126	0.998845
942.545250	0.999689
942.847335	0.999106
943.149381	1.000194
943.451389	0.998579
943.753359	0.999107
944.055290	1.001229
944.357182	1.000883
944.659036	1.000331
944.960851	1.000066
945.262628	1.000817
945.564367	0.999972
945.866067	0.999136
946.167729	0.999755
946.469352	1.000700
946.770937	0.998112
947.072484	1.001099
947.373992	1.000882
947.675462	0.998948
947.976893	0.999345
948.278286	1.001458
948.579641	1.000369
948.880958	1.000828
949.182236	1.001001
949.483476	1.000344
949.784678	0.999944
950.085841	0.999106
950.386967	1.000140
950.688054	1.000872
950.989103	0.999235
951.290114	0.999022
951.591087	1.000125
951.892021	0.999206
952.192917	0.998527
952.493776	1.000093
952.794596	0.999511
953.095378	1.000358
953.396122	0.998610
953.696828	0.999377
953.997496	1.000458
954.298126	1.000282
954.598718	0.999580
954.899272	1.000044
955.199788	0.999624
955.500266	1.001499
955.800706	1.001074
956.101108	1.001099
956.401472	1.000985
956.701798	1.000696
957.002087	1.001179
957.302337	1.000517
957.602550	1.000650
957.902724	1.000358
958.202861	1.001036
958.502960	1.000484
958.803022	1.001920
959.103045	1.001753
959.403031	1.001915
959.702979	1.002018
960.002889	1.001999
960.302762	0.999808
960.602596	1.001756
960.902393	1.003050
961.202153	1.002640
961.501875	1.001172
961.801559	1.002480
962.101205	1.000370
962.400814	1.001458
962.700385	1.002910
962.999918	1.001401
963.299414	1.000963
963.598873	1.001788
963.898293	1.000405
964.197677	1.000808
964.497022	1.002735
964.796331	1.001768
965.095601	1.002281
965.394835	1.001940
965.694030	1.001755
965.993189	1.002332
966.292309	1.002989
966.591393	1.001813
966.890439	1.002025
967.189447	1.001336
967.488419	1.002202
967.787353	1.001666
968.086249	1.001647
968.385108	1.001246
968.683930	1.002567
968.982714	1.001867
969.281462	1.001912
969.580172	1.002730
969.878844	1.003457
970.177480	1.001934
970.476078	1.003119
970.774639	1.002527
971.073162	1.002047
971.371649	1.001618
971.670098	1.002014
971.968510	1.002781
972.266885	1.001604
972.565223	1.002819
972.863524	1.000116
973.161788	1.000987
973.460014	1.002668
973.758204	1.001709
974.056356	1.002047
974.354471	1.002154
974.652550	1.002198
974.950591	1.000751
975.248595	1.000710
975.546563	1.002244
975.844493	1.003255
976.142386	1.001640
976.440243	1.002018
976.738062	1.002064
977.035845	1.001673
977.333590	1.002900
977.631299	1.002000
977.928971	1.000700
978.226606	1.002184
978.524204	1.001660
978.821765	1.002616
979.119290	1.002681
979.416777	1.001972
979.714228	1.001660
980.011642	1.002636
980.309020	1.002472
980.606360	1.001775
980.903664	1.003030
981.200931	1.000874
981.498162	1.002437
981.795356	1.001612
982.092513	1.001007
982.389633	1.002491
982.686717	0.999197
982.983764	1.000869
983.280775	1.001119
983.577749	1.001195
983.874686	0.999995
984.171587	1.000039
984.468451	1.000372
984.765279	1.002010
985.062070	1.002247
985.358824	1.000930
985.655543	1.002841
985.952224	1.002360
986.248869	1.002040
986.545478	1.003928
986.842050	1.002207
987.138586	1.001102
987.435086	1.000729
987.731549	1.003875
988.027975	1.003583
988.324366	1.002149
988.620719	1.002833
988.917037	1.002722
989.213318	1.003169
989.509563	1.001974
989.805772	1.004132
990.101944	1.002995
990.398080	1.002897
990.694180	1.003670
990.990244	1.002535
991.286271	1.002103
991.582262	1.002848
991.878217	1.001787
992.174136	1.003140
992.470019	1.002795
992.765865	1.003843
993.061676	1.003525
993.357450	1.002946
993.653188	1.003253
993.948890	1.002345
994.244556	1.002083
994.540186	1.002081
994.835780	1.002508
995.131337	1.003525
995.426859	1.003181
995.722345	1.001777
996.017795	1.001985
996.313208	1.002169
996.608586	1.003401
996.903928	1.002410
997.199234	1.000627
997.494504	1.002952
997.789738	1.001780
998.084936	1.002724
998.380099	1.001422
998.675225	1.003088
998.970316	1.002717
999.265371	1.002186
999.560390	1.003057
999.855373	1.003146
1000.150320	1.003107
1000.445232	1.002780
1000.740108	1.001424
1001.034948	1.001841
1001.329752	1.003793
1001.624521	1.003126
1001.919254	1.002621
1002.213951	1.003357
1002.508613	1.002492
1002.803239	1.001935
1003.097829	1.003972
1003.392384	1.003189
1003.686903	1.003180
1003.981386	1.002738
1004.275834	1.004613
1004.570246	1.001743
1004.864623	1.002563
1005.158964	1.003855
1005.453270	1.002345
1005.747540	1.002846
1006.041775	1.004028
1006.335974	1.003227
1006.630138	1.003156
1006.924266	1.001326
1007.218359	1.001333
1007.512416	1.002674
1007.806438	1.003394
1008.100425	1.003177
1008.394376	1.003557
1008.688292	1.001537
1008.982172	1.002732
1009.276017	1.003879
1009.569827	1.003786
1009.863602	1.000519
1010.157341	1.002954
1010.451045	1.002754
1010.744714	1.003913
1011.038347	1.002658
1011.331945	1.002056
1011.625508	1.003289
1011.919036	1.002534
1012.212528	1.002145
1012.505986	1.002629
1012.799408	1.002976
1013.092795	1.002897
1013.386147	1.002510
1013.679464	1.003737
1013.972745	1.003746
1014.265992	1.003737
1014.559204	1.002871
1014.852380	1.003506
1015.145521	1.003535
1015.438628	1.002562
1015.731699	1.002730
1016.024736	1.004147
1016.317737	1.002922
1016.610703	1.003187
1016.903635	1.002998
1017.196531	1.003143
1017.489393	1.001252
1017.782219	1.002263
1018.075011	1.002000
1018.367768	1.003216
1018.660490	1.002666
1018.953177	1.002666
1019.245829	1.002666
