Dividing Wavelength (nm)	Counts (n)	Blue Motor Position (mm): 22.600000	Red Motor Position (mm): 0.000000	
326.493990	1.001591
326.888308	1.001591
327.282561	1.001591
327.676750	1.001622
328.070874	1.003679
328.464933	1.003455
328.858929	1.001693
329.252859	1.002806
329.646726	1.001129
330.040528	1.002058
330.434265	1.001728
330.827938	1.001128
331.221547	1.001294
331.615091	1.003304
332.008571	1.003524
332.401986	1.001074
332.795338	1.002287
333.188625	1.003268
333.581847	1.001486
333.975006	1.002231
334.368100	1.002099
334.761129	1.001463
335.154095	1.002953
335.546996	1.001684
335.939833	0.999269
336.332606	0.999593
336.725315	0.999098
337.117960	0.999772
337.510540	0.999292
337.903056	1.000034
338.295508	1.000891
338.687896	1.000586
339.080220	1.000157
339.472480	0.999194
339.864676	1.000904
340.256807	0.999153
340.648875	1.000591
341.040879	0.999944
341.432818	1.001011
341.824694	0.999278
342.216506	1.000617
342.608253	0.999149
342.999937	0.999715
343.391557	1.000379
343.783113	1.001250
344.174605	0.999816
344.566033	0.999466
344.957397	0.999973
345.348697	1.001018
345.739934	0.999079
346.131106	0.998886
346.522215	0.998985
346.913260	1.000202
347.304241	0.998386
347.695159	1.000360
348.086012	0.999660
348.476802	1.000984
348.867528	0.998721
349.258191	1.000240
349.648789	0.998974
350.039324	1.000162
350.429796	0.998430
350.820203	0.999407
351.210548	0.999489
351.600828	0.998646
351.991045	0.998741
352.381198	0.999354
352.771288	0.999104
353.161314	0.998787
353.551276	0.998961
353.941175	0.997380
354.331010	0.998406
354.720782	0.999787
355.110490	0.999411
355.500135	0.999922
355.889717	0.998359
356.279235	0.998256
356.668689	0.999456
357.058080	0.999984
357.447408	0.997055
357.836672	0.998147
358.225873	0.997810
358.615010	0.998606
359.004084	0.997171
359.393095	0.998909
359.782043	0.998337
360.170927	0.998515
360.559748	0.999553
360.948505	0.998140
361.337199	0.997749
361.725830	0.998158
362.114398	0.997740
362.502903	0.997147
362.891344	0.997669
363.279722	0.997273
363.668037	0.997951
364.056289	0.997836
364.444478	0.998094
364.832603	0.997532
365.220665	0.998784
365.608665	0.997972
365.996601	0.996780
366.384474	0.996524
366.772284	0.997475
367.160031	0.995484
367.547715	0.996520
367.935336	0.995222
368.322893	0.994656
368.710388	0.992470
369.097820	0.992376
369.485189	0.988721
369.872495	0.988584
370.259738	0.985696
370.646918	0.982456
371.034035	0.979812
371.421090	0.978110
371.808081	0.972128
372.195010	0.968842
372.581875	0.964714
372.968678	0.959853
373.355418	0.957160
373.742096	0.949339
374.128710	0.944264
374.515262	0.940183
374.901751	0.933964
375.288177	0.929728
375.674540	0.922506
376.060841	0.917072
376.447079	0.911418
376.833254	0.904377
377.219367	0.897739
377.605417	0.886610
377.991404	0.883088
378.377329	0.877407
378.763191	0.870918
379.148991	0.861630
379.534727	0.854429
379.920402	0.846496
380.306013	0.842706
380.691563	0.830734
381.077049	0.822953
381.462474	0.819084
381.847835	0.808107
382.233134	0.803303
382.618371	0.802580
383.003545	0.786368
383.388657	0.784734
383.773706	0.776605
384.158693	0.772267
384.543618	0.767455
384.928480	0.758942
385.313280	0.748085
385.698017	0.748115
386.082692	0.736714
386.467305	0.734649
386.851856	0.728888
387.236344	0.723520
387.620770	0.717684
388.005133	0.712033
388.389435	0.706861
388.773674	0.704487
389.157851	0.696436
389.541965	0.693864
389.926018	0.700641
390.310008	0.686933
390.693936	0.683444
391.077802	0.675402
391.461606	0.677831
391.845348	0.667066
392.229027	0.666294
392.612645	0.664629
392.996200	0.652057
393.379694	0.645136
393.763125	0.635006
394.146494	0.639485
394.529801	0.629644
394.913047	0.622489
395.296230	0.628277
395.679351	0.619575
396.062410	0.615712
396.445408	0.618644
396.828343	0.613882
397.211217	0.609405
397.594028	0.621350
397.976778	0.611643
398.359466	0.607668
398.742092	0.604083
399.124656	0.616070
399.507158	0.602851
399.889598	0.600664
400.271977	0.592207
400.654294	0.596098
401.036549	0.594822
401.418742	0.599946
401.800874	0.585555
402.182944	0.581845
402.564952	0.573951
402.946898	0.575727
403.328783	0.576497
403.710606	0.587944
404.092367	0.563026
404.474067	0.567907
404.855705	0.566252
405.237282	0.575270
405.618797	0.561623
406.000250	0.557467
406.381642	0.547626
406.762972	0.552595
407.144240	0.551392
407.525447	0.550731
407.906593	0.544400
408.287677	0.539197
408.668700	0.547409
409.049661	0.541818
409.430560	0.536928
409.811399	0.544653
410.192176	0.526891
410.572891	0.534600
410.953545	0.521919
411.334138	0.535813
411.714669	0.528176
412.095139	0.539879
412.475547	0.523928
412.855894	0.526636
413.236180	0.525145
413.616405	0.530869
413.996568	0.520911
414.376670	0.527285
414.756711	0.532451
415.136691	0.528134
415.516609	0.520377
415.896466	0.516892
416.276262	0.513081
416.655997	0.514917
417.035670	0.495331
417.415283	0.487872
417.794834	0.492661
418.174324	0.498294
418.553753	0.506810
418.933121	0.489506
419.312428	0.482834
419.691674	0.489177
420.070859	0.477540
420.449983	0.485373
420.829045	0.474331
421.208047	0.483504
421.586988	0.476790
421.965867	0.475460
422.344686	0.464006
422.723444	0.477185
423.102141	0.493640
423.480777	0.467243
423.859352	0.486882
424.237866	0.464850
424.616319	0.464916
424.994712	0.456641
425.373044	0.466449
425.751314	0.454808
426.129524	0.471216
426.507673	0.454435
426.885762	0.448395
427.263789	0.453262
427.641756	0.463322
428.019662	0.453637
428.397508	0.452817
428.775292	0.456625
429.153016	0.449445
429.530679	0.455631
429.908282	0.448794
430.285824	0.458878
430.663305	0.437623
431.040726	0.458592
431.418086	0.458274
431.795385	0.449861
432.172624	0.448823
432.549802	0.449315
432.926920	0.448109
433.303977	0.447819
433.680974	0.444902
434.057910	0.443209
434.434786	0.442840
434.811601	0.445118
435.188355	0.427714
435.565050	0.437028
435.941683	0.438436
436.318257	0.422051
436.694770	0.423613
437.071222	0.421624
437.447614	0.425889
437.823946	0.432368
438.200218	0.421523
438.576429	0.431126
438.952580	0.423924
439.328670	0.421085
439.704700	0.427522
440.080670	0.429002
440.456580	0.409731
440.832429	0.417477
441.208218	0.428871
441.583947	0.417732
441.959616	0.417392
442.335224	0.422873
442.710773	0.413488
443.086261	0.411855
443.461689	0.425821
443.837057	0.415480
444.212365	0.405622
444.587612	0.412499
444.962800	0.402121
445.337927	0.404285
445.712995	0.429651
446.088002	0.391890
446.462949	0.402755
446.837837	0.407779
447.212664	0.396105
447.587431	0.387788
447.962139	0.358052
448.336786	0.316913
448.711374	0.327242
449.085901	0.371945
449.460369	0.376164
449.834776	0.380051
450.209124	0.359178
450.583412	0.351537
450.957640	0.344707
451.331808	0.356238
451.705917	0.379409
452.079965	0.384113
452.453954	0.372379
452.827883	0.379559
453.201752	0.374334
453.575562	0.385271
453.949311	0.373746
454.323001	0.379698
454.696632	0.375846
455.070202	0.368384
455.443713	0.360006
455.817164	0.354785
456.190556	0.351009
456.563888	0.347855
456.937160	0.345551
457.310373	0.362926
457.683526	0.361617
458.056619	0.367380
458.429653	0.367875
458.802628	0.371292
459.175542	0.365402
459.548398	0.348143
459.921194	0.340369
460.293930	0.340982
460.666607	0.318461
461.039224	0.306704
461.411782	0.302002
461.784280	0.301579
462.156719	0.305806
462.529099	0.310214
462.901419	0.326403
463.273680	0.330680
463.645882	0.330270
464.018024	0.336251
464.390106	0.329313
464.762130	0.313966
465.134094	0.297047
465.505999	0.266359
465.877845	0.237016
466.249631	0.224061
466.621358	0.231824
466.993026	0.245804
467.364634	0.252457
467.736184	0.261385
468.107674	0.270584
468.479105	0.270217
468.850477	0.277203
469.221790	0.284654
469.593043	0.295087
469.964238	0.300070
470.335373	0.300252
470.706449	0.299041
471.077467	0.300373
471.448425	0.263202
471.819324	0.239973
472.190164	0.239849
472.560945	0.269238
472.931667	0.292224
473.302330	0.297168
473.672934	0.309894
474.043479	0.299372
474.413965	0.301907
474.784393	0.306325
475.154761	0.302522
475.525070	0.300970
475.895321	0.307828
476.265513	0.303200
476.635645	0.299907
477.005719	0.301423
477.375734	0.299532
477.745691	0.294421
478.115588	0.292422
478.485427	0.287938
478.855207	0.277337
479.224928	0.263646
479.594591	0.253855
479.964194	0.258736
480.333739	0.260950
480.703226	0.264679
481.072653	0.266030
481.442022	0.265575
481.811333	0.264289
482.180584	0.270143
482.549777	0.277625
482.918912	0.283750
483.287988	0.286512
483.657005	0.289069
484.025964	0.297791
484.394864	0.298239
484.763706	0.301866
485.132489	0.309684
485.501213	0.314186
485.869879	0.315394
486.238487	0.322664
486.607036	0.324025
486.975527	0.333092
487.343959	0.332565
487.712333	0.335933
488.080648	0.341304
488.448905	0.345843
488.817104	0.350750
489.185244	0.350506
489.553326	0.353144
489.921350	0.350203
490.289315	0.341639
490.657222	0.341418
491.025070	0.348546
491.392861	0.354703
491.760593	0.364702
492.128267	0.374379
492.495883	0.383728
492.863440	0.394424
493.230939	0.405582
493.598380	0.412573
493.965763	0.421149
494.333088	0.426937
494.700354	0.435816
495.067563	0.439568
495.434713	0.449402
495.801805	0.453358
496.168839	0.461111
496.535815	0.469164
496.902733	0.474326
497.269593	0.482637
497.636395	0.486596
498.003139	0.494378
498.369825	0.502244
498.736453	0.507230
499.103023	0.514307
499.469535	0.521011
499.835989	0.527486
500.202385	0.535026
500.568723	0.544274
500.935003	0.546608
501.301226	0.558907
501.667390	0.559583
502.033497	0.566269
502.399546	0.573681
502.765537	0.582161
503.131470	0.588578
503.497345	0.593717
503.863163	0.604893
504.228923	0.607888
504.594625	0.613048
504.960269	0.623516
505.325856	0.627773
505.691385	0.637474
506.056856	0.642132
506.422270	0.649337
506.787625	0.656205
507.152924	0.662799
507.518164	0.668382
507.883347	0.676623
508.248472	0.683450
508.613540	0.688092
508.978550	0.696116
509.343503	0.702828
509.708398	0.708270
510.073236	0.713804
510.438016	0.719291
510.802738	0.726133
511.167403	0.732316
511.532010	0.739954
511.896561	0.742966
512.261053	0.748898
512.625488	0.756229
512.989866	0.762667
513.354186	0.767825
513.718449	0.775102
514.082655	0.778306
514.446803	0.785735
514.810894	0.790515
515.174927	0.797188
515.538904	0.801839
515.902822	0.806921
516.266684	0.812658
516.630488	0.818480
516.994235	0.822029
517.357925	0.828651
517.721558	0.832459
518.085133	0.836952
518.448651	0.841359
518.812112	0.846298
519.175516	0.851295
519.538863	0.854824
519.902152	0.859746
520.265385	0.864366
520.628560	0.867133
520.991678	0.872643
521.354739	0.876168
521.717743	0.880276
522.080690	0.883502
522.443580	0.888075
522.806413	0.891374
523.169189	0.895593
523.531908	0.898010
523.894569	0.902467
524.257174	0.905954
524.619722	0.908678
524.982213	0.911960
525.344647	0.915285
525.707025	0.917723
526.069345	0.920469
526.431608	0.924666
526.793815	0.926599
527.155964	0.930403
527.518057	0.932567
527.880093	0.935150
528.242072	0.937310
528.603995	0.939965
528.965860	0.942112
529.327669	0.944579
529.689421	0.946907
530.051117	0.949100
530.412755	0.951728
530.774337	0.952724
531.135862	0.955929
531.497331	0.956162
531.858743	0.958504
532.220098	0.959674
532.581396	0.962248
532.942638	0.963510
533.303824	0.965616
533.664953	0.965678
534.026025	0.968617
534.387040	0.968892
534.747999	0.970439
535.108902	0.971169
535.469748	0.973478
535.830537	0.974301
536.191270	0.974791
536.551947	0.974963
536.912567	0.976913
537.273131	0.977610
537.633638	0.978083
537.994089	0.979784
538.354483	0.980222
538.714821	0.980411
539.075103	0.981307
539.435328	0.982517
539.795497	0.982336
540.155609	0.983266
540.515665	0.984376
540.875665	0.984580
541.235609	0.985296
541.595496	0.985673
541.955328	0.985627
542.315102	0.986719
542.674821	0.986583
543.034483	0.988328
543.394090	0.987177
543.753640	0.988616
544.113134	0.988304
544.472571	0.989016
544.831953	0.989121
545.191278	0.989507
545.550548	0.989073
545.909761	0.989020
546.268918	0.990552
546.628019	0.990514
546.987064	0.990350
547.346053	0.990067
547.704986	0.990119
548.063863	0.990526
548.422684	0.990976
548.781449	0.990658
549.140158	0.991785
549.498811	0.991329
549.857408	0.991149
550.215949	0.990984
550.574434	0.991561
550.932864	0.991916
551.291237	0.991156
551.649555	0.992755
552.007817	0.992117
552.366022	0.991813
552.724173	0.993199
553.082267	0.992460
553.440305	0.992166
553.798288	0.992376
554.156215	0.991943
554.514086	0.993098
554.871902	0.992899
555.229661	0.992643
555.587365	0.993053
555.945014	0.993983
556.302606	0.992247
556.660143	0.993853
557.017625	0.993319
557.375050	0.993612
557.732421	0.993926
558.089735	0.992676
558.446994	0.992960
558.804197	0.993874
559.161345	0.993123
559.518437	0.993447
559.875474	0.993780
560.232455	0.994093
560.589381	0.993936
560.946251	0.993026
561.303065	0.994079
561.659825	0.993356
562.016528	0.994189
562.373177	0.993950
562.729770	0.994041
563.086307	0.993330
563.442789	0.994445
563.799216	0.993319
564.155587	0.994073
564.511904	0.994848
564.868164	0.993363
565.224370	0.994334
565.580520	0.994356
565.936615	0.994174
566.292654	0.994033
566.648638	0.994473
567.004567	0.994101
567.360441	0.994350
567.716260	0.993815
568.072023	0.993619
568.427732	0.994197
568.783385	0.994516
569.138982	0.994168
569.494525	0.994105
569.850013	0.994768
570.205445	0.994144
570.560823	0.994452
570.916145	0.994506
571.271412	0.994704
571.626625	0.994566
571.981782	0.995159
572.336884	0.994881
572.691931	0.994818
573.046923	0.994966
573.401860	0.994352
573.756743	0.994833
574.111570	0.994885
574.466342	0.995139
574.821059	0.995177
575.175722	0.995570
575.530330	0.994824
575.884882	0.994756
576.239380	0.994460
576.593823	0.994604
576.948211	0.994264
577.302544	0.994844
577.656823	0.994626
578.011047	0.994814
578.365216	0.995037
578.719330	0.995388
579.073389	0.994425
579.427394	0.994621
579.781344	0.995504
580.135239	0.994217
580.489080	0.994598
580.842866	0.994900
581.196597	0.994469
581.550273	0.994249
581.903895	0.994881
582.257463	0.994639
582.610975	0.994523
582.964434	0.994490
583.317837	0.994715
583.671186	0.995186
584.024481	0.995069
584.377721	0.993881
584.730906	0.994655
585.084037	0.995194
585.437113	0.995102
585.790135	0.995340
586.143103	0.994816
586.496016	0.994593
586.848874	0.995078
587.201679	0.994435
587.554428	0.994732
587.907124	0.995285
588.259765	0.995044
588.612352	0.995624
588.964884	0.994644
589.317362	0.995028
589.669786	0.994417
590.022155	0.994708
590.374470	0.994378
590.726731	0.993728
591.078937	0.995363
591.431090	0.994686
591.783188	0.994413
592.135232	0.995826
592.487222	0.994939
592.839157	0.994753
593.191038	0.994901
593.542866	0.995013
593.894639	0.994789
594.246358	0.994985
594.598022	0.995209
594.949633	0.995473
595.301190	0.995212
595.652692	0.994456
596.004141	0.995386
596.355535	0.994442
596.706876	0.995088
597.058162	0.995123
597.409395	0.995234
597.760573	0.994872
598.111698	0.994591
598.462768	0.994161
598.813785	0.994518
599.164748	0.995075
599.515657	0.994752
599.866511	0.995169
600.217312	0.995593
600.568060	0.994817
600.918753	0.995101
601.269392	0.995485
601.619978	0.995095
601.970510	0.995045
602.320988	0.995475
602.671412	0.994465
603.021783	0.995638
603.372100	0.995810
603.722363	0.995697
604.072572	0.994977
604.422728	0.995317
604.772830	0.994079
605.122878	0.995416
605.472872	0.995421
605.822813	0.994253
606.172701	0.995104
606.522534	0.995552
606.872314	0.995480
607.222041	0.995189
607.571714	0.994830
607.921333	0.995241
608.270899	0.995035
608.620411	0.994952
608.969870	0.995930
609.319276	0.995743
609.668627	0.995925
610.017926	0.994595
610.367171	0.995368
610.716362	0.995457
611.065500	0.994954
611.414585	0.995940
611.763616	0.994661
612.112594	0.994821
612.461518	0.994066
612.810389	0.995249
613.159207	0.994947
613.507971	0.994637
613.856682	0.995805
614.205340	0.994156
614.553945	0.995169
614.902496	0.994907
615.250994	0.995499
615.599439	0.994826
615.947830	0.994363
616.296169	0.994913
616.644454	0.995719
616.992686	0.994481
617.340864	0.995615
617.688990	0.995279
618.037063	0.995503
618.385082	0.994314
618.733048	0.994324
619.080961	0.994864
619.428821	0.995395
619.776628	0.994367
620.124382	0.995195
620.472083	0.995248
620.819731	0.995888
621.167326	0.995450
621.514868	0.995747
621.862357	0.995705
622.209793	0.995030
622.557176	0.995404
622.904506	0.994775
623.251783	0.995447
623.599007	0.995784
623.946179	0.994846
624.293297	0.995387
624.640363	0.995626
624.987376	0.994688
625.334336	0.995038
625.681243	0.995339
626.028097	0.995319
626.374899	0.995377
626.721647	0.995957
627.068343	0.994853
627.414987	0.995449
627.761577	0.993925
628.108115	0.994534
628.454600	0.996050
628.801032	0.995523
629.147412	0.996508
629.493739	0.996395
629.840014	0.995335
630.186236	0.995022
630.532405	0.995904
630.878521	0.994994
631.224585	0.995399
631.570597	0.995302
631.916556	0.995444
632.262462	0.994314
632.608316	0.995757
632.954117	0.994784
633.299866	0.994992
633.645562	0.995108
633.991206	0.996295
634.336797	0.995446
634.682336	0.996339
635.027823	0.995762
635.373257	0.995640
635.718639	0.996570
636.063968	0.994760
636.409245	0.995413
636.754470	0.995436
637.099642	0.996041
637.444762	0.995722
637.789829	0.994944
638.134845	0.995192
638.479808	0.995549
638.824719	0.996493
639.169577	0.995525
639.514383	0.995438
639.859137	0.995778
640.203839	0.995742
640.548489	0.995430
640.893086	0.995698
641.237632	0.995897
641.582125	0.995668
641.926566	0.995724
642.270955	0.995709
642.615292	0.995921
642.959576	0.994887
643.303809	0.995917
643.647990	0.995784
643.992118	0.996183
644.336195	0.994824
644.680219	0.995952
645.024192	0.995376
645.368112	0.995656
645.711981	0.995009
646.055797	0.995846
646.399562	0.994832
646.743274	0.996438
647.086935	0.994721
647.430544	0.995729
647.774101	0.995401
648.117606	0.995861
648.461059	0.995685
648.804460	0.994780
649.147810	0.994560
649.491108	0.995461
649.834354	0.994901
650.177548	0.995510
650.520690	0.994762
650.863781	0.994737
651.206820	0.995692
651.549807	0.995554
651.892742	0.996163
652.235626	0.995821
652.578458	0.996032
652.921238	0.995712
653.263967	0.995326
653.606644	0.995291
653.949269	0.996236
654.291843	0.994769
654.634365	0.995196
654.976836	0.995049
655.319255	0.996586
655.661622	0.996015
656.003938	0.995732
656.346203	0.995006
656.688416	0.996057
657.030577	0.995295
657.372687	0.996605
657.714746	0.995379
658.056753	0.995637
658.398708	0.995782
658.740612	0.996910
659.082465	0.995175
659.424266	0.995512
659.766016	0.994729
660.107715	0.996153
660.449362	0.995734
660.790958	0.995509
661.132503	0.996130
661.473996	0.994745
661.815438	0.995660
662.156829	0.995853
662.498168	0.996555
662.839456	0.995058
663.180693	0.996328
663.521879	0.995476
663.863013	0.995888
664.204097	0.995920
664.545129	0.995265
664.886110	0.995957
665.227040	0.995772
665.567918	0.995641
665.908746	0.995500
666.249522	0.994058
666.590248	0.994605
666.930922	0.995027
667.271545	0.994942
667.612118	0.996370
667.952639	0.995362
668.293109	0.995801
668.633528	0.995309
668.973896	0.994701
669.314213	0.994971
669.654480	0.995143
669.994695	0.994852
670.334859	0.995939
670.674973	0.994975
671.015035	0.995395
671.355047	0.995606
671.695008	0.994801
672.034918	0.995482
672.374777	0.996014
672.714585	0.995141
673.054342	0.995957
673.394049	0.995644
673.733705	0.995101
674.073310	0.995352
674.412864	0.995470
674.752368	0.995050
675.091820	0.995847
675.431223	0.996072
675.770574	0.994689
676.109875	0.994542
676.449125	0.995145
676.788324	0.994518
677.127473	0.995534
677.466571	0.995869
677.805619	0.995672
678.144616	0.996598
678.483562	0.996132
678.822458	0.995841
679.161303	0.994927
679.500098	0.995235
679.838842	0.996365
680.177535	0.995034
680.516179	0.994935
680.854771	0.995251
681.193314	0.995194
681.531805	0.995056
681.870247	0.995240
682.208638	0.994836
682.546978	0.993853
682.885268	0.994506
683.223508	0.995162
683.561697	0.994953
683.899836	0.994206
684.237925	0.994361
684.575963	0.994902
684.913951	0.995387
685.251889	0.994462
685.589776	0.995029
685.927614	0.994590
686.265401	0.995009
686.603137	0.995261
686.940824	0.994780
687.278460	0.995121
687.616046	0.994878
687.953582	0.995212
688.291068	0.995161
688.628504	0.994516
688.965889	0.993692
689.303224	0.993904
689.640510	0.994255
689.977745	0.994532
690.314930	0.994863
690.652065	0.994264
690.989150	0.994042
691.326185	0.995548
691.663170	0.994855
692.000105	0.994589
692.336990	0.995095
692.673825	0.994942
693.010610	0.994860
693.347345	0.995378
693.684030	0.994430
694.020665	0.995169
694.357251	0.995263
694.693786	0.995202
695.030272	0.993983
695.366707	0.994754
695.703093	0.994322
696.039429	0.994348
696.375716	0.994711
696.711952	0.995309
697.048139	0.995752
697.384276	0.995374
697.720363	0.995114
698.056400	0.994357
698.392388	0.994140
698.728326	0.994633
699.064214	0.995338
699.400053	0.995015
699.735842	0.996471
700.071581	0.994817
700.407270	0.994559
700.742910	0.995518
701.078501	0.995196
701.414042	0.995579
701.749533	0.995271
702.084974	0.995464
702.420366	0.996073
702.755709	0.995029
703.091002	0.995620
703.426246	0.995993
703.761440	0.995554
704.096584	0.995096
704.431679	0.995010
704.766725	0.994806
705.101721	0.995623
705.436668	0.995321
705.771565	0.995136
706.106413	0.994128
706.441212	0.996304
706.775961	0.996422
707.110661	0.995496
707.445311	0.996004
707.779913	0.996516
708.114465	0.995312
708.448967	0.996008
708.783421	0.995999
709.117825	0.995094
709.452180	0.995664
709.786485	0.995608
710.120742	0.994047
710.454949	0.994472
710.789107	0.995226
711.123216	0.994502
711.457275	0.994011
711.791286	0.994866
712.125247	0.995922
712.459159	0.993634
712.793023	0.994277
713.126837	0.994706
713.460602	0.994238
713.794318	0.993515
714.127985	0.993448
714.461602	0.994656
714.795171	0.994379
715.128691	0.994728
715.462162	0.995533
715.795584	0.995013
716.128957	0.995413
716.462281	0.995320
716.795556	0.994197
717.128782	0.995926
717.461960	0.995408
717.795088	0.995046
718.128167	0.996123
718.461198	0.994842
718.794180	0.995257
719.127113	0.995189
719.459997	0.993979
719.792833	0.995646
720.125619	0.995035
720.458357	0.994785
720.791046	0.995733
721.123686	0.994863
721.456278	0.995773
721.788821	0.995218
722.121315	0.996146
722.453761	0.994931
722.786158	0.995252
723.118506	0.994983
723.450805	0.995377
723.783056	0.995921
724.115259	0.995387
724.447412	0.996692
724.779518	0.995643
725.111574	0.994735
725.443582	0.995425
725.775542	0.995644
726.107453	0.995675
726.439315	0.995721
726.771129	0.995225
727.102895	0.994973
727.434612	0.994889
727.766281	0.995094
728.097901	0.995139
728.429473	0.995517
728.760996	0.994128
729.092471	0.994509
729.423897	0.995399
729.755276	0.995098
730.086606	0.994567
730.417887	0.995472
730.749120	0.995098
731.080305	0.995437
731.411442	0.993906
731.742530	0.993485
732.073570	0.994962
732.404562	0.995012
732.735506	0.995442
733.066401	0.994052
733.397249	0.993835
733.728048	0.994415
734.058798	0.994642
734.389501	0.995422
734.720156	0.995035
735.050762	0.995465
735.381320	0.995059
735.711831	0.994415
736.042293	0.995616
736.372707	0.996992
736.703073	0.994534
737.033391	0.995172
737.363661	0.994957
737.693883	0.996093
738.024056	0.994630
738.354182	0.995336
738.684260	0.994478
739.014290	0.995274
739.344272	0.994720
739.674207	0.995677
740.004093	0.994981
740.333931	0.995376
740.663722	0.994762
740.993464	0.994520
741.323159	0.994376
741.652806	0.995109
741.982405	0.994393
742.311956	0.995296
742.641460	0.995358
742.970915	0.994979
743.300323	0.995180
743.629683	0.995075
743.958996	0.996265
744.288260	0.994371
744.617477	0.995462
744.946647	0.995141
745.275768	0.996130
745.604842	0.994211
745.933869	0.995398
746.262847	0.996338
746.591778	0.995118
746.920662	0.996192
747.249498	0.996639
747.578286	0.996830
747.907027	0.995620
748.235720	0.995816
748.564365	0.995602
748.892963	0.995097
749.221514	0.995463
749.550017	0.994673
749.878473	0.996647
750.206881	0.996210
750.535242	0.995378
750.863555	0.995529
751.191821	0.995714
751.520039	0.994622
751.848210	0.993645
752.176334	0.994643
752.504411	0.995477
752.832440	0.994198
753.160421	0.995379
753.488356	0.995833
753.816243	0.994946
754.144082	0.995273
754.471875	0.995541
754.799620	0.996506
755.127318	0.995757
755.454969	0.995600
755.782572	0.996257
756.110129	0.995836
756.437638	0.997162
756.765100	0.996513
757.092515	0.995405
757.419882	0.995615
757.747203	0.996052
758.074477	0.996360
758.401703	0.996153
758.728882	0.996271
759.056014	0.995443
759.383099	0.995295
759.710138	0.995332
760.037129	0.995533
760.364073	0.996010
760.690970	0.995322
761.017820	0.994149
761.344623	0.995594
761.671379	0.996907
761.998088	0.995241
762.324751	0.995205
762.651366	0.994454
762.977935	0.992902
763.304456	0.993591
763.630931	0.990294
763.957359	0.989981
764.283740	0.991178
764.610074	0.992349
764.936362	0.993694
765.262602	0.994322
765.588796	0.994924
765.914943	0.994151
766.241044	0.994775
766.567097	0.995221
766.893104	0.995273
767.219064	0.994706
767.544978	0.995579
767.870845	0.996218
768.196665	0.996107
768.522438	0.996306
768.848165	0.996147
769.173846	0.997208
769.499479	0.997567
769.825066	0.997496
770.150607	0.997411
770.476101	0.996838
770.801548	0.997596
771.126949	0.997954
771.452303	0.997492
771.777611	0.996816
772.102872	0.996990
772.428087	0.997441
772.753256	0.997073
773.078378	0.997195
773.403453	0.996531
773.728482	0.997955
774.053465	0.997195
774.378401	0.997697
774.703291	0.996901
775.028135	0.997798
775.352932	0.995981
775.677683	0.997875
776.002388	0.998104
776.327046	0.996903
776.651658	0.998581
776.976224	0.998160
777.300743	0.997484
777.625216	0.997333
777.949643	0.998794
778.274024	0.997318
778.598359	0.997285
778.922647	0.997925
779.246889	0.997712
779.571086	0.997056
779.895236	0.997178
780.219339	0.998103
780.543397	0.996804
780.867409	0.997487
781.191374	0.997242
781.515294	0.998698
781.839167	0.998374
782.162995	0.997717
782.486776	0.997368
782.810511	0.997643
783.134201	0.998193
783.457844	0.997336
783.781441	0.998509
784.104993	0.996765
784.428498	0.997575
784.751958	0.998193
785.075372	0.998607
785.398739	0.996883
785.722061	0.997428
786.045337	0.998229
786.368568	0.997524
786.691752	0.998074
787.014891	0.998135
787.337983	0.996796
787.661030	0.996998
787.984031	0.997784
788.306987	0.996861
788.629897	0.994545
788.952760	0.997895
789.275579	0.996948
789.598351	0.996205
789.921078	0.997464
790.243759	0.996998
790.566395	0.997132
790.888984	0.998092
791.211529	0.996997
791.534027	0.997297
791.856480	0.998112
792.178888	0.997273
792.501249	0.997700
792.823566	1.000088
793.145836	0.998093
793.468062	0.998238
793.790241	0.998694
794.112375	0.997186
794.434464	0.998528
794.756507	0.998481
795.078505	0.998405
795.400457	0.998417
795.722364	0.998280
796.044226	0.997419
796.366042	0.996677
796.687812	0.996175
797.009538	0.996457
797.331218	0.998253
797.652852	0.997743
797.974442	0.997670
798.295986	0.997395
798.617484	0.996851
798.938938	0.997289
799.260346	0.997559
799.581709	0.996385
799.903026	0.997910
800.224299	0.996967
800.545526	0.997834
800.866708	0.996833
801.187845	0.998078
801.508936	0.998052
801.829983	0.997310
802.150984	0.998277
802.471940	0.997894
802.792851	0.997232
803.113717	0.998746
803.434538	0.998978
803.755314	0.999069
804.076045	0.998050
804.396731	0.998055
804.717372	0.996782
805.037967	0.999008
805.358518	0.998732
805.679024	0.997168
805.999485	0.999427
806.319901	0.998652
806.640272	0.999533
806.960598	0.998517
807.280879	0.997249
807.601115	0.998462
807.921306	0.998945
808.241453	0.998535
808.561554	0.998356
808.881611	0.998707
809.201623	0.998251
809.521590	0.997779
809.841513	0.998259
810.161390	0.997682
810.481223	0.997445
810.801011	0.999221
811.120755	0.999412
811.440453	0.997062
811.760107	0.998010
812.079716	0.997828
812.399281	0.997286
812.718801	0.997061
813.038276	0.997238
813.357707	0.998718
813.677093	0.999051
813.996434	0.998709
814.315731	0.999244
814.634983	0.998082
814.954191	0.998971
815.273354	0.998395
815.592473	0.997868
815.911547	0.998868
816.230577	0.997845
816.549562	0.997914
816.868502	0.996773
817.187399	0.998826
817.506250	0.998031
817.825058	0.995951
818.143821	0.997191
818.462539	0.997059
818.781213	0.996108
819.099843	0.996946
819.418429	0.995529
819.736970	0.995561
820.055466	0.994054
820.373919	0.994128
820.692327	0.993131
821.010691	0.992250
821.329011	0.989307
821.647286	0.985538
821.965517	0.982875
822.283704	0.978893
822.601847	0.976847
822.919945	0.977449
823.237999	0.980438
823.556010	0.982044
823.873976	0.983358
824.191897	0.985255
824.509775	0.987147
824.827609	0.988707
825.145398	0.990603
825.463144	0.989542
825.780845	0.989433
826.098502	0.989489
826.416116	0.989050
826.733685	0.986747
827.051210	0.984105
827.368692	0.985037
827.686129	0.986182
828.003522	0.989452
828.320872	0.989419
828.638177	0.992437
828.955439	0.993512
829.272656	0.994806
829.589830	0.994960
829.906960	0.995936
830.224046	0.995968
830.541088	0.996305
830.858086	0.996560
831.175041	0.997497
831.491952	0.996701
831.808819	0.996449
832.125642	0.995997
832.442421	0.996433
832.759157	0.996345
833.075849	0.993295
833.392497	0.991885
833.709101	0.989919
834.025662	0.990721
834.342179	0.991088
834.658653	0.993233
834.975083	0.994235
835.291469	0.994500
835.607811	0.994961
835.924110	0.996451
836.240366	0.997829
836.556578	0.997005
836.872746	0.999193
837.188871	0.997583
837.504952	0.997458
837.820990	0.998677
838.136984	0.997885
838.452935	0.998272
838.768842	0.998480
839.084706	0.998392
839.400526	0.997548
839.716303	0.995044
840.032037	0.995463
840.347727	0.994648
840.663373	0.995781
840.978977	0.996406
841.294537	0.996647
841.610054	0.997925
841.925527	0.997435
842.240957	0.999271
842.556344	0.998594
842.871687	0.998241
843.186987	0.998694
843.502244	0.999453
843.817458	0.999033
844.132629	0.999283
844.447756	0.999691
844.762840	0.998896
845.077881	1.001503
845.392879	0.999219
845.707833	1.000120
846.022745	0.999633
846.337613	0.999827
846.652438	0.999770
846.967221	0.999560
847.281960	1.000404
847.596656	1.000388
847.911309	1.000807
848.225919	0.999085
848.540485	0.999224
848.855009	1.001022
849.169490	1.000276
849.483928	0.999824
849.798323	1.000162
850.112675	1.001096
850.426984	1.000106
850.741251	1.000538
851.055474	0.999681
851.369654	1.000881
851.683792	0.998930
851.997887	0.999400
852.311938	1.000546
852.625947	0.998759
852.939914	0.998734
853.253837	1.000815
853.567718	1.000476
853.881555	1.000715
854.195350	0.999363
854.509103	0.999879
854.822812	1.000481
855.136479	0.999721
855.450103	1.000603
855.763685	1.000311
856.077224	1.000307
856.390720	0.999994
856.704173	1.000783
857.017584	1.000798
857.330953	1.000203
857.644278	1.000673
857.957561	1.000259
858.270802	1.000966
858.584000	0.999839
858.897155	0.998786
859.210268	0.999830
859.523339	0.999789
859.836367	1.000558
860.149352	0.999200
860.462295	0.998933
860.775195	0.999277
861.088054	0.999013
861.400869	0.999576
861.713642	0.999096
862.026373	1.001131
862.339062	1.000385
862.651708	0.998712
862.964312	1.000880
863.276873	0.999548
863.589392	0.999602
863.901869	1.000044
864.214303	0.999654
864.526696	1.001190
864.839045	0.999125
865.151353	0.999106
865.463619	0.998483
865.775842	0.998863
866.088023	1.001377
866.400162	1.000207
866.712258	1.000800
867.024313	1.000219
867.336325	1.000163
867.648296	0.999792
867.960224	0.999400
868.272110	1.000366
868.583954	1.000127
868.895755	0.999381
869.207515	0.999858
869.519233	1.000275
869.830909	0.999308
870.142542	0.998545
870.454134	0.999134
870.765684	0.999167
871.077191	0.999466
871.388657	0.999327
871.700081	0.999759
872.011463	1.000047
872.322803	0.999959
872.634101	0.998487
872.945357	0.999351
873.256571	0.999448
873.567744	0.998981
873.878874	0.999180
874.189963	0.997982
874.501010	1.000733
874.812015	0.999790
875.122979	0.999125
875.433900	0.998984
875.744780	0.999936
876.055618	0.998212
876.366415	0.998396
876.677169	0.998550
876.987882	0.998626
877.298554	0.999113
877.609183	0.999039
877.919771	0.998734
878.230317	0.998761
878.540822	0.998113
878.851285	0.997352
879.161707	0.997244
879.472087	0.997395
879.782425	0.994389
880.092722	0.992636
880.402977	0.990068
880.713191	0.986827
881.023363	0.982251
881.333494	0.980573
881.643583	0.980655
881.953631	0.980136
882.263637	0.979745
882.573602	0.981711
882.883526	0.983253
883.193408	0.984970
883.503248	0.986676
883.813048	0.988070
884.122806	0.990663
884.432522	0.991880
884.742197	0.993360
885.051831	0.993110
885.361424	0.994967
885.670975	0.996422
885.980485	0.995350
886.289954	0.995839
886.599382	0.996463
886.908768	0.998486
887.218113	0.996533
887.527417	0.997094
887.836680	0.998799
888.145901	0.998324
888.455082	0.999561
888.764221	0.999963
889.073319	0.997870
889.382376	0.999561
889.691392	0.997819
890.000366	0.998804
890.309300	0.998572
890.618193	0.997942
890.927044	0.998051
891.235855	0.997980
891.544625	0.998344
891.853353	0.999210
892.162041	0.998632
892.470687	0.999446
892.779293	0.997769
893.087858	0.995476
893.396381	0.996175
893.704864	0.994713
894.013306	0.993852
894.321707	0.993252
894.630068	0.991286
894.938387	0.989832
895.246665	0.990459
895.554903	0.991005
895.863100	0.993133
896.171256	0.993565
896.479371	0.994292
896.787446	0.994414
897.095480	0.995031
897.403473	0.995445
897.711425	0.996990
898.019336	0.997004
898.327207	0.997935
898.635038	0.996733
898.942827	0.997692
899.250576	0.997737
899.558284	0.998599
899.865952	0.998402
900.173579	0.999189
900.481165	0.998441
900.788711	0.997841
901.096216	0.998123
901.403681	0.998233
901.711105	0.999024
902.018489	0.998070
902.325832	0.999251
902.633135	0.998945
902.940397	0.999429
903.247619	0.997681
903.554800	0.996095
903.861941	0.992855
904.169041	0.989728
904.476101	0.987983
904.783121	0.988114
905.090100	0.989499
905.397039	0.989915
905.703938	0.991928
906.010796	0.992988
906.317614	0.995421
906.624391	0.996586
906.931129	0.998110
907.237826	0.998279
907.544483	0.997822
907.851099	0.999461
908.157675	0.998599
908.464211	0.999879
908.770707	0.998617
909.077163	0.999015
909.383578	0.998971
909.689954	0.999461
909.996289	0.999385
910.302584	0.999771
910.608839	1.001161
910.915054	0.999063
911.221229	1.000621
911.527363	0.999167
911.833458	1.000168
912.139513	0.999539
912.445527	0.999764
912.751502	0.999710
913.057436	0.999416
913.363331	1.000008
913.669186	0.999036
913.975000	0.999177
914.280775	0.997996
914.586510	0.996594
914.892205	0.995146
915.197859	0.994189
915.503475	0.992472
915.809050	0.989657
916.114585	0.988310
916.420081	0.987961
916.725536	0.989768
917.030952	0.989865
917.336328	0.990534
917.641665	0.991528
917.946961	0.992520
918.252218	0.991688
918.557435	0.993839
918.862612	0.995905
919.167750	0.996884
919.472848	0.996321
919.777906	0.997141
920.082925	0.998321
920.387904	0.998833
920.692843	0.998268
920.997743	0.998668
921.302603	0.998461
921.607423	0.998390
921.912204	0.999081
922.216946	1.001325
922.521647	0.999627
922.826310	0.999022
923.130932	0.999403
923.435516	0.999880
923.740059	0.999470
924.044564	0.999456
924.349028	0.999254
924.653454	1.001948
924.957840	0.999271
925.262186	0.998861
925.566493	1.000150
925.870761	0.999446
926.174989	0.999556
926.479178	1.002155
926.783328	1.000062
927.087438	1.000802
927.391509	0.999409
927.695541	1.000481
927.999533	1.000813
928.303486	1.000569
928.607400	1.001908
928.911275	1.001467
929.215110	1.000652
929.518906	1.001403
929.822663	1.001705
930.126381	1.002399
930.430060	1.001454
930.733699	1.000537
931.037299	1.001312
931.340861	1.001914
931.644383	1.000148
931.947866	1.001146
932.251309	1.001645
932.554714	1.000274
932.858080	1.001124
933.161407	1.000604
933.464694	1.001139
933.767943	1.000211
934.071153	1.000459
934.374323	1.001683
934.677455	1.001042
934.980548	1.000837
935.283602	0.999844
935.586617	1.000990
935.889593	1.001261
936.192530	1.001023
936.495428	1.001538
936.798287	1.000879
937.101108	1.000932
937.403890	1.000315
937.706632	1.002269
938.009336	1.000403
938.312002	1.000192
938.614628	1.000467
938.917216	0.999569
939.219765	0.998195
939.522275	1.000348
939.824747	0.999627
940.127179	0.999695
940.429573	1.000831
940.731929	1.000692
941.034246	0.999241
941.336524	1.000726
941.638763	0.999304
941.940964	0.999472
942.243126	1.001286
942.545250	1.000747
942.847335	1.001256
943.149381	1.001237
943.451389	1.001187
943.753359	1.001217
944.055290	1.000931
944.357182	1.001359
944.659036	1.000279
944.960851	1.001268
945.262628	1.001377
945.564367	1.000892
945.866067	0.999178
946.167729	1.000398
946.469352	1.000010
946.770937	0.999234
947.072484	1.001383
947.373992	1.000671
947.675462	0.999190
947.976893	1.000278
948.278286	1.001685
948.579641	1.001324
948.880958	1.000240
949.182236	1.000631
949.483476	1.001473
949.784678	1.001844
950.085841	1.000439
950.386967	1.000277
950.688054	1.000246
950.989103	0.998565
951.290114	0.999979
951.591087	1.000104
951.892021	1.001376
952.192917	1.001068
952.493776	0.999909
952.794596	1.000218
953.095378	0.999452
953.396122	0.999688
953.696828	1.001136
953.997496	1.000578
954.298126	1.001625
954.598718	0.999633
954.899272	1.000815
955.199788	1.001516
955.500266	1.001250
955.800706	1.000469
956.101108	1.000822
956.401472	1.002012
956.701798	1.001916
957.002087	1.000715
957.302337	1.000870
957.602550	1.001122
957.902724	1.001847
958.202861	1.001305
958.502960	1.000257
958.803022	1.002533
959.103045	1.000639
959.403031	1.002637
959.702979	1.002694
960.002889	1.001923
960.302762	1.000926
960.602596	1.001459
960.902393	1.000887
961.202153	1.002510
961.501875	1.001600
961.801559	1.002121
962.101205	1.001116
962.400814	1.002556
962.700385	1.001545
962.999918	1.001718
963.299414	1.000341
963.598873	1.001939
963.898293	1.001832
964.197677	1.001649
964.497022	1.001750
964.796331	1.001438
965.095601	1.002764
965.394835	1.002217
965.694030	1.001429
965.993189	1.001277
966.292309	1.001813
966.591393	1.000164
966.890439	1.003212
967.189447	1.001429
967.488419	1.000559
967.787353	1.002452
968.086249	1.002863
968.385108	1.001339
968.683930	1.002606
968.982714	1.001416
969.281462	1.002070
969.580172	1.002147
969.878844	1.001990
970.177480	1.001795
970.476078	1.002311
970.774639	1.001318
971.073162	1.001595
971.371649	1.001918
971.670098	1.001212
971.968510	1.001936
972.266885	1.001838
972.565223	1.001601
972.863524	1.000301
973.161788	1.000951
973.460014	1.002516
973.758204	1.002224
974.056356	1.001100
974.354471	1.000733
974.652550	1.001858
974.950591	1.001254
975.248595	0.999832
975.546563	1.002620
975.844493	1.002285
976.142386	0.999875
976.440243	1.002641
976.738062	1.001892
977.035845	1.001391
977.333590	1.002707
977.631299	1.000647
977.928971	1.000972
978.226606	1.001057
978.524204	1.000637
978.821765	1.001322
979.119290	1.001702
979.416777	1.002131
979.714228	1.000832
980.011642	1.001944
980.309020	1.001939
980.606360	1.000890
980.903664	1.001111
981.200931	1.000799
981.498162	1.001707
981.795356	1.000794
982.092513	1.001500
982.389633	1.001792
982.686717	1.000995
982.983764	1.002172
983.280775	1.001423
983.577749	1.001837
983.874686	1.000989
984.171587	1.000305
984.468451	1.001290
984.765279	1.002553
985.062070	1.000829
985.358824	1.000600
985.655543	1.001729
985.952224	1.001922
986.248869	1.000997
986.545478	1.002695
986.842050	1.001804
987.138586	1.000234
987.435086	1.001354
987.731549	1.002297
988.027975	1.002610
988.324366	1.001104
988.620719	1.003455
988.917037	1.000677
989.213318	1.002545
989.509563	1.002974
989.805772	1.003457
990.101944	1.003497
990.398080	1.002479
990.694180	1.002970
990.990244	1.001404
991.286271	1.002634
991.582262	1.002153
991.878217	1.001791
992.174136	1.001288
992.470019	1.001233
992.765865	1.003127
993.061676	1.002458
993.357450	1.002238
993.653188	1.001180
993.948890	1.000783
994.244556	1.001031
994.540186	1.001746
994.835780	1.000466
995.131337	1.001783
995.426859	1.001376
995.722345	1.001638
996.017795	1.000530
996.313208	1.002636
996.608586	1.000976
996.903928	1.000531
997.199234	1.001982
997.494504	1.002895
997.789738	1.000345
998.084936	1.001598
998.380099	1.001167
998.675225	1.002960
998.970316	1.002708
999.265371	1.002354
999.560390	1.001501
999.855373	1.001693
1000.150320	1.002317
1000.445232	1.001194
1000.740108	1.003008
1001.034948	1.000329
1001.329752	1.001720
1001.624521	1.001195
1001.919254	1.002085
1002.213951	1.002274
1002.508613	1.000602
1002.803239	1.001488
1003.097829	1.002816
1003.392384	1.001955
1003.686903	1.001595
1003.981386	1.001402
1004.275834	1.003553
1004.570246	1.001126
1004.864623	1.001546
1005.158964	1.002598
1005.453270	1.001168
1005.747540	1.001733
1006.041775	1.000618
1006.335974	1.002235
1006.630138	1.002185
1006.924266	1.002092
1007.218359	1.000453
1007.512416	1.002058
1007.806438	1.002702
1008.100425	1.002017
1008.394376	1.001661
1008.688292	1.001017
1008.982172	1.001389
1009.276017	1.002983
1009.569827	1.002554
1009.863602	1.000762
1010.157341	1.003075
1010.451045	1.001992
1010.744714	1.002867
1011.038347	1.002319
1011.331945	1.001329
1011.625508	1.001678
1011.919036	1.002013
1012.212528	1.002380
1012.505986	1.001887
1012.799408	1.002976
1013.092795	1.002679
1013.386147	1.001455
1013.679464	1.002626
1013.972745	1.001402
1014.265992	1.001881
1014.559204	1.002714
1014.852380	1.003403
1015.145521	1.002408
1015.438628	1.001809
1015.731699	1.002409
1016.024736	1.002681
1016.317737	1.001178
1016.610703	1.002109
1016.903635	1.000893
1017.196531	1.001644
1017.489393	1.001878
1017.782219	1.001187
1018.075011	1.000977
1018.367768	1.001545
1018.660490	1.001891
1018.953177	1.001891
1019.245829	1.001891
