Dividing Wavelength (nm)	Counts (n)	Blue Motor Position (mm): 43.500000	Red Motor Position (mm): 0.000000	
326.493990	0.999925
326.888308	0.999925
327.282561	0.999925
327.676750	0.999999
328.070874	1.000558
328.464933	1.001331
328.858929	1.001891
329.252859	0.999558
329.646726	1.000423
330.040528	1.000181
330.434265	1.000369
330.827938	0.998254
331.221547	1.000664
331.615091	1.000145
332.008571	1.001064
332.401986	1.000296
332.795338	0.998678
333.188625	1.000218
333.581847	1.000087
333.975006	1.001046
334.368100	1.000876
334.761129	0.999028
335.154095	1.001057
335.546996	0.999139
335.939833	1.000136
336.332606	1.000736
336.725315	0.999139
337.117960	1.001883
337.510540	0.999579
337.903056	1.000631
338.295508	1.000032
338.687896	1.000679
339.080220	1.000625
339.472480	1.000266
339.864676	0.999498
340.256807	1.000069
340.648875	1.001555
341.040879	0.999768
341.432818	1.000608
341.824694	0.998631
342.216506	1.001543
342.608253	0.999885
342.999937	0.999072
343.391557	1.000459
343.783113	1.001272
344.174605	1.000700
344.566033	0.999298
344.957397	1.001859
345.348697	1.001594
345.739934	1.000745
346.131106	0.999057
346.522215	0.999288
346.913260	0.999469
347.304241	0.999020
347.695159	0.999759
348.086012	1.000364
348.476802	1.000666
348.867528	0.999528
349.258191	1.000132
349.648789	1.000199
350.039324	0.999700
350.429796	1.000356
350.820203	0.998737
351.210548	1.000032
351.600828	1.000125
351.991045	1.000957
352.381198	1.000296
352.771288	1.000117
353.161314	0.999325
353.551276	0.999420
353.941175	0.997686
354.331010	1.000213
354.720782	0.999150
355.110490	1.000431
355.500135	1.000144
355.889717	0.999172
356.279235	0.999056
356.668689	1.000887
357.058080	0.999776
357.447408	0.999052
357.836672	0.999388
358.225873	1.000209
358.615010	0.999582
359.004084	0.998385
359.393095	1.000440
359.782043	0.998645
360.170927	1.000352
360.559748	1.000252
360.948505	0.998285
361.337199	0.999326
361.725830	0.999521
362.114398	0.998348
362.502903	0.998529
362.891344	0.998454
363.279722	0.998615
363.668037	0.999315
364.056289	0.998874
364.444478	1.001368
364.832603	0.999983
365.220665	1.000375
365.608665	0.998740
365.996601	0.999583
366.384474	0.998521
366.772284	0.998253
367.160031	0.997548
367.547715	0.998424
367.935336	0.996870
368.322893	0.996275
368.710388	0.994977
369.097820	0.994042
369.485189	0.991040
369.872495	0.990171
370.259738	0.986304
370.646918	0.986374
371.034035	0.983240
371.421090	0.979920
371.808081	0.973875
372.195010	0.973209
372.581875	0.967923
372.968678	0.962442
373.355418	0.958968
373.742096	0.951148
374.128710	0.947029
374.515262	0.943248
374.901751	0.936690
375.288177	0.932309
375.674540	0.927107
376.060841	0.919759
376.447079	0.912943
376.833254	0.907205
377.219367	0.902133
377.605417	0.892663
377.991404	0.888920
378.377329	0.882842
378.763191	0.878066
379.148991	0.870284
379.534727	0.864039
379.920402	0.858929
380.306013	0.856687
380.691563	0.847043
381.077049	0.844403
381.462474	0.842703
381.847835	0.835663
382.233134	0.834296
382.618371	0.837819
383.003545	0.826307
383.388657	0.828145
383.773706	0.825978
384.158693	0.827269
384.543618	0.828543
384.928480	0.825150
385.313280	0.823042
385.698017	0.827741
386.082692	0.825144
386.467305	0.828651
386.851856	0.831234
387.236344	0.833523
387.620770	0.837250
388.005133	0.838875
388.389435	0.843540
388.773674	0.847970
389.157851	0.850675
389.541965	0.856321
389.926018	0.865643
390.310008	0.866595
390.693936	0.873529
391.077802	0.876055
391.461606	0.883221
391.845348	0.887443
392.229027	0.892703
392.612645	0.898864
392.996200	0.901969
393.379694	0.904466
393.763125	0.910211
394.146494	0.917466
394.529801	0.921484
394.913047	0.925113
395.296230	0.933574
395.679351	0.936348
396.062410	0.942225
396.445408	0.947948
396.828343	0.952232
397.211217	0.954979
397.594028	0.961413
397.976778	0.964821
398.359466	0.968912
398.742092	0.971505
399.124656	0.974579
399.507158	0.976109
399.889598	0.980203
400.271977	0.981118
400.654294	0.984218
401.036549	0.986947
401.418742	0.988029
401.800874	0.988949
402.182944	0.989876
402.564952	0.991769
402.946898	0.993341
403.328783	0.994513
403.710606	0.995618
404.092367	0.995435
404.474067	0.997352
404.855705	0.997779
405.237282	0.996637
405.618797	0.997636
406.000250	0.997081
406.381642	0.997364
406.762972	0.999000
407.144240	0.998880
407.525447	0.997835
407.906593	0.997955
408.287677	0.999143
408.668700	0.999224
409.049661	0.998844
409.430560	0.998434
409.811399	0.998506
410.192176	0.998867
410.572891	1.000536
410.953545	0.999292
411.334138	1.000244
411.714669	0.999722
412.095139	1.000206
412.475547	0.999420
412.855894	0.999624
413.236180	0.999896
413.616405	0.998280
413.996568	0.999194
414.376670	0.999783
414.756711	1.000180
415.136691	0.999424
415.516609	0.999068
415.896466	0.999937
416.276262	0.998502
416.655997	0.999445
417.035670	0.999876
417.415283	0.999506
417.794834	0.999660
418.174324	1.000560
418.553753	0.999508
418.933121	1.000432
419.312428	1.000251
419.691674	1.000214
420.070859	1.000029
420.449983	1.000312
420.829045	0.999016
421.208047	1.000035
421.586988	0.999505
421.965867	0.999136
422.344686	0.999965
422.723444	0.999619
423.102141	0.999810
423.480777	0.998846
423.859352	1.000148
424.237866	1.000035
424.616319	1.000290
424.994712	1.000840
425.373044	0.999815
425.751314	1.000028
426.129524	1.001270
426.507673	0.999888
426.885762	0.999734
427.263789	0.999425
427.641756	0.999795
428.019662	0.999682
428.397508	1.000196
428.775292	0.999737
429.153016	0.999941
429.530679	1.000006
429.908282	1.000234
430.285824	0.999414
430.663305	1.000035
431.040726	1.000115
431.418086	1.000523
431.795385	1.001141
432.172624	1.001132
432.549802	0.999199
432.926920	0.999922
433.303977	0.999910
433.680974	1.000255
434.057910	1.000056
434.434786	0.999373
434.811601	0.999804
435.188355	1.001199
435.565050	1.000345
435.941683	0.999436
436.318257	0.999328
436.694770	1.000222
437.071222	0.999896
437.447614	0.999281
437.823946	1.000707
438.200218	0.999440
438.576429	1.000343
438.952580	1.000527
439.328670	0.998305
439.704700	0.999437
440.080670	1.000011
440.456580	1.000514
440.832429	1.000389
441.208218	0.999811
441.583947	1.000121
441.959616	0.999197
442.335224	1.000294
442.710773	1.000422
443.086261	1.000395
443.461689	0.999458
443.837057	1.000122
444.212365	1.000199
444.587612	1.000550
444.962800	1.000349
445.337927	1.001008
445.712995	1.000116
446.088002	0.999297
446.462949	0.999768
446.837837	1.001394
447.212664	0.999361
447.587431	0.999409
447.962139	1.000187
448.336786	0.999357
448.711374	0.999435
449.085901	0.999505
449.460369	0.999957
449.834776	1.000366
450.209124	0.999351
450.583412	0.999685
450.957640	0.999009
451.331808	1.000773
451.705917	0.999655
452.079965	1.000160
452.453954	1.000329
452.827883	0.999726
453.201752	1.000346
453.575562	0.999538
453.949311	0.999213
454.323001	0.999382
454.696632	0.999726
455.070202	1.000303
455.443713	0.999951
455.817164	0.999517
456.190556	1.000235
456.563888	0.999708
456.937160	1.000624
457.310373	0.999318
457.683526	0.999759
458.056619	0.999821
458.429653	0.999966
458.802628	1.000288
459.175542	1.000698
459.548398	1.000041
459.921194	1.000223
460.293930	1.000179
460.666607	1.000151
461.039224	0.999654
461.411782	0.999743
461.784280	0.999661
462.156719	1.000435
462.529099	1.000388
462.901419	0.999697
463.273680	0.999924
463.645882	0.999960
464.018024	1.000283
464.390106	0.999675
464.762130	1.000221
465.134094	1.000088
465.505999	0.999739
465.877845	0.999612
466.249631	1.000093
466.621358	0.998871
466.993026	0.999785
467.364634	1.000417
467.736184	1.000053
468.107674	1.000342
468.479105	0.999352
468.850477	0.999819
469.221790	1.000468
469.593043	1.000392
469.964238	0.999984
470.335373	0.999981
470.706449	1.000022
471.077467	1.000273
471.448425	1.000636
471.819324	0.999567
472.190164	0.999769
472.560945	1.000032
472.931667	0.999964
473.302330	1.000115
473.672934	1.000604
474.043479	1.000039
474.413965	0.999853
474.784393	0.999776
475.154761	0.999296
475.525070	0.999603
475.895321	0.999747
476.265513	1.000973
476.635645	1.000534
477.005719	1.000121
477.375734	1.000079
477.745691	0.999800
478.115588	0.999716
478.485427	0.999889
478.855207	0.999908
479.224928	0.999986
479.594591	1.000260
479.964194	0.999987
480.333739	1.000085
480.703226	1.000331
481.072653	0.999658
481.442022	1.000200
481.811333	1.000060
482.180584	0.999588
482.549777	1.000106
482.918912	0.999615
483.287988	0.999454
483.657005	1.000037
484.025964	0.999859
484.394864	0.999541
484.763706	0.999750
485.132489	1.000408
485.501213	0.999622
485.869879	1.000017
486.238487	0.999492
486.607036	1.000301
486.975527	1.000003
487.343959	0.999119
487.712333	1.000265
488.080648	0.999481
488.448905	1.000421
488.817104	0.999552
489.185244	0.999767
489.553326	1.000564
489.921350	1.000063
490.289315	0.999768
490.657222	0.999307
491.025070	1.000329
491.392861	1.000324
491.760593	1.000391
492.128267	0.999575
492.495883	0.999008
492.863440	1.000201
493.230939	0.999533
493.598380	1.000635
493.965763	1.000126
494.333088	0.999348
494.700354	1.000005
495.067563	0.999411
495.434713	0.999442
495.801805	0.999893
496.168839	0.999604
496.535815	1.000112
496.902733	0.999678
497.269593	0.999605
497.636395	0.999136
498.003139	0.999537
498.369825	1.000316
498.736453	0.999481
499.103023	1.000142
499.469535	0.999836
499.835989	0.999976
500.202385	1.000218
500.568723	0.999906
500.935003	1.000116
501.301226	1.000090
501.667390	0.999649
502.033497	1.000362
502.399546	0.999911
502.765537	1.000113
503.131470	1.000494
503.497345	1.000168
503.863163	0.999733
504.228923	0.999858
504.594625	0.999596
504.960269	1.000190
505.325856	1.000286
505.691385	1.000349
506.056856	0.999960
506.422270	1.000900
506.787625	1.000558
507.152924	1.000747
507.518164	0.999678
507.883347	0.999365
508.248472	0.999883
508.613540	0.999863
508.978550	0.999663
509.343503	0.999981
509.708398	1.000279
510.073236	1.000657
510.438016	0.999963
510.802738	0.999744
511.167403	0.999875
511.532010	0.999821
511.896561	0.999518
512.261053	0.999977
512.625488	0.999854
512.989866	0.999651
513.354186	0.999189
513.718449	0.999997
514.082655	0.999710
514.446803	0.999983
514.810894	1.000422
515.174927	1.000083
515.538904	1.000567
515.902822	1.000187
516.266684	0.999975
516.630488	1.000018
516.994235	1.000515
517.357925	1.000419
517.721558	0.999742
518.085133	0.999716
518.448651	1.000229
518.812112	1.000267
519.175516	1.000075
519.538863	0.999305
519.902152	1.000289
520.265385	1.000126
520.628560	0.999669
520.991678	0.999757
521.354739	1.000267
521.717743	1.000406
522.080690	0.999744
522.443580	1.000114
522.806413	1.000298
523.169189	1.000636
523.531908	0.999162
523.894569	1.000358
524.257174	0.999832
524.619722	1.000686
524.982213	1.000037
525.344647	0.999620
525.707025	0.999616
526.069345	1.000113
526.431608	1.000196
526.793815	1.000401
527.155964	1.000153
527.518057	1.000672
527.880093	1.000171
528.242072	0.999617
528.603995	0.999620
528.965860	1.000213
529.327669	0.999931
529.689421	0.998876
530.051117	1.000196
530.412755	1.000221
530.774337	0.999501
531.135862	1.000280
531.497331	0.999522
531.858743	1.000938
532.220098	0.999549
532.581396	1.000298
532.942638	1.000526
533.303824	1.000518
533.664953	1.000094
534.026025	1.000977
534.387040	1.000047
534.747999	0.999732
535.108902	0.999980
535.469748	1.000712
535.830537	1.000393
536.191270	1.000404
536.551947	0.999719
536.912567	0.999451
537.273131	0.999784
537.633638	1.000360
537.994089	1.000578
538.354483	0.999830
538.714821	1.000238
539.075103	1.000796
539.435328	1.000683
539.795497	1.000679
540.155609	0.999574
540.515665	1.000436
540.875665	1.000047
541.235609	1.000964
541.595496	0.999571
541.955328	1.000338
542.315102	1.000671
542.674821	0.999742
543.034483	0.999874
543.394090	1.000297
543.753640	1.000108
544.113134	1.000027
544.472571	1.000922
544.831953	1.000301
545.191278	0.999448
545.550548	0.999957
545.909761	0.999596
546.268918	1.000744
546.628019	1.000439
546.987064	0.999972
547.346053	0.999584
547.704986	0.999492
548.063863	1.000049
548.422684	1.000378
548.781449	1.000216
549.140158	1.000180
549.498811	0.999463
549.857408	0.998999
550.215949	0.999200
550.574434	0.999558
550.932864	1.000553
551.291237	0.999825
551.649555	1.001268
552.007817	1.000096
552.366022	1.000459
552.724173	1.000954
553.082267	1.000377
553.440305	1.000091
553.798288	0.999140
554.156215	0.999415
554.514086	0.999877
554.871902	1.000133
555.229661	0.999176
555.587365	1.000172
555.945014	0.999869
556.302606	1.000353
556.660143	1.000453
557.017625	1.000794
557.375050	0.999587
557.732421	0.999656
558.089735	0.999811
558.446994	0.999492
558.804197	1.000315
559.161345	0.999335
559.518437	0.999331
559.875474	0.999929
560.232455	1.000170
560.589381	1.000809
560.946251	0.999337
561.303065	1.000295
561.659825	0.999872
562.016528	1.000397
562.373177	1.000620
562.729770	0.999914
563.086307	0.999519
563.442789	1.000020
563.799216	0.999569
564.155587	1.000511
564.511904	1.000483
564.868164	0.999456
565.224370	0.999753
565.580520	0.999846
565.936615	1.000523
566.292654	0.999995
566.648638	1.000674
567.004567	0.999698
567.360441	1.000509
567.716260	1.000032
568.072023	0.999730
568.427732	1.000951
568.783385	1.000786
569.138982	1.000307
569.494525	0.999749
569.850013	1.000745
570.205445	1.000554
570.560823	1.000179
570.916145	0.999477
571.271412	1.000459
571.626625	1.000491
571.981782	1.000167
572.336884	1.000702
572.691931	1.000147
573.046923	1.000260
573.401860	1.000196
573.756743	1.000098
574.111570	0.999862
574.466342	1.000595
574.821059	1.000182
575.175722	1.000822
575.530330	0.999857
575.884882	1.000404
576.239380	1.000365
576.593823	0.999412
576.948211	1.000208
577.302544	0.999256
577.656823	1.000293
578.011047	0.999447
578.365216	1.000627
578.719330	0.999439
579.073389	0.999410
579.427394	0.999669
579.781344	1.000128
580.135239	0.999154
580.489080	0.999706
580.842866	1.000312
581.196597	1.000455
581.550273	0.999769
581.903895	1.000629
582.257463	1.000524
582.610975	1.000202
582.964434	1.000121
583.317837	1.000355
583.671186	1.001316
584.024481	0.998627
584.377721	0.999867
584.730906	0.999760
585.084037	1.000584
585.437113	1.001387
585.790135	1.000283
586.143103	1.000128
586.496016	1.000019
586.848874	1.000526
587.201679	1.000430
587.554428	1.000442
587.907124	1.000358
588.259765	1.000787
588.612352	1.000315
588.964884	1.000141
589.317362	0.999668
589.669786	0.999880
590.022155	1.000050
590.374470	1.000099
590.726731	0.999684
591.078937	0.999924
591.431090	0.999828
591.783188	0.999700
592.135232	1.000979
592.487222	1.000520
592.839157	1.000185
593.191038	1.000171
593.542866	0.999507
593.894639	0.999648
594.246358	1.000277
594.598022	1.000316
594.949633	1.000580
595.301190	1.000309
595.652692	0.999836
596.004141	0.999768
596.355535	0.999651
596.706876	1.000833
597.058162	0.999970
597.409395	1.000123
597.760573	1.000065
598.111698	0.999978
598.462768	1.000125
598.813785	0.999305
599.164748	0.999160
599.515657	0.999839
599.866511	0.999954
600.217312	1.000121
600.568060	0.999676
600.918753	1.000549
601.269392	1.000302
601.619978	1.000073
601.970510	1.000494
602.320988	0.999640
602.671412	0.999408
603.021783	1.000254
603.372100	1.000794
603.722363	1.000530
604.072572	1.000046
604.422728	0.999413
604.772830	0.999821
605.122878	1.000288
605.472872	1.000445
605.822813	0.999947
606.172701	0.999923
606.522534	1.000365
606.872314	1.000816
607.222041	1.000095
607.571714	1.000500
607.921333	0.999359
608.270899	0.999667
608.620411	1.000337
608.969870	1.000979
609.319276	0.999674
609.668627	1.000826
610.017926	1.000223
610.367171	1.000394
610.716362	1.000180
611.065500	1.000138
611.414585	0.999767
611.763616	0.999481
612.112594	0.999980
612.461518	0.998901
612.810389	1.000384
613.159207	1.000266
613.507971	0.999300
613.856682	1.001265
614.205340	0.998742
614.553945	1.000618
614.902496	1.000300
615.250994	1.000710
615.599439	0.999946
615.947830	1.000135
616.296169	1.000074
616.644454	0.999801
616.992686	0.999863
617.340864	1.000727
617.688990	0.999276
618.037063	0.999935
618.385082	1.000341
618.733048	0.999572
619.080961	0.999963
619.428821	1.000563
619.776628	0.999287
620.124382	1.001088
620.472083	1.000524
620.819731	1.001647
621.167326	1.000903
621.514868	1.000338
621.862357	1.000318
622.209793	0.999815
622.557176	1.000005
622.904506	0.999751
623.251783	1.000535
623.599007	0.999938
623.946179	1.000064
624.293297	1.000865
624.640363	1.000858
624.987376	0.999591
625.334336	1.000440
625.681243	1.000383
626.028097	1.000136
626.374899	1.000462
626.721647	1.001372
627.068343	1.000219
627.414987	1.000365
627.761577	0.999591
628.108115	0.999702
628.454600	1.000442
628.801032	0.999878
629.147412	1.000463
629.493739	1.000358
629.840014	0.999650
630.186236	0.999380
630.532405	0.999986
630.878521	0.999657
631.224585	0.999792
631.570597	1.000049
631.916556	0.999858
632.262462	0.998747
632.608316	1.000408
632.954117	0.999672
633.299866	0.999584
633.645562	0.999803
633.991206	1.000512
634.336797	0.999941
634.682336	1.000626
635.027823	1.000335
635.373257	1.000161
635.718639	1.000164
636.063968	1.000111
636.409245	0.999371
636.754470	0.999854
637.099642	1.000222
637.444762	1.000761
637.789829	1.000063
638.134845	1.000264
638.479808	1.000268
638.824719	1.000016
639.169577	1.000246
639.514383	0.999916
639.859137	1.000146
640.203839	0.999709
640.548489	0.999596
640.893086	0.998655
641.237632	1.000209
641.582125	0.999809
641.926566	1.000991
642.270955	1.000660
642.615292	0.999902
642.959576	1.000302
643.303809	0.999552
643.647990	1.000104
643.992118	1.000070
644.336195	0.999748
644.680219	0.999674
645.024192	0.999363
645.368112	0.999118
645.711981	0.999090
646.055797	0.999288
646.399562	0.998985
646.743274	1.000578
647.086935	0.999939
647.430544	0.999993
647.774101	0.999630
648.117606	1.000842
648.461059	1.000526
648.804460	0.999469
649.147810	0.999793
649.491108	0.999866
649.834354	1.000167
650.177548	0.999192
650.520690	0.998935
650.863781	0.999580
651.206820	0.999892
651.549807	1.000713
651.892742	0.999944
652.235626	1.000029
652.578458	1.000139
652.921238	1.000391
653.263967	1.000313
653.606644	0.999434
653.949269	1.000937
654.291843	0.999906
654.634365	1.000401
654.976836	0.999623
655.319255	1.000233
655.661622	1.000265
656.003938	0.999854
656.346203	0.999666
656.688416	1.000483
657.030577	0.999267
657.372687	1.000240
657.714746	1.000631
658.056753	1.000450
658.398708	0.999965
658.740612	1.000989
659.082465	0.999431
659.424266	0.999896
659.766016	0.999523
660.107715	1.000172
660.449362	0.999784
660.790958	0.999075
661.132503	1.000365
661.473996	0.999696
661.815438	1.000798
662.156829	1.000432
662.498168	0.999964
662.839456	0.999397
663.180693	1.000146
663.521879	0.999813
663.863013	1.000134
664.204097	0.999658
664.545129	0.999922
664.886110	0.999793
665.227040	1.000017
665.567918	1.000106
665.908746	0.999526
666.249522	0.999139
666.590248	0.999315
666.930922	0.999482
667.271545	1.000503
667.612118	0.999489
667.952639	0.999505
668.293109	0.999842
668.633528	0.999450
668.973896	1.000921
669.314213	0.999058
669.654480	0.999572
669.994695	0.999192
670.334859	1.000075
670.674973	0.999530
671.015035	0.999693
671.355047	0.999587
671.695008	0.998981
672.034918	0.999919
672.374777	0.999064
672.714585	0.999195
673.054342	0.999424
673.394049	0.999117
673.733705	0.999951
674.073310	0.999496
674.412864	0.999128
674.752368	0.999719
675.091820	1.000467
675.431223	1.000597
675.770574	0.999032
676.109875	0.999532
676.449125	0.999089
676.788324	0.999685
677.127473	0.999488
677.466571	0.999265
677.805619	1.000806
678.144616	1.000243
678.483562	1.000258
678.822458	0.999857
679.161303	0.999490
679.500098	0.999084
679.838842	1.000104
680.177535	0.999836
680.516179	0.998731
680.854771	0.999034
681.193314	0.999876
681.531805	0.999704
681.870247	0.999807
682.208638	1.000459
682.546978	0.999129
682.885268	0.998745
683.223508	0.998987
683.561697	0.999275
683.899836	0.999684
684.237925	0.999054
684.575963	0.999595
684.913951	0.999564
685.251889	0.998474
685.589776	0.998844
685.927614	0.999800
686.265401	0.999753
686.603137	0.999742
686.940824	0.999167
687.278460	1.000277
687.616046	0.999122
687.953582	0.999374
688.291068	1.000002
688.628504	0.999474
688.965889	0.999157
689.303224	0.997712
689.640510	0.998644
689.977745	0.998452
690.314930	0.999259
690.652065	0.999219
690.989150	0.998671
691.326185	1.000053
691.663170	0.999206
692.000105	0.999603
692.336990	0.999090
692.673825	0.998969
693.010610	0.999357
693.347345	0.999146
693.684030	0.998877
694.020665	0.999139
694.357251	0.998960
694.693786	0.999882
695.030272	0.998169
695.366707	0.998499
695.703093	0.998823
696.039429	0.998534
696.375716	0.999833
696.711952	0.998520
697.048139	0.999171
697.384276	0.999479
697.720363	0.999120
698.056400	0.998792
698.392388	0.998682
698.728326	0.999335
699.064214	1.000338
699.400053	0.998826
699.735842	0.999620
700.071581	0.999589
700.407270	0.999392
700.742910	0.999794
701.078501	0.998826
701.414042	0.999196
701.749533	0.998260
702.084974	0.999801
702.420366	0.999457
702.755709	0.998876
703.091002	1.000472
703.426246	0.999774
703.761440	0.999138
704.096584	0.998887
704.431679	0.998143
704.766725	0.998923
705.101721	0.998000
705.436668	0.999043
705.771565	0.998677
706.106413	0.998079
706.441212	0.999427
706.775961	0.998799
707.110661	0.998836
707.445311	0.999602
707.779913	1.000059
708.114465	0.999463
708.448967	0.999289
708.783421	0.999408
709.117825	0.998961
709.452180	0.999008
709.786485	1.000159
710.120742	0.998987
710.454949	0.998521
710.789107	0.999375
711.123216	0.998720
711.457275	0.998029
711.791286	0.999054
712.125247	1.000331
712.459159	0.998859
712.793023	0.999211
713.126837	0.999244
713.460602	0.997596
713.794318	0.998465
714.127985	0.997225
714.461602	0.999335
714.795171	0.998051
715.128691	0.998466
715.462162	0.999632
715.795584	0.998987
716.128957	0.998938
716.462281	0.999514
716.795556	0.998337
717.128782	0.999593
717.461960	0.998872
717.795088	0.998943
718.128167	0.999647
718.461198	0.999201
718.794180	0.999325
719.127113	0.999651
719.459997	0.998536
719.792833	0.998331
720.125619	0.998958
720.458357	0.998866
720.791046	0.999788
721.123686	0.999071
721.456278	0.998868
721.788821	0.998371
722.121315	1.000016
722.453761	0.999470
722.786158	0.998482
723.118506	0.998545
723.450805	0.998459
723.783056	0.999685
724.115259	0.997965
724.447412	0.999568
724.779518	0.999355
725.111574	0.999876
725.443582	0.999457
725.775542	0.998603
726.107453	0.999328
726.439315	0.998980
726.771129	0.998865
727.102895	0.999515
727.434612	0.998824
727.766281	0.998090
728.097901	0.998737
728.429473	1.000135
728.760996	0.998705
729.092471	0.998754
729.423897	1.000000
729.755276	0.999368
730.086606	0.998854
730.417887	0.999446
730.749120	0.999305
731.080305	0.999238
731.411442	0.998607
731.742530	0.997958
732.073570	0.998544
732.404562	0.999355
732.735506	0.998516
733.066401	0.998713
733.397249	0.998673
733.728048	0.998588
734.058798	0.999323
734.389501	0.999581
734.720156	0.999754
735.050762	0.999014
735.381320	0.998756
735.711831	0.998238
736.042293	0.998844
736.372707	0.999708
736.703073	0.996953
737.033391	0.998710
737.363661	0.999726
737.693883	0.998757
738.024056	0.997897
738.354182	0.999066
738.684260	0.997718
739.014290	0.998414
739.344272	0.999114
739.674207	0.999430
740.004093	0.999281
740.333931	0.998346
740.663722	0.998436
740.993464	0.998925
741.323159	0.998483
741.652806	0.999628
741.982405	0.997898
742.311956	0.999607
742.641460	0.998524
742.970915	0.998548
743.300323	0.998247
743.629683	0.998466
743.958996	0.999766
744.288260	0.997768
744.617477	0.999122
744.946647	0.998763
745.275768	0.999792
745.604842	0.998026
745.933869	0.998601
746.262847	0.999713
746.591778	0.998099
746.920662	0.999986
747.249498	0.999678
747.578286	1.000070
747.907027	0.999781
748.235720	0.999350
748.564365	0.999008
748.892963	0.998510
749.221514	0.998750
749.550017	0.997707
749.878473	0.999714
750.206881	1.000144
750.535242	0.998915
750.863555	0.998253
751.191821	0.998872
751.520039	0.998718
751.848210	0.997493
752.176334	0.998521
752.504411	0.998434
752.832440	0.998020
753.160421	0.998707
753.488356	0.998841
753.816243	0.998526
754.144082	0.998475
754.471875	0.999673
754.799620	0.998978
755.127318	0.999214
755.454969	0.998823
755.782572	1.000086
756.110129	0.998622
756.437638	0.999465
756.765100	1.000048
757.092515	0.999328
757.419882	0.999137
757.747203	0.998279
758.074477	1.000259
758.401703	0.999728
758.728882	0.998650
759.056014	0.998222
759.383099	0.999228
759.710138	0.998046
760.037129	0.998794
760.364073	0.999427
760.690970	0.998506
761.017820	0.998459
761.344623	0.998660
761.671379	0.999387
761.998088	0.999126
762.324751	0.998966
762.651366	0.998556
762.977935	0.998179
763.304456	0.999561
763.630931	0.997834
763.957359	0.997510
764.283740	0.997173
764.610074	0.997626
764.936362	0.998374
765.262602	0.998880
765.588796	0.998938
765.914943	0.998673
766.241044	0.998917
766.567097	0.999261
766.893104	0.999336
767.219064	0.998794
767.544978	0.998992
767.870845	0.998571
768.196665	0.999747
768.522438	0.999417
768.848165	0.998625
769.173846	0.999935
769.499479	1.000796
769.825066	0.999311
770.150607	1.000437
770.476101	0.999969
770.801548	0.999406
771.126949	0.999439
771.452303	0.999585
771.777611	0.999597
772.102872	0.998672
772.428087	0.999302
772.753256	0.999658
773.078378	0.999078
773.403453	0.998801
773.728482	1.000085
774.053465	0.998974
774.378401	0.998845
774.703291	1.000302
775.028135	0.999561
775.352932	0.997555
775.677683	1.000207
776.002388	0.998856
776.327046	0.998477
776.651658	1.000187
776.976224	0.999088
777.300743	0.999422
777.625216	0.999096
777.949643	0.999000
778.274024	0.998511
778.598359	0.999221
778.922647	0.999558
779.246889	1.000299
779.571086	0.999629
779.895236	0.998923
780.219339	1.000052
780.543397	0.999206
780.867409	0.999612
781.191374	0.999286
781.515294	0.999657
781.839167	0.999545
782.162995	0.999733
782.486776	0.999219
782.810511	0.999899
783.134201	0.999906
783.457844	0.999487
783.781441	0.999828
784.104993	0.999339
784.428498	1.000062
784.751958	1.000769
785.075372	1.000193
785.398739	0.999487
785.722061	0.998461
786.045337	0.999610
786.368568	0.999315
786.691752	0.999027
787.014891	0.998329
787.337983	0.998877
787.661030	0.999258
787.984031	0.999737
788.306987	0.999253
788.629897	0.998464
788.952760	0.999761
789.275579	0.999770
789.598351	0.998774
789.921078	1.000006
790.243759	0.999085
790.566395	0.998569
790.888984	1.000582
791.211529	1.000023
791.534027	0.999080
791.856480	1.000336
792.178888	0.999379
792.501249	0.998993
792.823566	1.000403
793.145836	0.999267
793.468062	0.999818
793.790241	0.999859
794.112375	0.997998
794.434464	1.000191
794.756507	1.000174
795.078505	0.999481
795.400457	0.999521
795.722364	0.999773
796.044226	1.001003
796.366042	0.999068
796.687812	0.999703
797.009538	0.998660
797.331218	1.000661
797.652852	0.999877
797.974442	0.998302
798.295986	0.999973
798.617484	0.999419
798.938938	0.999182
799.260346	0.999065
799.581709	0.999622
799.903026	0.999868
800.224299	0.999031
800.545526	0.998949
800.866708	0.998548
801.187845	0.999641
801.508936	0.999621
801.829983	0.999828
802.150984	0.999288
802.471940	1.000410
802.792851	0.998539
803.113717	0.999936
803.434538	0.999771
803.755314	0.999985
804.076045	0.999901
804.396731	0.999310
804.717372	0.998125
805.037967	1.000244
805.358518	0.999065
805.679024	0.998779
805.999485	0.998958
806.319901	1.000431
806.640272	1.000004
806.960598	0.999493
807.280879	0.999173
807.601115	1.000040
807.921306	0.999849
808.241453	0.998558
808.561554	1.000846
808.881611	0.998775
809.201623	0.999212
809.521590	0.999251
809.841513	1.000012
810.161390	0.998485
810.481223	0.998749
810.801011	0.999692
811.120755	1.000535
811.440453	0.998240
811.760107	0.999265
812.079716	0.998682
812.399281	0.999721
812.718801	0.999460
813.038276	0.999583
813.357707	0.999409
813.677093	1.000408
813.996434	0.999463
814.315731	1.000219
814.634983	0.999683
814.954191	0.999631
815.273354	0.998828
815.592473	0.999651
815.911547	1.000227
816.230577	0.999015
816.549562	0.999658
816.868502	0.997949
817.187399	1.000987
817.506250	0.999885
817.825058	0.998537
818.143821	1.000012
818.462539	1.000371
818.781213	1.000018
819.099843	0.999415
819.418429	0.998288
819.736970	0.999393
820.055466	0.998456
820.373919	0.998916
820.692327	0.997670
821.010691	0.998716
821.329011	0.996741
821.647286	0.995703
821.965517	0.995748
822.283704	0.994358
822.601847	0.993472
822.919945	0.993828
823.237999	0.994152
823.556010	0.994962
823.873976	0.995130
824.191897	0.996564
824.509775	0.997679
824.827609	0.997127
825.145398	0.997576
825.463144	0.996280
825.780845	0.996598
826.098502	0.997383
826.416116	0.997059
826.733685	0.997378
827.051210	0.995714
827.368692	0.996648
827.686129	0.996314
828.003522	0.997566
828.320872	0.998057
828.638177	0.998908
828.955439	0.999173
829.272656	0.999534
829.589830	0.997876
829.906960	1.000087
830.224046	0.998588
830.541088	0.998445
830.858086	0.998608
831.175041	0.999768
831.491952	0.999757
831.808819	0.998807
832.125642	0.998963
832.442421	1.000288
832.759157	0.999489
833.075849	0.997605
833.392497	0.996924
833.709101	0.996226
834.025662	0.997807
834.342179	0.997669
834.658653	0.998002
834.975083	0.999197
835.291469	0.999190
835.607811	0.999038
835.924110	0.998429
836.240366	1.000872
836.556578	0.998808
836.872746	0.999659
837.188871	0.999285
837.504952	0.998965
837.820990	0.999428
838.136984	0.998616
838.452935	0.998688
838.768842	1.001087
839.084706	1.000098
839.400526	0.999162
839.716303	0.998344
840.032037	0.998992
840.347727	0.998096
840.663373	0.997755
840.978977	0.998665
841.294537	0.999532
841.610054	0.998953
841.925527	0.999218
842.240957	0.999636
842.556344	0.999381
842.871687	0.999602
843.186987	0.999253
843.502244	0.999755
843.817458	0.998384
844.132629	0.999313
844.447756	0.999755
844.762840	1.000231
845.077881	1.000479
845.392879	0.998472
845.707833	0.999038
846.022745	0.999988
846.337613	0.999857
846.652438	0.999902
846.967221	1.000190
847.281960	0.999477
847.596656	1.001172
847.911309	1.000484
848.225919	0.999242
848.540485	1.000123
848.855009	1.001026
849.169490	1.000544
849.483928	0.999789
849.798323	0.998348
850.112675	0.999895
850.426984	1.000156
850.741251	1.001014
851.055474	0.999839
851.369654	0.999682
851.683792	0.999393
851.997887	1.001186
852.311938	1.000491
852.625947	0.999117
852.939914	0.998173
853.253837	1.000884
853.567718	1.000563
853.881555	1.000030
854.195350	0.999987
854.509103	1.000325
854.822812	1.001026
855.136479	0.999518
855.450103	0.999307
855.763685	1.000076
856.077224	1.000094
856.390720	0.999538
856.704173	1.000756
857.017584	0.999902
857.330953	0.999439
857.644278	0.999262
857.957561	1.000204
858.270802	1.000856
858.584000	0.999056
858.897155	1.000151
859.210268	0.998372
859.523339	1.000449
859.836367	0.999390
860.149352	0.998453
860.462295	0.999111
860.775195	1.000024
861.088054	0.998575
861.400869	0.999523
861.713642	0.998811
862.026373	1.000005
862.339062	1.000031
862.651708	1.000220
862.964312	1.001306
863.276873	0.998875
863.589392	1.000989
863.901869	1.000168
864.214303	0.999453
864.526696	1.000327
864.839045	0.999768
865.151353	1.000303
865.463619	0.999446
865.775842	0.999750
866.088023	1.001097
866.400162	1.000517
866.712258	1.001058
867.024313	1.000001
867.336325	1.001207
867.648296	0.999604
867.960224	0.999299
868.272110	1.000031
868.583954	1.000492
868.895755	1.001099
869.207515	0.998659
869.519233	1.000458
869.830909	0.999508
870.142542	0.999749
870.454134	0.999907
870.765684	0.998747
871.077191	0.999859
871.388657	0.999910
871.700081	0.999822
872.011463	0.999673
872.322803	1.000118
872.634101	0.999868
872.945357	0.999425
873.256571	1.000291
873.567744	1.000425
873.878874	1.000429
874.189963	0.999208
874.501010	1.001372
874.812015	0.999896
875.122979	0.999426
875.433900	0.999987
875.744780	1.000409
876.055618	0.999155
876.366415	0.998144
876.677169	0.998864
876.987882	1.000157
877.298554	0.999944
877.609183	1.000187
877.919771	1.000929
878.230317	1.001016
878.540822	0.999406
878.851285	0.999340
879.161707	0.999367
879.472087	1.001085
879.782425	0.997875
880.092722	0.998819
880.402977	0.997801
880.713191	0.997324
881.023363	0.995675
881.333494	0.994357
881.643583	0.995761
881.953631	0.996303
882.263637	0.994609
882.573602	0.995810
882.883526	0.995850
883.193408	0.996427
883.503248	0.996741
883.813048	0.997016
884.122806	0.997352
884.432522	0.997583
884.742197	0.999383
885.051831	0.998172
885.361424	0.998718
885.670975	1.000559
885.980485	0.999256
886.289954	0.999029
886.599382	0.998599
886.908768	0.999221
887.218113	0.998552
887.527417	1.000327
887.836680	0.999476
888.145901	1.000057
888.455082	1.001305
888.764221	1.000765
889.073319	0.998883
889.382376	1.000490
889.691392	0.999417
890.000366	0.999491
890.309300	0.999709
890.618193	0.999100
890.927044	1.000474
891.235855	0.998465
891.544625	0.999648
891.853353	0.999555
892.162041	0.998973
892.470687	1.000276
892.779293	0.998881
893.087858	0.998384
893.396381	0.999524
893.704864	0.998483
894.013306	0.998519
894.321707	0.998416
894.630068	0.998086
894.938387	0.997397
895.246665	0.997956
895.554903	0.996625
895.863100	0.998325
896.171256	0.997587
896.479371	0.998482
896.787446	0.998671
897.095480	0.998106
897.403473	0.998846
897.711425	0.999183
898.019336	1.000037
898.327207	0.999810
898.635038	0.999232
898.942827	0.999722
899.250576	0.999501
899.558284	0.999950
899.865952	0.999330
900.173579	0.998680
900.481165	1.000529
900.788711	0.998850
901.096216	0.999534
901.403681	1.000885
901.711105	1.000540
902.018489	0.999629
902.325832	1.000038
902.633135	1.000181
902.940397	1.000013
903.247619	0.999213
903.554800	0.998844
903.861941	0.997662
904.169041	0.998692
904.476101	0.997554
904.783121	0.998011
905.090100	0.998318
905.397039	0.998844
905.703938	0.997708
906.010796	0.997759
906.317614	0.999045
906.624391	0.999745
906.931129	1.000027
907.237826	1.000265
907.544483	0.999194
907.851099	0.999623
908.157675	0.999081
908.464211	0.999510
908.770707	0.999357
909.077163	1.000496
909.383578	1.000375
909.689954	0.999377
909.996289	1.000553
910.302584	1.001297
910.608839	1.000580
910.915054	0.999304
911.221229	1.001596
911.527363	1.000360
911.833458	1.000519
912.139513	0.999788
912.445527	0.999948
912.751502	0.999848
913.057436	0.999724
913.363331	1.001500
913.669186	1.001312
913.975000	0.999780
914.280775	0.999302
914.586510	0.999698
914.892205	0.997989
915.197859	0.998855
915.503475	0.998737
915.809050	0.998643
916.114585	0.997251
916.420081	0.997231
916.725536	0.997889
917.030952	0.998116
917.336328	0.997614
917.641665	0.997737
917.946961	0.997827
918.252218	0.997870
918.557435	0.998064
918.862612	0.999371
919.167750	0.998993
919.472848	0.999808
919.777906	1.000452
920.082925	1.000252
920.387904	1.000068
920.692843	0.999348
920.997743	1.000445
921.302603	0.999553
921.607423	0.999397
921.912204	0.999293
922.216946	0.999743
922.521647	0.999067
922.826310	1.000083
923.130932	0.999967
923.435516	0.999832
923.740059	0.999740
924.044564	0.998779
924.349028	0.999904
924.653454	0.999862
924.957840	0.999521
925.262186	0.999968
925.566493	1.000369
925.870761	1.000590
926.174989	0.999305
926.479178	1.001347
926.783328	1.000244
927.087438	0.998990
927.391509	0.999088
927.695541	1.000202
927.999533	0.999870
928.303486	0.999883
928.607400	1.000350
928.911275	1.000073
929.215110	1.001424
929.518906	1.000265
929.822663	1.000242
930.126381	1.000410
930.430060	1.000291
930.733699	1.000816
931.037299	1.001464
931.340861	1.001732
931.644383	0.999630
931.947866	0.999583
932.251309	1.000458
932.554714	1.000270
932.858080	0.999973
933.161407	0.998602
933.464694	0.999928
933.767943	1.001315
934.071153	1.001007
934.374323	1.001589
934.677455	0.999776
934.980548	0.999434
935.283602	1.001108
935.586617	0.998733
935.889593	1.001330
936.192530	1.000381
936.495428	0.999482
936.798287	1.000850
937.101108	0.999284
937.403890	0.998858
937.706632	1.001880
938.009336	1.000382
938.312002	0.999475
938.614628	1.000379
938.917216	0.999177
939.219765	0.999474
939.522275	1.001107
939.824747	0.999968
940.127179	1.000526
940.429573	1.001179
940.731929	1.000448
941.034246	0.999061
941.336524	0.998031
941.638763	0.999712
941.940964	1.000411
942.243126	1.000023
942.545250	1.000398
942.847335	1.000885
943.149381	1.001117
943.451389	0.999630
943.753359	1.000323
944.055290	1.000005
944.357182	0.999484
944.659036	1.000723
944.960851	0.999336
945.262628	1.000554
945.564367	1.000117
945.866067	0.999406
946.167729	1.001273
946.469352	1.000372
946.770937	0.998287
947.072484	1.000562
947.373992	1.000676
947.675462	0.999191
947.976893	0.999119
948.278286	1.001200
948.579641	1.001214
948.880958	0.999059
949.182236	1.000002
949.483476	1.001064
949.784678	0.999807
950.085841	1.000362
950.386967	0.999047
950.688054	0.999820
950.989103	0.999636
951.290114	0.998397
951.591087	1.001619
951.892021	0.998642
952.192917	1.000305
952.493776	0.999840
952.794596	1.000109
953.095378	0.999327
953.396122	0.999445
953.696828	1.000070
953.997496	1.000515
954.298126	0.999769
954.598718	0.999547
954.899272	1.000941
955.199788	0.999217
955.500266	1.001446
955.800706	0.999593
956.101108	0.999446
956.401472	1.001910
956.701798	0.999646
957.002087	1.000167
957.302337	1.000147
957.602550	0.999806
957.902724	1.000498
958.202861	0.998714
958.502960	0.999512
958.803022	1.000148
959.103045	1.000321
959.403031	1.000673
959.702979	1.000336
960.002889	0.999940
960.302762	0.998935
960.602596	1.000823
960.902393	1.001021
961.202153	1.001462
961.501875	1.001433
961.801559	1.000620
962.101205	0.999320
962.400814	1.002071
962.700385	1.000672
962.999918	1.001488
963.299414	0.999564
963.598873	1.001143
963.898293	1.000776
964.197677	1.000307
964.497022	1.000729
964.796331	0.999388
965.095601	1.000191
965.394835	1.000413
965.694030	1.001098
965.993189	0.999601
966.292309	1.000792
966.591393	0.999240
966.890439	1.001195
967.189447	1.000555
967.488419	1.000688
967.787353	0.999862
968.086249	1.001059
968.385108	0.998733
968.683930	1.001531
968.982714	1.000216
969.281462	1.000366
969.580172	0.999425
969.878844	1.000522
970.177480	1.000369
970.476078	1.001932
970.774639	1.000741
971.073162	0.999485
971.371649	0.999083
971.670098	0.998973
971.968510	1.001072
972.266885	0.999087
972.565223	1.000238
972.863524	0.999306
973.161788	0.999530
973.460014	1.000821
973.758204	0.999583
974.056356	1.000780
974.354471	0.999390
974.652550	0.999627
974.950591	1.000040
975.248595	0.999987
975.546563	1.000049
975.844493	1.001020
976.142386	0.998971
976.440243	1.000757
976.738062	1.002050
977.035845	0.998791
977.333590	1.000039
977.631299	1.000346
977.928971	0.999613
978.226606	0.999880
978.524204	0.999250
978.821765	1.001469
979.119290	1.001083
979.416777	1.000150
979.714228	1.001047
980.011642	1.001742
980.309020	0.999463
980.606360	0.999913
980.903664	0.999701
981.200931	1.000174
981.498162	1.000151
981.795356	0.999940
982.092513	0.999962
982.389633	1.001259
982.686717	0.999802
982.983764	0.999956
983.280775	1.000820
983.577749	1.001495
983.874686	0.999201
984.171587	0.998524
984.468451	0.999446
984.765279	1.001041
985.062070	1.000782
985.358824	0.999819
985.655543	0.999891
985.952224	1.001550
986.248869	1.000786
986.545478	1.001675
986.842050	0.999328
987.138586	1.000615
987.435086	1.000003
987.731549	1.000762
988.027975	1.000673
988.324366	0.999621
988.620719	1.002048
988.917037	1.000513
989.213318	0.999654
989.509563	1.000097
989.805772	0.999981
990.101944	1.000698
990.398080	1.000800
990.694180	1.001362
990.990244	0.999814
991.286271	0.999720
991.582262	1.000522
991.878217	0.999430
992.174136	1.001255
992.470019	0.999929
992.765865	1.001584
993.061676	1.000943
993.357450	1.000205
993.653188	1.000547
993.948890	1.000475
994.244556	1.000215
994.540186	0.999374
994.835780	1.000261
995.131337	1.001832
995.426859	0.999801
995.722345	1.000361
996.017795	0.999875
996.313208	1.000768
996.608586	1.000220
996.903928	1.000697
997.199234	0.999659
997.494504	1.000660
997.789738	0.998661
998.084936	1.001909
998.380099	1.000223
998.675225	1.000765
998.970316	1.000546
999.265371	0.999852
999.560390	1.000154
999.855373	1.000172
1000.150320	1.000136
1000.445232	1.000632
1000.740108	1.001081
1001.034948	0.999709
1001.329752	1.000094
1001.624521	1.000339
1001.919254	0.999498
1002.213951	1.000850
1002.508613	0.999596
1002.803239	1.000371
1003.097829	0.999284
1003.392384	1.000933
1003.686903	1.000207
1003.981386	0.999758
1004.275834	1.001571
1004.570246	0.999947
1004.864623	1.001552
1005.158964	1.000709
1005.453270	1.000638
1005.747540	1.001062
1006.041775	1.001102
1006.335974	1.000120
1006.630138	1.000381
1006.924266	0.999803
1007.218359	0.998664
1007.512416	1.000933
1007.806438	0.999324
1008.100425	1.000236
1008.394376	1.000780
1008.688292	1.000230
1008.982172	0.999677
1009.276017	1.000527
1009.569827	1.001179
1009.863602	0.999185
1010.157341	1.000408
1010.451045	1.000218
1010.744714	1.002590
1011.038347	1.001121
1011.331945	1.000481
1011.625508	1.001167
1011.919036	1.000484
1012.212528	1.000926
1012.505986	1.001016
1012.799408	1.000481
1013.092795	1.000778
1013.386147	1.000869
1013.679464	1.001108
1013.972745	0.999502
1014.265992	1.000505
1014.559204	1.000665
1014.852380	1.000575
1015.145521	1.000610
1015.438628	1.000398
1015.731699	1.000460
1016.024736	1.001067
1016.317737	1.001155
1016.610703	1.000926
1016.903635	1.000134
1017.196531	0.999131
1017.489393	0.999266
1017.782219	1.000182
1018.075011	0.999270
1018.367768	0.998926
1018.660490	1.001066
1018.953177	1.001066
1019.245829	1.001066
