Dividing Wavelength (nm)	Counts (n)	Blue Motor Position (mm): 0.000000	Red Motor Position (mm): 2.800000	
326.493990	2127.235853
326.888308	2127.235853
327.282561	2127.235853
327.676750	2095.514393
328.070874	2095.408528
328.464933	2096.978848
328.858929	2102.897162
329.252859	2113.407968
329.646726	2126.169649
330.040528	2139.039715
330.434265	2156.436737
330.827938	2171.769406
331.221547	2187.008814
331.615091	2209.023533
332.008571	2226.796121
332.401986	2251.223032
332.795338	2267.263983
333.188625	2287.849535
333.581847	2304.928964
333.975006	2324.526450
334.368100	2340.101095
334.761129	2358.531553
335.154095	2376.581405
335.546996	2394.381719
335.939833	2405.865467
336.332606	2420.920873
336.725315	2433.438058
337.117960	2445.859461
337.510540	2455.427571
337.903056	2465.444344
338.295508	2469.421814
338.687896	2483.043012
339.080220	2488.815133
339.472480	2493.790752
339.864676	2496.528099
340.256807	2505.466064
340.648875	2505.702999
341.040879	2508.105108
341.432818	2510.408916
341.824694	2512.707682
342.216506	2511.480161
342.608253	2513.685666
342.999937	2511.805315
343.391557	2513.630213
343.783113	2509.415808
344.174605	2510.471930
344.566033	2508.062259
344.957397	2506.570077
345.348697	2505.728204
345.739934	2503.903307
346.131106	2501.899448
346.522215	2503.013543
346.913260	2496.979282
347.304241	2498.068171
347.695159	2492.517861
348.086012	2494.141112
348.476802	2488.923518
348.867528	2491.726400
349.258191	2489.447798
349.648789	2487.247334
350.039324	2484.187354
350.429796	2483.925214
350.820203	2485.669453
351.210548	2483.005203
351.600828	2480.565285
351.991045	2482.448156
352.381198	2483.574854
352.771288	2479.983032
353.161314	2479.312558
353.551276	2482.130563
353.941175	2478.639564
354.331010	2481.513022
354.720782	2477.346508
355.110490	2478.143011
355.500135	2479.488999
355.889717	2480.207363
356.279235	2479.113433
356.668689	2479.642754
357.058080	2479.163844
357.447408	2477.409523
357.836672	2478.004379
358.225873	2478.884060
358.615010	2476.998669
359.004084	2481.535707
359.393095	2481.548310
359.782043	2483.844556
360.170927	2482.548979
360.559748	2482.254072
360.948505	2483.831953
361.337199	2482.649802
361.725830	2483.655512
362.114398	2486.758342
362.502903	2485.593836
362.891344	2485.291367
363.279722	2488.984012
363.668037	2487.055771
364.056289	2486.889413
364.444478	2487.877479
364.832603	2488.739516
365.220665	2489.626759
365.608665	2488.374032
365.996601	2487.789258
366.384474	2490.456029
366.772284	2489.828405
367.160031	2490.201451
367.547715	2492.671616
367.935336	2488.386635
368.322893	2493.258910
368.710388	2491.580206
369.097820	2494.640187
369.485189	2493.644559
369.872495	2492.769918
370.259738	2494.549446
370.646918	2491.083653
371.034035	2494.191524
371.421090	2496.331494
371.808081	2492.364106
372.195010	2493.793273
372.581875	2494.196565
372.968678	2494.098263
373.355418	2497.175887
373.742096	2495.960969
374.128710	2494.471308
374.515262	2497.117914
374.901751	2493.810917
375.288177	2493.710094
375.674540	2496.568428
376.060841	2497.395177
376.447079	2495.668582
376.833254	2497.037255
377.219367	2490.750936
377.605417	2496.427276
377.991404	2491.224805
378.377329	2496.797800
378.763191	2491.822182
379.148991	2498.693274
379.534727	2497.115393
379.920402	2500.540857
380.306013	2499.000785
380.691563	2499.479694
381.077049	2498.453819
381.462474	2500.306443
381.847835	2500.860970
382.233134	2502.141423
382.618371	2500.477843
383.003545	2500.440034
383.388657	2498.433655
383.773706	2500.946670
384.158693	2499.167143
384.543618	2502.595127
384.928480	2501.261742
385.313280	2500.382061
385.698017	2501.849037
386.082692	2501.443224
386.467305	2499.787205
386.851856	2504.407422
387.236344	2501.483553
387.620770	2505.375324
388.005133	2502.993378
388.389435	2504.256188
388.773674	2502.338028
389.157851	2504.535972
389.541965	2503.356342
389.926018	2504.404902
390.310008	2504.248626
390.693936	2506.106291
391.077802	2504.798112
391.461606	2506.464213
391.845348	2508.495798
392.229027	2505.876918
392.612645	2506.343225
392.996200	2505.461023
393.379694	2505.783657
393.763125	2505.161075
394.146494	2505.408091
394.529801	2507.585870
394.913047	2507.510252
395.296230	2504.891373
395.679351	2508.347084
396.062410	2508.677279
396.445408	2508.223576
396.828343	2507.036384
397.211217	2505.687875
397.594028	2505.831548
397.976778	2505.894562
398.359466	2505.443379
398.742092	2504.450272
399.124656	2509.877074
399.507158	2508.962105
399.889598	2511.167609
400.271977	2511.467558
400.654294	2511.497805
401.036549	2509.193998
401.418742	2510.464368
401.800874	2511.046622
402.182944	2508.233658
402.564952	2507.926148
402.946898	2510.421519
403.328783	2511.452435
403.710606	2510.648371
404.092367	2508.891528
404.474067	2510.739111
404.855705	2510.363545
405.237282	2511.467558
405.618797	2513.892353
406.000250	2513.481499
406.381642	2511.792713
406.762972	2512.170799
407.144240	2510.913031
407.525447	2515.944103
407.906593	2511.810357
408.287677	2512.357322
408.668700	2514.262878
409.049661	2513.776407
409.430560	2512.014523
409.811399	2513.080727
410.192176	2512.488392
410.572891	2517.096006
410.953545	2510.718947
411.334138	2516.791017
411.714669	2515.074504
412.095139	2515.253465
412.475547	2513.627693
412.855894	2515.699607
413.236180	2513.869668
413.616405	2516.770852
413.996568	2514.167096
414.376670	2517.080883
414.756711	2516.536438
415.136691	2518.583147
415.516609	2515.886129
415.896466	2517.953003
416.276262	2517.474093
416.655997	2511.888494
417.035670	2509.846827
417.415283	2512.460665
417.794834	2512.546365
418.174324	2515.790348
418.553753	2513.778927
418.933121	2516.906963
419.312428	2517.428722
419.691674	2521.169259
420.070859	2516.952333
420.449983	2516.465862
420.829045	2518.502488
421.208047	2520.798734
421.586988	2515.931500
421.965867	2518.507529
422.344686	2516.997704
422.723444	2519.452746
423.102141	2517.947961
423.480777	2517.895029
423.859352	2517.123733
424.237866	2516.846469
424.616319	2517.985770
424.994712	2515.636592
425.373044	2518.142046
425.751314	2517.670698
426.129524	2518.956192
426.507673	2521.454084
426.885762	2519.188085
427.263789	2519.583816
427.641756	2521.832170
428.019662	2520.420647
428.397508	2520.516429
428.775292	2520.098013
429.153016	2521.277643
429.530679	2521.756553
429.908282	2520.148425
430.285824	2519.336799
430.663305	2520.168590
431.040726	2520.176151
431.418086	2520.385359
431.795385	2522.598426
432.172624	2521.575072
432.549802	2519.631707
432.926920	2517.950482
433.303977	2521.595236
433.680974	2522.391738
434.057910	2522.419465
434.434786	2521.648168
434.811601	2523.117665
435.188355	2521.317973
435.565050	2523.417613
435.941683	2522.558097
436.318257	2520.539114
436.694770	2521.096162
437.071222	2522.754702
437.447614	2517.945441
437.823946	2521.000380
438.200218	2521.267561
438.576429	2524.398118
438.952580	2525.103879
439.328670	2522.348889
439.704700	2525.587830
440.080670	2524.025072
440.456580	2524.506502
440.832429	2520.589526
441.208218	2522.346368
441.583947	2524.191430
441.959616	2523.326873
442.335224	2522.328724
442.710773	2523.301667
443.086261	2523.399969
443.461689	2524.178828
443.837057	2524.211595
444.212365	2520.889475
444.587612	2524.778725
444.962800	2524.072963
445.337927	2524.377953
445.712995	2525.489527
446.088002	2525.078673
446.462949	2524.277130
446.837837	2526.676719
447.212664	2521.958199
447.587431	2525.877696
447.962139	2523.465504
448.336786	2525.935670
448.711374	2524.357788
449.085901	2526.936339
449.460369	2524.549352
449.834776	2527.369878
450.209124	2524.937521
450.583412	2525.479445
450.957640	2527.692512
451.331808	2527.228726
451.705917	2526.046575
452.079965	2528.161339
452.453954	2525.602953
452.827883	2524.715710
453.201752	2525.050947
453.575562	2528.476411
453.949311	2527.145547
454.323001	2526.134795
454.696632	2527.160670
455.070202	2526.855680
455.443713	2526.475073
455.817164	2523.911646
456.190556	2524.120854
456.563888	2523.722603
456.937160	2522.263189
457.310373	2528.942718
457.683526	2526.102028
458.056619	2528.403314
458.429653	2528.675537
458.802628	2527.127903
459.175542	2526.883407
459.548398	2529.678726
459.921194	2527.032121
460.293930	2527.140505
460.666607	2528.403314
461.039224	2528.002543
461.411782	2526.389373
461.784280	2527.150588
462.156719	2528.441123
462.529099	2527.916843
462.901419	2527.115300
463.273680	2529.441792
463.645882	2528.030269
464.018024	2530.576052
464.390106	2527.949611
464.762130	2528.426000
465.134094	2526.691843
465.505999	2530.409694
465.877845	2526.757378
466.249631	2529.640918
466.621358	2526.570855
466.993026	2531.523789
467.364634	2533.071423
467.736184	2527.977337
468.107674	2530.003881
468.479105	2527.145547
468.850477	2529.630835
469.221790	2531.236443
469.593043	2527.841226
469.964238	2528.408356
470.335373	2529.071267
470.706449	2532.348017
471.077467	2529.580424
471.448425	2531.841381
471.819324	2529.492204
472.190164	2528.846936
472.560945	2526.817872
472.931667	2531.397760
473.302330	2529.502286
473.672934	2532.620240
474.043479	2531.909437
474.413965	2527.931967
474.784393	2526.265865
475.154761	2527.843746
475.525070	2528.231915
475.895321	2524.342665
476.265513	2528.433561
476.635645	2531.100332
477.005719	2532.141330
477.375734	2531.559077
477.745691	2531.722914
478.115588	2531.846422
478.485427	2528.988088
478.855207	2532.075795
479.224928	2529.714014
479.594591	2531.559077
479.964194	2532.864736
480.333739	2529.487163
480.703226	2526.835516
481.072653	2529.081350
481.442022	2532.383305
481.811333	2530.870959
482.180584	2532.516896
482.549777	2532.521937
482.918912	2530.949097
483.287988	2532.562266
483.657005	2531.412883
484.025964	2530.308871
484.394864	2529.434230
484.763706	2535.801208
485.132489	2532.353058
485.501213	2532.171577
485.869879	2527.889117
486.238487	2531.639735
486.607036	2528.930115
486.975527	2532.705939
487.343959	2530.563449
487.712333	2530.215609
488.080648	2531.669982
488.448905	2533.023532
488.817104	2530.432379
489.185244	2531.896834
489.553326	2534.140148
489.921350	2531.357431
490.289315	2529.396422
490.657222	2534.528316
491.025070	2533.227699
491.392861	2534.813142
491.760593	2530.240815
492.128267	2533.941022
492.495883	2532.799201
492.863440	2529.885414
493.230939	2533.328522
493.598380	2534.062010
493.965763	2528.781401
494.333088	2530.379447
494.700354	2529.111597
495.067563	2530.288706
495.434713	2530.666792
495.801805	2532.297606
496.168839	2530.132430
496.535815	2532.000178
496.902733	2535.544109
497.269593	2534.576207
497.636395	2532.859694
498.003139	2534.119983
498.369825	2534.908923
498.736453	2536.023018
499.103023	2532.282482
499.469535	2531.554036
499.835989	2532.476567
500.202385	2532.103521
500.568723	2532.053110
500.935003	2535.551671
501.301226	2533.484798
501.667390	2535.622247
502.033497	2536.693492
502.399546	2533.008408
502.765537	2533.769623
503.131470	2533.210055
503.497345	2535.307175
503.863163	2536.073430
504.228923	2531.198634
504.594625	2534.170394
504.960269	2532.348017
505.325856	2536.786753
505.691385	2534.997144
506.056856	2533.091588
506.422270	2537.469830
506.787625	2532.582431
507.152924	2534.215765
507.518164	2532.935312
507.883347	2533.822555
508.248472	2533.116793
508.613540	2532.095960
508.978550	2533.320960
509.343503	2537.031249
509.708398	2534.596372
510.073236	2534.921526
510.438016	2534.891279
510.802738	2535.556712
511.167403	2535.302133
511.532010	2535.544109
511.896561	2535.912113
512.261053	2536.955632
512.625488	2530.571011
512.989866	2531.531350
513.354186	2531.080167
513.718449	2530.230733
514.082655	2533.399098
514.446803	2537.885725
514.810894	2530.225692
515.174927	2535.639891
515.538904	2533.172246
515.902822	2535.271887
516.266684	2534.490508
516.630488	2533.424304
516.994235	2536.091074
517.357925	2533.782226
517.721558	2536.375899
518.085133	2535.506300
518.448651	2536.222144
518.812112	2533.898172
519.175516	2533.540250
519.538863	2534.185518
519.902152	2534.377082
520.265385	2535.539068
520.628560	2534.427493
520.991678	2534.319108
521.354739	2536.892618
521.717743	2537.522762
522.080690	2535.420601
522.443580	2535.629808
522.806413	2535.715508
523.169189	2533.908254
523.531908	2537.868081
523.894569	2535.166022
524.257174	2535.261804
524.619722	2536.668286
524.982213	2536.943029
525.344647	2535.597041
525.707025	2533.046217
526.069345	2534.883718
526.431608	2531.400280
526.793815	2533.751979
527.155964	2534.969417
527.518057	2537.192566
527.880093	2537.666435
528.242072	2535.849099
528.603995	2535.856660
528.965860	2534.276259
529.327669	2537.185004
529.689421	2532.030425
530.051117	2537.089223
530.412755	2533.268028
530.774337	2536.559901
531.135862	2532.988244
531.497331	2534.803059
531.858743	2530.225692
532.220098	2534.659386
532.581396	2534.919006
532.942638	2534.084695
533.303824	2534.740045
533.664953	2536.635519
534.026025	2536.454037
534.387040	2536.232226
534.747999	2534.641742
535.108902	2533.784746
535.469748	2536.053265
535.830537	2534.976979
536.191270	2535.420601
536.551947	2536.456558
536.912567	2536.277597
537.273131	2536.385982
537.633638	2534.666948
537.994089	2535.871784
538.354483	2534.364479
538.714821	2534.230888
539.075103	2533.973789
539.435328	2533.323481
539.795497	2532.748789
540.155609	2538.641898
540.515665	2536.345652
540.875665	2536.408667
541.235609	2536.441434
541.595496	2537.386651
541.955328	2536.930426
542.315102	2536.335570
542.674821	2535.471012
543.034483	2536.302802
543.394090	2536.282638
543.753640	2539.272042
544.113134	2538.833462
544.472571	2538.069727
544.831953	2536.078471
545.191278	2537.956301
545.550548	2534.828265
545.909761	2537.376568
546.268918	2535.276928
546.628019	2535.889428
546.987064	2531.730476
547.346053	2539.277083
547.704986	2534.641742
548.063863	2538.956970
548.422684	2535.264325
548.781449	2538.195756
549.140158	2536.353214
549.498811	2538.364634
549.857408	2534.795497
550.215949	2537.116949
550.574434	2531.491021
550.932864	2534.054448
551.291237	2531.014632
551.649555	2537.157278
552.007817	2536.471681
552.366022	2536.413708
552.724173	2537.154758
553.082267	2537.121990
553.440305	2538.432690
553.798288	2536.156609
554.156215	2536.993441
554.514086	2535.178625
554.871902	2534.641742
555.229661	2536.887576
555.587365	2537.311033
555.945014	2536.091074
556.302606	2536.874973
556.660143	2534.913965
557.017625	2538.450334
557.375050	2537.726928
557.732421	2535.632329
558.089735	2536.307844
558.446994	2536.655683
558.804197	2536.355735
559.161345	2535.672658
559.518437	2538.987217
559.875474	2533.691485
560.232455	2536.869932
560.589381	2536.126362
560.946251	2541.316230
561.303065	2536.212062
561.659825	2538.941847
562.016528	2535.934798
562.373177	2536.015457
562.729770	2536.590148
563.086307	2537.686599
563.442789	2537.192566
563.799216	2538.188194
564.155587	2537.300951
564.511904	2537.976466
564.868164	2535.160981
565.224370	2536.007895
565.580520	2536.660724
565.936615	2538.684748
566.292654	2535.904551
566.648638	2538.904038
567.004567	2538.231044
567.360441	2538.828421
567.716260	2536.151568
568.072023	2533.590662
568.427732	2535.002185
568.783385	2531.543953
569.138982	2532.446320
569.494525	2536.176774
569.850013	2530.460105
570.205445	2537.182484
570.560823	2540.199614
570.916145	2536.625436
571.271412	2535.450847
571.626625	2538.946888
571.981782	2536.101156
572.336884	2535.728111
572.691931	2535.541588
573.046923	2538.898997
573.401860	2538.599048
573.756743	2539.254398
574.111570	2535.476053
574.466342	2535.776002
574.821059	2536.078471
575.175722	2537.686599
575.530330	2538.069727
575.884882	2537.462268
576.239380	2538.573842
576.593823	2537.832793
576.948211	2537.837834
577.302544	2538.931764
577.656823	2536.648122
578.011047	2538.657021
578.365216	2534.293903
578.719330	2538.871270
579.073389	2534.639222
579.427394	2534.316588
579.781344	2536.033101
580.135239	2536.244829
580.489080	2538.490663
580.842866	2539.965201
581.196597	2539.755993
581.550273	2538.339429
581.903895	2536.738862
582.257463	2536.759027
582.610975	2538.825900
582.964434	2537.089222
583.317837	2537.908410
583.671186	2537.815149
584.024481	2537.716846
584.377721	2539.899666
584.730906	2537.134593
585.084037	2540.560057
585.437113	2535.670138
585.790135	2535.929757
586.143103	2537.671476
586.496016	2535.029911
586.848874	2533.280631
587.201679	2535.541588
587.554428	2535.710467
587.907124	2536.509490
588.259765	2534.303985
588.612352	2537.595858
588.964884	2537.255581
589.317362	2537.757175
589.669786	2535.957483
590.022155	2536.438914
590.374470	2536.247350
590.726731	2538.651980
591.078937	2536.895138
591.431090	2537.860519
591.783188	2537.341280
592.135232	2537.863040
592.487222	2536.940508
592.839157	2539.627443
593.191038	2536.199459
593.542866	2538.599048
593.894639	2538.210879
594.246358	2536.738862
594.598022	2538.788091
594.949633	2537.971424
595.301190	2536.748945
595.652692	2535.511341
596.004141	2534.765251
596.355535	2537.046373
596.706876	2537.202648
597.058162	2536.779192
597.409395	2537.737011
597.760573	2540.403781
598.111698	2539.151054
598.462768	2536.988399
598.813785	2537.603420
599.164748	2537.893287
599.515657	2535.649973
599.866511	2533.880528
600.217312	2535.889428
600.568060	2538.833462
600.918753	2538.911600
601.269392	2540.020653
601.619978	2537.464788
601.970510	2540.706250
602.320988	2539.433359
602.671412	2536.675848
603.021783	2536.663245
603.372100	2538.407484
603.722363	2537.121990
604.072572	2539.375386
604.422728	2540.769265
604.772830	2533.968748
605.122878	2532.126207
605.472872	2535.549150
605.822813	2535.531506
606.172701	2535.430683
606.522534	2535.768440
606.872314	2536.776671
607.222041	2535.702905
607.571714	2538.904038
607.921333	2536.973276
608.270899	2537.351363
608.620411	2538.846065
608.969870	2537.729449
609.319276	2537.704243
609.668627	2541.890922
610.017926	2544.363607
610.367171	2548.759494
610.716362	2543.872095
611.065500	2543.350336
611.414585	2542.165664
611.763616	2540.968390
612.112594	2542.795809
612.461518	2538.425128
612.810389	2538.336908
613.159207	2540.774306
613.507971	2539.274563
613.856682	2539.493853
614.205340	2536.781712
614.553945	2541.038967
614.902496	2538.160468
615.250994	2539.561908
615.599439	2539.551826
615.947830	2537.369007
616.296169	2536.494366
616.644454	2537.389171
616.992686	2538.830941
617.340864	2535.907072
617.688990	2536.355735
618.037063	2536.219623
618.385082	2537.903369
618.733048	2538.190715
619.080961	2541.815304
619.428821	2540.605427
619.776628	2535.765920
620.124382	2538.725077
620.472083	2539.960160
620.819731	2537.787422
621.167326	2537.865560
621.514868	2538.949408
621.862357	2538.447813
622.209793	2540.660880
622.557176	2539.045190
622.904506	2534.694674
623.251783	2533.058820
623.599007	2537.616023
623.946179	2534.271218
624.293297	2534.046886
624.640363	2538.331867
624.987376	2537.739531
625.334336	2536.527134
625.681243	2536.537216
626.028097	2538.205838
626.374899	2535.418080
626.721647	2539.007382
627.068343	2537.424459
627.414987	2534.823224
627.761577	2538.785571
628.108115	2535.841537
628.454600	2538.246167
628.801032	2537.734490
629.147412	2535.420601
629.493739	2536.764068
629.840014	2539.312371
630.186236	2536.436393
630.532405	2538.057124
630.878521	2534.843388
631.224585	2540.174409
631.570597	2536.491846
631.916556	2541.154913
632.262462	2534.752648
632.608316	2537.474871
632.954117	2537.575694
633.299866	2535.675179
633.645562	2536.438914
633.991206	2538.987217
634.336797	2537.051414
634.682336	2538.457896
635.027823	2535.554191
635.373257	2537.807587
635.718639	2538.089892
636.063968	2534.435055
636.409245	2538.137783
636.754470	2536.595189
637.099642	2537.253060
637.444762	2537.479912
637.789829	2538.042001
638.134845	2537.210210
638.479808	2536.580066
638.824719	2535.264325
639.169577	2539.025026
639.514383	2535.639891
639.859137	2535.954963
640.203839	2538.624254
640.548489	2535.145858
640.893086	2536.582587
641.237632	2533.298275
641.582125	2533.129396
641.926566	2533.845240
642.270955	2536.408667
642.615292	2535.604603
642.959576	2535.468492
643.303809	2535.796167
643.647990	2537.757175
643.992118	2536.756506
644.336195	2537.265663
644.680219	2539.007382
645.024192	2537.593338
645.368112	2535.902031
645.711981	2539.095602
646.055797	2537.003523
646.399562	2536.572504
646.743274	2537.031249
647.086935	2535.718029
647.430544	2538.064686
647.774101	2537.719367
648.117606	2536.728780
648.461059	2536.761548
648.804460	2539.559388
649.147810	2538.200797
649.491108	2535.528985
649.834354	2536.476722
650.177548	2536.023018
650.520690	2539.365303
650.863781	2536.277597
651.206820	2540.192053
651.549807	2537.058976
651.892742	2535.239119
652.235626	2535.251722
652.578458	2537.973945
652.921238	2535.329860
653.263967	2536.620395
653.606644	2534.475384
653.949269	2536.975797
654.291843	2536.832124
654.634365	2537.394212
654.976836	2536.784233
655.319255	2536.761548
655.661622	2536.136444
656.003938	2539.231713
656.346203	2533.774664
656.688416	2540.181970
657.030577	2538.657021
657.372687	2534.624098
657.714746	2538.740200
658.056753	2534.666948
658.398708	2533.202493
658.740612	2536.204500
659.082465	2533.817514
659.424266	2533.729293
659.766016	2529.731658
660.107715	2536.348173
660.449362	2537.106867
660.790958	2539.947557
661.132503	2536.360776
661.473996	2540.804553
661.815438	2537.626105
662.156829	2536.123842
662.498168	2536.471681
662.839456	2537.071578
663.180693	2535.203831
663.521879	2537.285828
663.863013	2537.537885
664.204097	2538.092412
664.545129	2537.061496
664.886110	2537.225334
665.227040	2536.905220
665.567918	2537.789943
665.908746	2534.737524
666.249522	2539.209028
666.590248	2534.225847
666.930922	2538.556198
667.271545	2535.705426
667.612118	2539.415715
667.952639	2536.073430
668.293109	2540.829759
668.633528	2535.622247
668.973896	2535.284489
669.314213	2538.485622
669.654480	2536.648122
669.994695	2534.301464
670.334859	2537.469830
670.674973	2532.325332
671.015035	2538.077289
671.355047	2537.966383
671.695008	2533.351207
672.034918	2536.454037
672.374777	2535.413039
672.714585	2532.486649
673.054342	2536.670807
673.394049	2536.020498
673.733705	2539.929913
674.073310	2535.644932
674.412864	2535.400436
674.752368	2534.384643
675.091820	2537.411856
675.431223	2534.220806
675.770574	2536.993441
676.109875	2529.749302
676.449125	2533.560415
676.788324	2530.719725
677.127473	2534.190559
677.466571	2531.032276
677.805619	2536.030580
678.144616	2535.899510
678.483562	2537.253060
678.822458	2537.421939
679.161303	2535.334901
679.500098	2535.972607
679.838842	2536.620395
680.177535	2534.200641
680.516179	2535.226516
680.854771	2535.985210
681.193314	2536.161650
681.531805	2536.312885
681.870247	2536.491846
682.208638	2535.781043
682.546978	2537.830272
682.885268	2535.564273
683.223508	2536.685930
683.561697	2536.123842
683.899836	2537.374048
684.237925	2534.805580
684.575963	2537.963863
684.913951	2536.948070
685.251889	2536.600231
685.589776	2536.244829
685.927614	2535.826413
686.265401	2536.370858
686.603137	2534.959335
686.940824	2534.747607
687.278460	2537.555529
687.616046	2534.949253
687.953582	2534.132586
688.291068	2534.218285
688.628504	2536.254912
688.965889	2534.936650
689.303224	2535.506300
689.640510	2536.655683
689.977745	2534.430014
690.314930	2535.241640
690.652065	2536.459078
690.989150	2535.592000
691.326185	2536.506969
691.663170	2537.792463
692.000105	2536.900179
692.336990	2533.933460
692.673825	2534.384643
693.010610	2537.782381
693.347345	2531.644776
693.684030	2530.308871
694.020665	2535.206352
694.357251	2529.898017
694.693786	2535.231557
695.030272	2531.838861
695.366707	2534.339273
695.703093	2535.534027
696.039429	2534.455220
696.375716	2537.008564
696.711952	2532.743748
697.048139	2534.871115
697.384276	2537.835313
697.720363	2535.647452
698.056400	2534.495549
698.392388	2532.663089
698.728326	2533.134437
699.064214	2537.058976
699.400053	2536.146527
699.735842	2537.457227
700.071581	2534.540919
700.407270	2538.543595
700.742910	2534.707277
701.078501	2535.879346
701.414042	2536.995961
701.749533	2534.911444
702.084974	2535.128214
702.420366	2533.895652
702.755709	2535.776002
703.091002	2533.981351
703.426246	2537.167360
703.761440	2534.331711
704.096584	2535.113090
704.431679	2534.185518
704.766725	2536.885056
705.101721	2536.310364
705.436668	2534.982020
705.771565	2536.159130
706.106413	2537.467309
706.441212	2533.615867
706.775961	2534.999664
707.110661	2536.625436
707.445311	2535.208872
707.779913	2533.802390
708.114465	2536.892618
708.448967	2535.581918
708.783421	2537.051414
709.117825	2532.526978
709.452180	2535.791125
709.786485	2535.191228
710.120742	2537.744573
710.454949	2538.289017
710.789107	2533.371372
711.123216	2532.037986
711.457275	2534.321629
711.791286	2532.043028
712.125247	2534.074612
712.459159	2534.417411
712.793023	2534.278779
713.126837	2536.189377
713.460602	2533.772143
713.794318	2536.385982
714.127985	2535.781043
714.461602	2535.095446
714.795171	2536.295241
715.128691	2534.377082
715.462162	2535.342463
715.795584	2532.080836
716.128957	2534.508152
716.462281	2536.048224
716.795556	2536.625436
717.128782	2536.128883
717.461960	2535.518903
717.795088	2535.597041
718.128167	2536.718698
718.461198	2536.527134
718.794180	2536.648122
719.127113	2535.244160
719.459997	2536.698533
719.792833	2533.648635
720.125619	2535.012267
720.458357	2534.009077
720.791046	2535.599562
721.123686	2534.374561
721.456278	2533.925898
721.788821	2535.037473
722.121315	2533.341125
722.453761	2535.526465
722.786158	2535.594520
723.118506	2534.712318
723.450805	2536.219623
723.783056	2534.949253
724.115259	2534.896321
724.447412	2533.751979
724.779518	2535.518903
725.111574	2534.102339
725.443582	2534.374561
725.775542	2535.276928
726.107453	2534.099818
726.439315	2532.300126
726.771129	2538.281455
727.102895	2537.172402
727.434612	2534.893800
727.766281	2534.472864
728.097901	2534.198121
728.429473	2530.409694
728.760996	2529.497245
729.092471	2528.796524
729.423897	2535.836496
729.755276	2535.450847
730.086606	2534.019160
730.417887	2535.715508
730.749120	2533.726773
731.080305	2531.601927
731.411442	2536.242309
731.742530	2533.520086
732.073570	2536.748945
732.404562	2534.125024
732.735506	2536.464119
733.066401	2535.826413
733.397249	2536.282638
733.728048	2532.683254
734.058798	2534.062010
734.389501	2532.209386
734.720156	2536.474202
735.050762	2532.017822
735.381320	2534.863553
735.711831	2532.703419
736.042293	2535.236598
736.372707	2535.445806
736.703073	2534.724921
737.033391	2534.551002
737.363661	2535.705426
737.693883	2533.492359
738.024056	2538.296579
738.354182	2535.592000
738.684260	2536.680889
739.014290	2530.876000
739.344272	2533.593182
739.674207	2532.761392
740.004093	2536.940508
740.333931	2531.667462
740.663722	2535.700385
740.993464	2534.712318
741.323159	2536.441434
741.652806	2534.530837
741.982405	2533.915816
742.311956	2534.982020
742.641460	2534.780374
742.970915	2533.381454
743.300323	2533.898172
743.629683	2535.712988
743.958996	2532.075795
744.288260	2533.280631
744.617477	2535.163502
744.946647	2530.505476
745.275768	2532.791639
745.604842	2530.334076
745.933869	2530.999509
746.262847	2531.778367
746.591778	2534.059489
746.920662	2534.760209
747.249498	2534.293903
747.578286	2535.150899
747.907027	2533.820034
748.235720	2534.692154
748.564365	2535.604603
748.892963	2533.406660
749.221514	2535.619726
749.550017	2534.619057
749.878473	2533.504962
750.206881	2534.122503
750.535242	2533.068902
750.863555	2532.539581
751.191821	2535.972607
751.520039	2535.471012
751.848210	2534.273738
752.176334	2534.709798
752.504411	2533.830117
752.832440	2533.925898
753.160421	2533.038655
753.488356	2534.999664
753.816243	2534.182997
754.144082	2534.414890
754.471875	2533.255425
754.799620	2532.970600
755.127318	2532.582431
755.454969	2532.317770
755.782572	2532.670651
756.110129	2534.515713
756.437638	2534.389685
756.765100	2533.580579
757.092515	2533.015970
757.419882	2533.749458
757.747203	2533.767102
758.074477	2532.582431
758.401703	2530.941535
758.728882	2532.622760
759.056014	2533.905734
759.383099	2535.924716
759.710138	2534.296423
760.037129	2534.303985
760.364073	2533.373892
760.690970	2533.275590
761.017820	2532.655528
761.344623	2532.050589
761.671379	2533.320960
761.998088	2531.725435
762.324751	2532.320291
762.651366	2527.992460
762.977935	2531.458254
763.304456	2528.730989
763.630931	2534.354397
763.957359	2536.343132
764.283740	2532.582431
764.610074	2530.634025
764.936362	2536.880015
765.262602	2534.177956
765.588796	2536.088553
765.914943	2533.426824
766.241044	2531.367513
766.567097	2533.590662
766.893104	2535.801208
767.219064	2533.467153
767.544978	2534.107380
767.870845	2532.496731
768.196665	2537.474871
768.522438	2530.414735
768.848165	2531.203675
769.173846	2533.711649
769.499479	2533.893131
769.825066	2532.584952
770.150607	2530.805424
770.476101	2534.273738
770.801548	2536.103677
771.126949	2534.006557
771.452303	2535.584438
771.777611	2532.045548
772.102872	2533.288193
772.428087	2530.172759
772.753256	2533.436907
773.078378	2531.763243
773.403453	2532.718542
773.728482	2532.521937
774.053465	2531.808614
774.378401	2531.654859
774.703291	2532.279962
775.028135	2532.809283
775.352932	2533.431865
775.677683	2531.574200
776.002388	2534.296423
776.327046	2529.945908
776.651658	2533.290713
776.976224	2534.470343
777.300743	2534.775333
777.625216	2533.293234
777.949643	2533.013450
778.274024	2534.682072
778.598359	2530.578572
778.922647	2529.620753
779.246889	2531.261649
779.571086	2527.753006
779.895236	2532.242153
780.219339	2530.702081
780.543397	2532.342976
780.867409	2533.625950
781.191374	2532.741227
781.515294	2531.773326
781.839167	2532.811803
782.162995	2534.185518
782.486776	2534.689633
782.810511	2535.508821
783.134201	2534.490508
783.457844	2537.754655
783.781441	2530.470188
784.104993	2534.210724
784.428498	2531.349869
784.751958	2536.433873
785.075372	2532.781557
785.398739	2534.412370
785.722061	2533.046217
786.045337	2533.326001
786.368568	2532.027904
786.691752	2535.758358
787.014891	2530.492873
787.337983	2534.873635
787.661030	2531.841381
787.984031	2534.009078
788.306987	2534.059489
788.629897	2533.880528
788.952760	2531.745599
789.275579	2534.518234
789.598351	2532.703419
789.921078	2534.717360
790.243759	2533.797349
790.566395	2532.847092
790.888984	2531.730476
791.211529	2533.091587
791.534027	2532.572349
791.856480	2533.179808
792.178888	2532.617719
792.501249	2532.884900
792.823566	2533.915816
793.145836	2533.094108
793.468062	2531.833820
793.790241	2532.499252
794.112375	2532.065713
794.434464	2535.289531
794.756507	2533.109232
795.078505	2533.026052
795.400457	2532.300126
795.722364	2528.383150
796.044226	2530.891124
796.366042	2527.256452
796.687812	2530.152595
797.009538	2534.558563
797.331218	2533.109232
797.652852	2533.807431
797.974442	2531.216278
798.295986	2535.231557
798.617484	2530.974303
798.938938	2531.498583
799.260346	2532.816845
799.581709	2532.101001
799.903026	2532.348017
800.224299	2529.824920
800.545526	2533.943542
800.866708	2530.870959
801.187845	2532.569828
801.508936	2531.201155
801.829983	2531.803573
802.150984	2532.879859
802.471940	2533.472195
802.792851	2533.691485
803.113717	2532.622760
803.434538	2532.995806
803.755314	2532.872297
804.076045	2529.779549
804.396731	2531.939684
804.717372	2529.232584
805.037967	2529.867770
805.358518	2531.879190
805.679024	2534.566125
805.999485	2532.211906
806.319901	2532.247194
806.640272	2534.745086
806.960598	2531.332225
807.280879	2533.328522
807.601115	2532.910106
807.921306	2532.020342
808.241453	2532.542102
808.561554	2531.233922
808.881611	2533.073943
809.201623	2529.280475
809.521590	2533.343645
809.841513	2532.340456
810.161390	2532.897503
810.481223	2532.592513
810.801011	2533.968748
811.120755	2532.257277
811.440453	2532.521937
811.760107	2532.020342
812.079716	2530.520599
812.399281	2529.570342
812.718801	2531.168387
813.038276	2529.741741
813.357707	2532.438758
813.677093	2530.510517
813.996434	2530.374406
814.315731	2532.395908
814.634983	2530.573531
814.954191	2531.548994
815.273354	2531.112935
815.592473	2532.925229
815.911547	2533.941022
816.230577	2533.280631
816.549562	2534.976979
816.868502	2533.414221
817.187399	2530.717204
817.506250	2534.354397
817.825058	2532.569828
818.143821	2529.550177
818.462539	2531.798532
818.781213	2527.132944
819.099843	2533.152081
819.418429	2531.916999
819.736970	2533.240302
820.055466	2535.289531
820.373919	2531.198634
820.692327	2534.180477
821.010691	2533.908254
821.329011	2531.221319
821.647286	2533.520086
821.965517	2529.484642
822.283704	2532.637884
822.601847	2531.145702
822.919945	2532.632843
823.237999	2530.664272
823.556010	2532.221988
823.873976	2531.730476
824.191897	2534.614016
824.509775	2530.702081
824.827609	2532.511855
825.145398	2531.085208
825.463144	2532.116124
825.780845	2533.141999
826.098502	2532.164015
826.416116	2530.545805
826.733685	2529.950949
827.051210	2530.639066
827.368692	2531.680064
827.686129	2532.743748
828.003522	2531.491021
828.320872	2526.971627
828.638177	2529.923222
828.955439	2526.220495
829.272656	2528.264683
829.589830	2525.063550
829.906960	2533.888090
830.224046	2530.792821
830.541088	2531.357431
830.858086	2528.249559
831.175041	2530.843233
831.491952	2530.293747
831.808819	2530.417255
832.125642	2529.277955
832.442421	2530.611340
832.759157	2530.623943
833.075849	2531.233922
833.392497	2532.370703
833.709101	2532.736186
834.025662	2534.598893
834.342179	2531.874149
834.658653	2530.659231
834.975083	2529.524971
835.291469	2532.479087
835.607811	2532.123686
835.924110	2531.387678
836.240366	2531.332225
836.556578	2528.889786
836.872746	2532.968079
837.188871	2530.949097
837.504952	2532.925229
837.820990	2531.513706
838.136984	2532.428676
838.452935	2531.400280
838.768842	2532.494211
839.084706	2530.727286
839.400526	2531.778367
839.716303	2530.346679
840.032037	2532.156453
840.347727	2531.677544
840.663373	2530.991947
840.978977	2530.601258
841.294537	2531.922040
841.610054	2531.208717
841.925527	2531.261649
842.240957	2531.919519
842.556344	2533.666279
842.871687	2532.773995
843.186987	2533.116793
843.502244	2530.354241
843.817458	2531.992616
844.132629	2529.706453
844.447756	2529.517409
844.762840	2530.318953
845.077881	2525.655886
845.392879	2528.327697
845.707833	2529.093953
846.022745	2525.857532
846.337613	2527.861390
846.652438	2533.492359
846.967221	2528.448685
847.281960	2529.651000
847.596656	2530.069416
847.911309	2529.749303
848.225919	2534.230888
848.540485	2531.314581
848.855009	2532.353058
849.169490	2528.524302
849.483928	2533.948584
849.798323	2529.580424
850.112675	2532.567307
850.426984	2528.819210
850.741251	2529.741741
851.055474	2532.078316
851.369654	2529.207378
851.683792	2529.414066
851.997887	2530.046731
852.311938	2529.938346
852.625947	2531.233922
852.939914	2529.459436
853.253837	2533.560415
853.567718	2531.407842
853.881555	2531.768285
854.195350	2531.264169
854.509103	2531.097811
854.822812	2531.571680
855.136479	2532.602596
855.450103	2530.669313
855.763685	2530.898686
856.077224	2530.225692
856.390720	2530.611340
856.704173	2530.255938
857.017584	2531.329704
857.330953	2530.455064
857.644278	2531.173428
857.957561	2533.804911
858.270802	2530.835671
858.584000	2533.920857
858.897155	2528.370547
859.210268	2530.276103
859.523339	2531.793490
859.836367	2529.955990
860.149352	2532.567307
860.462295	2528.292409
860.775195	2527.085053
861.088054	2524.541791
861.400869	2527.848788
861.713642	2526.888448
862.026373	2527.843746
862.339062	2531.702750
862.651708	2530.933974
862.964312	2529.920702
863.276873	2530.434899
863.589392	2532.980682
863.901869	2530.523120
864.214303	2527.826102
864.526696	2531.818696
864.839045	2531.707791
865.151353	2529.880373
865.463619	2530.644107
865.775842	2530.160157
866.088023	2529.756864
866.400162	2530.961700
866.712258	2532.022863
867.024313	2529.361134
867.336325	2529.401463
867.648296	2529.845084
867.960224	2534.787936
868.272110	2529.484642
868.583954	2529.151926
868.895755	2529.610671
869.207515	2530.409694
869.519233	2528.841895
869.830909	2529.923222
870.142542	2531.962369
870.454134	2529.625794
870.765684	2532.481608
871.077191	2532.189221
871.388657	2533.237781
871.700081	2531.612009
872.011463	2529.507327
872.322803	2530.260980
872.634101	2530.346679
872.945357	2529.290557
873.256571	2531.057482
873.567744	2530.061854
873.878874	2530.208047
874.189963	2532.400949
874.501010	2532.731145
874.812015	2531.226361
875.122979	2529.966072
875.433900	2529.098994
875.744780	2530.321473
876.055618	2529.552698
876.366415	2530.142512
876.677169	2528.098325
876.987882	2526.182686
877.298554	2527.500948
877.609183	2528.821730
877.919771	2524.604805
878.230317	2527.001874
878.540822	2529.532533
878.851285	2531.445651
879.161707	2531.175949
879.472087	2531.233922
879.782425	2529.726617
880.092722	2530.881042
880.402977	2529.028418
880.713191	2528.773839
881.023363	2528.584796
881.333494	2531.443130
881.643583	2529.353572
881.953631	2531.727955
882.263637	2530.666793
882.573602	2529.482121
882.883526	2528.239477
883.193408	2529.948428
883.503248	2529.560259
883.813048	2529.971113
884.122806	2529.711494
884.432522	2530.203006
884.742197	2529.061185
885.051831	2531.354910
885.361424	2528.506658
885.670975	2530.039169
885.980485	2530.064375
886.289954	2531.029756
886.599382	2530.603778
886.908768	2527.526154
887.218113	2529.945907
887.527417	2530.462626
887.836680	2529.572862
888.145901	2530.124868
888.455082	2531.707791
888.764221	2528.262162
889.073319	2532.191742
889.382376	2530.308871
889.691392	2532.010260
890.000366	2529.678726
890.309300	2532.037986
890.618193	2530.944056
890.927044	2531.496062
891.235855	2529.814838
891.544625	2529.295599
891.853353	2530.976823
892.162041	2531.115455
892.470687	2532.731145
892.779293	2529.640918
893.087858	2524.385515
893.396381	2525.880217
893.704864	2527.405166
894.013306	2525.880217
894.321707	2530.744930
894.630068	2530.109745
894.938387	2530.419776
895.246665	2529.277955
895.554903	2531.460774
895.863100	2528.909950
896.171256	2530.979344
896.479371	2530.213089
896.787446	2529.774508
897.095480	2528.063037
897.403473	2526.825433
897.711425	2528.972965
898.019336	2530.507996
898.327207	2529.499765
898.635038	2529.257790
898.942827	2530.876000
899.250576	2529.572862
899.558284	2530.971782
899.865952	2532.368182
900.173579	2533.023532
900.481165	2529.139323
900.788711	2528.378109
901.096216	2527.942049
901.403681	2531.120496
901.711105	2530.394570
902.018489	2528.042872
902.325832	2531.743079
902.633135	2529.804755
902.940397	2531.014632
903.247619	2527.385001
903.554800	2528.438602
903.861941	2528.650331
904.169041	2527.054806
904.476101	2526.470032
904.783121	2530.795342
905.090100	2529.749302
905.397039	2529.109076
905.703938	2528.340300
906.010796	2531.700229
906.317614	2529.464477
906.624391	2527.982378
906.931129	2531.755682
907.237826	2528.892306
907.544483	2530.671834
907.851099	2529.202337
908.157675	2531.899355
908.464211	2530.271062
908.770707	2525.890299
909.077163	2526.240659
909.383578	2526.414579
909.689954	2526.896009
909.996289	2525.524816
910.302584	2530.669313
910.608839	2528.632687
910.915054	2527.395084
911.221229	2527.011956
911.527363	2529.325846
911.833458	2528.262162
912.139513	2528.317615
912.445527	2529.414066
912.751502	2527.276617
913.057436	2528.610002
913.363331	2529.368695
913.669186	2526.843077
913.975000	2528.887265
914.280775	2531.130579
914.586510	2529.547656
914.892205	2527.798376
915.197859	2531.276772
915.503475	2530.114786
915.809050	2529.961031
916.114585	2529.086391
916.420081	2528.781401
916.725536	2528.068078
917.030952	2527.952131
917.336328	2528.302491
917.641665	2528.249559
917.946961	2530.424817
918.252218	2525.509692
918.557435	2529.111597
918.862612	2525.905423
919.167750	2526.689322
919.472848	2528.579755
919.777906	2527.543798
920.082925	2527.195958
920.387904	2527.236287
920.692843	2527.800897
920.997743	2531.019673
921.302603	2527.541277
921.607423	2529.681247
921.912204	2531.531350
922.216946	2527.057326
922.521647	2529.020856
922.826310	2531.221319
923.130932	2530.807945
923.435516	2529.189734
923.740059	2530.432379
924.044564	2529.328366
924.349028	2527.221164
924.653454	2527.516071
924.957840	2526.036493
925.262186	2526.308715
925.566493	2524.521626
925.870761	2523.813344
926.174989	2529.648479
926.479178	2527.599250
926.783328	2527.173273
927.087438	2528.806607
927.391509	2529.756864
927.695541	2531.508665
927.999533	2526.840557
928.303486	2528.713345
928.607400	2529.330887
928.911275	2530.376926
929.215110	2529.454395
929.518906	2528.282327
929.822663	2528.138654
930.126381	2528.993129
930.430060	2529.124199
930.733699	2530.666793
931.037299	2529.255269
931.340861	2530.001360
931.644383	2530.074457
931.947866	2527.498427
932.251309	2529.802235
932.554714	2528.607481
932.858080	2530.631504
933.161407	2528.272244
933.464694	2528.569673
933.767943	2527.246370
934.071153	2529.106555
934.374323	2529.817358
934.677455	2526.969106
934.980548	2529.988757
935.283602	2526.641431
935.586617	2527.571524
935.889593	2529.903058
936.192530	2527.145547
936.495428	2531.491021
936.798287	2529.507327
937.101108	2525.713859
937.403890	2529.104035
937.706632	2529.459436
938.009336	2528.093283
938.312002	2530.812986
938.614628	2526.139836
938.917216	2529.567821
939.219765	2527.251411
939.522275	2527.732841
939.824747	2528.665454
940.127179	2524.294774
940.429573	2525.126564
940.731929	2526.099507
941.034246	2523.533560
941.336524	2527.856349
941.638763	2527.644621
941.940964	2527.513551
942.243126	2532.824406
942.545250	2528.128572
942.847335	2528.284847
943.149381	2529.411545
943.451389	2530.308871
943.753359	2529.872811
944.055290	2528.766278
944.357182	2529.396422
944.659036	2531.420445
944.960851	2529.595547
945.262628	2526.477594
945.564367	2531.150743
945.866067	2528.332738
946.167729	2528.869621
946.469352	2529.661082
946.770937	2531.029756
947.072484	2529.973634
947.373992	2530.089580
947.675462	2527.488345
947.976893	2529.310722
948.278286	2528.524302
948.579641	2526.754857
948.880958	2528.428520
949.182236	2530.013963
949.483476	2527.558921
949.784678	2526.243180
950.085841	2528.680578
950.386967	2531.909437
950.688054	2526.737213
950.989103	2530.064375
951.290114	2527.397604
951.591087	2527.571524
951.892021	2531.128058
952.192917	2528.836854
952.493776	2528.816689
952.794596	2528.695701
953.095378	2526.225536
953.396122	2529.156967
953.696828	2524.912315
953.997496	2528.718387
954.298126	2528.161339
954.598718	2527.390042
954.899272	2528.272244
955.199788	2527.475742
955.500266	2526.873324
955.800706	2527.173273
956.101108	2522.747140
956.401472	2527.541277
956.701798	2522.858045
957.002087	2523.833508
957.302337	2527.332069
957.602550	2528.650331
957.902724	2527.861390
958.202861	2525.378622
958.502960	2527.992460
958.803022	2528.806607
959.103045	2527.377440
959.403031	2527.334590
959.702979	2529.484642
960.002889	2527.647141
960.302762	2529.386339
960.602596	2529.426669
960.902393	2526.533046
961.202153	2528.927594
961.501875	2530.576052
961.801559	2528.289888
962.101205	2528.176463
962.400814	2528.955321
962.700385	2527.246370
962.999918	2530.258459
963.299414	2525.078673
963.598873	2527.505989
963.898293	2528.756195
964.197677	2530.039169
964.497022	2527.997502
964.796331	2531.155784
965.095601	2528.690660
965.394835	2529.330887
965.694030	2526.507841
965.993189	2529.018335
966.292309	2525.655886
966.591393	2529.235105
966.890439	2526.288550
967.189447	2529.678726
967.488419	2526.621267
967.787353	2528.032790
968.086249	2528.098325
968.385108	2528.357944
968.683930	2528.753675
968.982714	2529.139323
969.281462	2526.086904
969.580172	2527.553880
969.878844	2527.165711
970.177480	2527.959693
970.476078	2529.913140
970.774639	2524.998015
971.073162	2529.204858
971.371649	2527.281658
971.670098	2521.315452
971.968510	2522.565658
972.266885	2521.761594
972.565223	2528.078160
972.863524	2527.977337
973.161788	2527.629497
973.460014	2525.691174
973.758204	2527.175793
974.056356	2525.655886
974.354471	2528.390712
974.652550	2526.896009
974.950591	2529.547656
975.248595	2524.322500
975.546563	2527.379960
975.844493	2527.425331
976.142386	2527.846267
976.440243	2529.719056
976.738062	2527.505989
977.035845	2527.468180
977.333590	2525.502130
977.631299	2528.814168
977.928971	2528.476411
978.226606	2527.914322
978.524204	2529.610671
978.821765	2527.377440
979.119290	2529.431710
979.416777	2529.063706
979.714228	2527.029600
980.011642	2526.694363
980.309020	2529.681247
980.606360	2526.447347
980.903664	2525.963396
981.200931	2526.039013
981.498162	2525.421472
981.795356	2526.021369
982.092513	2526.591020
982.389633	2525.739065
982.686717	2526.636390
982.983764	2526.051616
983.280775	2529.313243
983.577749	2528.123530
983.874686	2528.645290
984.171587	2526.598581
984.468451	2528.597399
984.765279	2526.724610
985.062070	2527.679909
985.358824	2526.127233
985.655543	2529.363654
985.952224	2527.873993
986.248869	2526.767460
986.545478	2525.280320
986.842050	2525.585309
987.138586	2523.024403
987.435086	2523.213447
987.731549	2521.633045
988.027975	2527.077491
988.324366	2527.793335
988.620719	2524.728313
988.917037	2527.327028
989.213318	2528.219312
989.509563	2529.751823
989.805772	2527.064888
990.101944	2526.187727
990.398080	2528.403314
990.694180	2528.136133
990.990244	2525.461801
991.286271	2527.725279
991.582262	2525.534898
991.878217	2527.448016
992.174136	2528.327697
992.470019	2526.971627
992.765865	2525.567665
993.061676	2526.338962
993.357450	2531.596885
993.653188	2524.975330
993.948890	2527.054806
994.244556	2527.291740
994.540186	2527.730320
994.835780	2525.383663
995.131337	2527.241328
995.426859	2527.057326
995.722345	2524.425844
996.017795	2526.880886
996.313208	2527.301822
996.608586	2526.732172
996.903928	2527.662265
997.199234	2526.013808
997.494504	2525.421472
997.789738	2529.194776
998.084936	2527.064888
998.380099	2525.769312
998.675225	2526.240659
998.970316	2525.229908
999.265371	2528.375588
999.560390	2525.096318
999.855373	2530.384488
1000.150320	2526.916174
1000.445232	2530.417255
1000.740108	2527.523633
1001.034948	2528.065557
1001.329752	2525.993643
1001.624521	2528.249559
1001.919254	2522.227901
1002.213951	2523.803262
1002.508613	2523.175638
1002.803239	2527.193438
1003.097829	2522.051461
1003.392384	2523.747809
1003.686903	2526.981709
1003.981386	2526.298633
1004.275834	2525.991122
1004.570246	2529.038500
1004.864623	2524.251924
1005.158964	2525.986081
1005.453270	2526.293592
1005.747540	2525.063550
1006.041775	2525.855011
1006.335974	2526.633869
1006.630138	2525.524816
1006.924266	2525.544980
1007.218359	2526.744775
1007.512416	2528.415917
1007.806438	2526.538087
1008.100425	2525.960875
1008.394376	2524.912315
1008.688292	2525.136647
1008.982172	2525.050947
1009.276017	2527.619415
1009.569827	2525.197141
1009.863602	2529.930784
1010.157341	2526.928777
1010.451045	2525.892820
1010.744714	2525.900382
1011.038347	2524.574558
1011.331945	2524.161183
1011.625508	2525.451719
1011.919036	2525.408869
1012.212528	2527.579086
1012.505986	2526.278468
1012.799408	2526.623787
1013.092795	2525.983561
1013.386147	2527.022038
1013.679464	2528.330218
1013.972745	2527.173273
1014.265992	2525.789476
1014.559204	2528.060516
1014.852380	2523.989784
1015.145521	2528.925074
1015.438628	2525.842408
1015.731699	2526.323838
1016.024736	2525.028262
1016.317737	2525.108920
1016.610703	2526.384332
1016.903635	2524.393077
1017.196531	2522.323683
1017.489393	2521.716224
1017.782219	2521.693539
1018.075011	2525.744106
1018.367768	2526.195289
1018.660490	2526.616225
1018.953177	2526.616225
1019.245829	2526.616225
