Dividing Wavelength (nm)	Counts (n)	Blue Motor Position (mm): 0.000000	Red Motor Position (mm): 5.100000	
326.493990	2129.895062
326.888308	2129.895062
327.282561	2129.895062
327.676750	2096.578076
328.070874	2093.971799
328.464933	2096.963724
328.858929	2101.553695
329.252859	2112.016610
329.646726	2123.452467
330.040528	2138.311268
330.434265	2153.394400
330.827938	2172.523059
331.221547	2191.162725
331.615091	2208.794161
332.008571	2229.727552
332.401986	2249.241858
332.795338	2266.066709
333.188625	2284.542538
333.581847	2304.999541
333.975006	2325.300267
334.368100	2339.221413
334.761129	2360.237984
335.154095	2374.499408
335.546996	2393.907850
335.939833	2408.950653
336.332606	2420.499937
336.725315	2433.932091
337.117960	2442.330654
337.510540	2451.901284
337.903056	2464.632718
338.295508	2471.488687
338.687896	2478.868937
339.080220	2488.419403
339.472480	2493.949548
339.864676	2498.784015
340.256807	2501.982627
340.648875	2504.014212
341.040879	2507.328771
341.432818	2510.958402
341.824694	2510.320696
342.216506	2507.976559
342.608253	2515.807992
342.999937	2513.007631
343.391557	2510.179543
343.783113	2508.677279
344.174605	2509.456138
344.566033	2506.930520
344.957397	2506.996055
345.348697	2504.125118
345.739934	2501.826351
346.131106	2502.539675
346.522215	2500.266114
346.913260	2497.659838
347.304241	2495.408963
347.695159	2495.882831
348.086012	2491.456698
348.476802	2488.915956
348.867528	2491.164311
349.258191	2489.813282
349.648789	2489.246152
350.039324	2483.980667
350.429796	2484.820019
350.820203	2484.131901
351.210548	2481.785244
351.600828	2480.923207
351.991045	2478.130408
352.381198	2480.552682
352.771288	2477.916159
353.161314	2480.986221
353.551276	2480.996304
353.941175	2479.559575
354.331010	2479.418423
354.720782	2478.896663
355.110490	2478.551344
355.500135	2479.665439
355.889717	2479.796509
356.279235	2478.657208
356.668689	2478.768114
357.058080	2479.632672
357.447408	2478.528659
357.836672	2477.681745
358.225873	2480.507312
358.615010	2475.902218
359.004084	2484.106696
359.393095	2481.717189
359.782043	2480.930769
360.170927	2483.287508
360.559748	2485.054433
360.948505	2484.363794
361.337199	2485.276243
361.725830	2485.518219
362.114398	2486.281953
362.502903	2486.312200
362.891344	2486.367653
363.279722	2488.018631
363.668037	2485.283805
364.056289	2488.192551
364.444478	2487.131388
364.832603	2491.454177
365.220665	2490.430823
365.608665	2490.619866
365.996601	2492.812768
366.384474	2487.771614
366.772284	2493.044661
367.160031	2494.932573
367.547715	2494.249497
367.935336	2496.102121
368.322893	2499.209993
368.710388	2503.404233
369.097820	2511.941427
369.485189	2506.375993
369.872495	2517.090965
370.259738	2515.949144
370.646918	2522.192613
371.034035	2526.563293
371.421090	2532.960517
371.808081	2535.486136
372.195010	2540.761703
372.581875	2547.184133
372.968678	2552.089176
373.355418	2555.718807
373.742096	2564.596278
374.128710	2565.443192
374.515262	2569.045097
374.901751	2577.524318
375.288177	2576.906776
375.674540	2581.668146
376.060841	2584.266861
376.447079	2587.611666
376.833254	2588.846749
377.219367	2585.769125
377.605417	2594.298757
377.991404	2588.579568
378.377329	2591.173242
378.763191	2588.067891
379.148991	2596.297574
379.534727	2594.898654
379.920402	2596.262286
380.306013	2590.543097
380.691563	2594.205496
381.077049	2595.415373
381.462474	2585.857345
381.847835	2587.982191
382.233134	2583.551017
382.618371	2576.518607
383.003545	2578.814853
383.388657	2573.506518
383.773706	2569.909655
384.158693	2565.070147
384.543618	2559.129147
384.928480	2558.176369
385.313280	2551.716130
385.698017	2546.337219
386.082692	2546.496016
386.467305	2537.515200
386.851856	2536.713657
387.236344	2534.011598
387.620770	2531.985054
388.005133	2526.767460
388.389435	2526.165042
388.773674	2521.895185
389.157851	2519.183044
389.541965	2515.147600
389.926018	2513.849503
390.310008	2512.937054
390.693936	2513.753721
391.077802	2513.471417
391.461606	2511.419667
391.845348	2512.836231
392.229027	2509.078051
392.612645	2509.751045
392.996200	2511.517970
393.379694	2508.591580
393.763125	2507.974038
394.146494	2509.645181
394.529801	2512.158196
394.913047	2507.167454
395.296230	2507.666528
395.679351	2509.609893
396.062410	2510.096364
396.445408	2511.084430
396.828343	2510.542506
397.211217	2505.561846
397.594028	2505.909686
397.976778	2507.658966
398.359466	2507.454800
398.742092	2505.045128
399.124656	2508.697444
399.507158	2507.656446
399.889598	2509.188957
400.271977	2509.057887
400.654294	2510.285407
401.036549	2509.773730
401.418742	2510.824811
401.800874	2508.662156
402.182944	2513.249606
402.564952	2511.258350
402.946898	2513.426046
403.328783	2511.149965
403.710606	2511.323885
404.092367	2510.991169
404.474067	2510.514780
404.855705	2512.843793
405.237282	2512.143073
405.618797	2510.587877
406.000250	2510.809688
406.381642	2511.991838
406.762972	2510.487054
407.144240	2514.691376
407.525447	2513.569719
407.906593	2512.944616
408.287677	2514.547703
408.668700	2512.679956
409.049661	2514.157014
409.430560	2511.704492
409.811399	2514.585512
410.192176	2515.566016
410.572891	2515.301356
410.953545	2514.719102
411.334138	2516.402848
411.714669	2517.378311
412.095139	2514.416633
412.475547	2516.856552
412.855894	2513.605007
413.236180	2514.278001
413.616405	2514.479647
413.996568	2513.778927
414.376670	2516.521315
414.756711	2514.910666
415.136691	2518.051305
415.516609	2516.070132
415.896466	2515.061901
416.276262	2518.925945
416.655997	2513.627692
417.035670	2514.913187
417.415283	2514.998886
417.794834	2512.395130
418.174324	2516.478465
418.553753	2517.539628
418.933121	2518.739422
419.312428	2516.909484
419.691674	2518.741943
420.070859	2516.211284
420.449983	2517.073321
420.829045	2517.451408
421.208047	2517.590039
421.586988	2516.980060
421.965867	2517.862262
422.344686	2517.852179
422.723444	2516.322189
423.102141	2518.976357
423.480777	2519.535925
423.859352	2519.062056
424.237866	2518.752025
424.616319	2519.248579
424.994712	2522.616070
425.373044	2519.495596
425.751314	2522.694208
426.129524	2518.361336
426.507673	2517.312776
426.885762	2520.944927
427.263789	2519.959382
427.641756	2521.053312
428.019662	2518.305883
428.397508	2520.755884
428.775292	2519.752694
429.153016	2521.696059
429.530679	2523.170597
429.908282	2521.320493
430.285824	2519.293949
430.663305	2521.948117
431.040726	2520.483662
431.418086	2520.274454
431.795385	2520.304701
432.172624	2522.197654
432.549802	2524.556914
432.926920	2522.679084
433.303977	2522.689167
433.680974	2522.898374
434.057910	2522.999197
434.434786	2522.053981
434.811601	2522.926101
435.188355	2521.181862
435.565050	2520.980215
435.941683	2522.250586
436.318257	2521.557427
436.694770	2517.612725
437.071222	2518.746984
437.447614	2520.176151
437.823946	2520.753363
438.200218	2522.230422
438.576429	2523.422654
438.952580	2523.528519
439.328670	2523.420134
439.704700	2523.946934
440.080670	2522.981553
440.456580	2521.519619
440.832429	2522.293436
441.208218	2523.268899
441.583947	2525.166894
441.959616	2526.701925
442.335224	2524.975330
442.710773	2525.824764
443.086261	2523.790659
443.461689	2526.598581
443.837057	2525.426513
444.212365	2522.558097
444.587612	2524.350227
444.962800	2522.129598
445.337927	2526.606143
445.712995	2522.361492
446.088002	2525.562624
446.462949	2522.497603
446.837837	2524.998015
447.212664	2523.805782
447.587431	2524.050278
447.962139	2525.340813
448.336786	2529.184693
448.711374	2525.038344
449.085901	2525.829805
449.460369	2524.009949
449.834776	2525.353416
450.209124	2527.934487
450.583412	2527.218643
450.957640	2526.482635
451.331808	2530.197965
451.705917	2524.065402
452.079965	2528.597399
452.453954	2526.916174
452.827883	2522.870648
453.201752	2527.453057
453.575562	2526.651513
453.949311	2524.919877
454.323001	2529.817358
454.696632	2526.979188
455.070202	2529.837523
455.443713	2524.446009
455.817164	2525.204702
456.190556	2522.134640
456.563888	2528.884745
456.937160	2524.559435
457.310373	2528.446164
457.683526	2527.198479
458.056619	2527.994981
458.429653	2526.149919
458.802628	2528.766278
459.175542	2528.743592
459.548398	2526.696884
459.921194	2526.744775
460.293930	2530.011443
460.666607	2530.034128
461.039224	2528.632687
461.411782	2525.406348
461.784280	2531.049920
462.156719	2528.115969
462.529099	2531.637215
462.901419	2530.941535
463.273680	2529.436751
463.645882	2528.544467
464.018024	2529.918181
464.390106	2527.997502
464.762130	2530.475229
465.134094	2528.834333
465.505999	2531.370033
465.877845	2530.959179
466.249631	2527.758047
466.621358	2531.382636
466.993026	2529.635877
467.364634	2531.236443
467.736184	2529.235105
468.107674	2530.074457
468.479105	2527.727800
468.850477	2528.794004
469.221790	2529.789632
469.593043	2529.371216
469.964238	2532.476567
470.335373	2533.620909
470.706449	2532.282482
471.077467	2532.471526
471.448425	2530.029087
471.819324	2532.511855
472.190164	2531.566638
472.560945	2529.346010
472.931667	2531.359951
473.302330	2531.107893
473.672934	2530.593696
474.043479	2529.948428
474.413965	2528.645290
474.784393	2525.499610
475.154761	2527.516071
475.525070	2528.778880
475.895321	2529.288037
476.265513	2524.100690
476.635645	2531.601927
477.005719	2525.519774
477.375734	2531.060003
477.745691	2531.511186
478.115588	2531.952287
478.485427	2532.811803
478.855207	2531.433048
479.224928	2530.916330
479.594591	2532.521937
479.964194	2531.856505
480.333739	2533.071423
480.703226	2531.821217
481.072653	2535.960004
481.442022	2531.012112
481.811333	2531.463295
482.180584	2532.564787
482.549777	2532.673172
482.918912	2533.676361
483.287988	2530.263500
483.657005	2534.039324
484.025964	2531.876669
484.394864	2531.715353
484.763706	2533.628470
485.132489	2530.384488
485.501213	2533.772143
485.869879	2529.837523
486.238487	2532.559746
486.607036	2530.424817
486.975527	2534.180477
487.343959	2531.806093
487.712333	2532.713501
488.080648	2532.247194
488.448905	2534.689633
488.817104	2532.514375
489.185244	2531.904396
489.553326	2532.143851
489.921350	2532.050589
490.289315	2528.705784
490.657222	2535.087884
491.025070	2534.465302
491.392861	2534.079654
491.760593	2536.254912
492.128267	2532.353058
492.495883	2534.223327
492.863440	2533.283151
493.230939	2532.121165
493.598380	2535.503780
493.965763	2530.699560
494.333088	2532.053110
494.700354	2529.519930
495.067563	2528.211751
495.434713	2530.979344
495.801805	2535.639891
496.168839	2532.960518
496.535815	2532.191742
496.902733	2532.219468
497.269593	2534.545960
497.636395	2535.110570
498.003139	2534.364479
498.369825	2534.528316
498.736453	2534.167874
499.103023	2532.040507
499.469535	2535.332380
499.835989	2533.096629
500.202385	2534.258615
500.568723	2533.908254
500.935003	2534.760209
501.301226	2533.109232
501.667390	2535.085364
502.033497	2535.798687
502.399546	2536.867412
502.765537	2532.312729
503.131470	2537.023688
503.497345	2533.613347
503.863163	2537.752134
504.228923	2534.283820
504.594625	2535.662576
504.960269	2535.032432
505.325856	2534.336753
505.691385	2536.622916
506.056856	2536.060827
506.422270	2533.958666
506.787625	2532.963038
507.152924	2536.819521
507.518164	2536.897659
507.883347	2535.823893
508.248472	2531.425486
508.613540	2535.748276
508.978550	2535.302133
509.343503	2535.584438
509.708398	2536.973276
510.073236	2535.251722
510.438016	2535.460930
510.802738	2532.327853
511.167403	2536.264994
511.532010	2536.146527
511.896561	2537.268183
512.261053	2534.679551
512.625488	2532.713501
512.989866	2532.784077
513.354186	2533.358769
513.718449	2531.816176
514.082655	2536.270035
514.446803	2535.866743
514.810894	2534.273738
515.174927	2535.692823
515.538904	2534.394726
515.902822	2534.961856
516.266684	2534.767771
516.630488	2536.315405
516.994235	2537.265663
517.357925	2537.212731
517.721558	2536.607792
518.085133	2535.382792
518.448651	2535.692823
518.812112	2533.898172
519.175516	2536.945550
519.538863	2534.787936
519.902152	2537.253060
520.265385	2534.276259
520.628560	2534.939170
520.991678	2535.642411
521.354739	2535.271887
521.717743	2537.061496
522.080690	2536.963194
522.443580	2534.089736
522.806413	2537.008564
523.169189	2535.113090
523.531908	2536.738862
523.894569	2535.677699
524.257174	2539.282124
524.619722	2535.987730
524.982213	2538.246167
525.344647	2536.743903
525.707025	2536.461599
526.069345	2534.765251
526.431608	2537.174922
526.793815	2531.085208
527.155964	2539.551826
527.518057	2535.138296
527.880093	2537.628626
528.242072	2536.398584
528.603995	2537.903369
528.965860	2536.454037
529.327669	2536.907741
529.689421	2537.495035
530.051117	2536.970755
530.412755	2538.152906
530.774337	2537.240457
531.135862	2538.548637
531.497331	2535.148378
531.858743	2533.472195
532.220098	2534.929088
532.581396	2533.845240
532.942638	2532.355579
533.303824	2535.355066
533.664953	2538.946888
534.026025	2535.934798
534.387040	2535.264325
534.747999	2536.065868
535.108902	2539.503935
535.469748	2537.933616
535.830537	2539.677855
536.191270	2537.996630
536.551947	2538.183153
536.912567	2534.626619
537.273131	2538.014274
537.633638	2535.488656
537.994089	2537.603420
538.354483	2538.962011
538.714821	2539.942516
539.075103	2536.053265
539.435328	2537.419418
539.795497	2535.234078
540.155609	2537.721887
540.515665	2538.495704
540.875665	2537.971424
541.235609	2537.038811
541.595496	2537.328677
541.955328	2537.691640
542.315102	2534.530837
542.674821	2535.531506
543.034483	2537.464788
543.394090	2534.835827
543.753640	2539.594676
544.113134	2537.207690
544.472571	2539.014943
544.831953	2538.846065
545.191278	2537.109387
545.550548	2539.362783
545.909761	2540.078627
546.268918	2534.924047
546.628019	2538.904038
546.987064	2536.126362
547.346053	2537.222813
547.704986	2539.173740
548.063863	2538.634336
548.422684	2537.512679
548.781449	2538.346990
549.140158	2539.060314
549.498811	2539.347659
549.857408	2536.307844
550.215949	2534.467822
550.574434	2533.424304
550.932864	2535.246681
551.291237	2531.801052
551.649555	2538.795653
552.007817	2535.982689
552.366022	2537.505118
552.724173	2539.035108
553.082267	2538.067206
553.440305	2536.320447
553.798288	2537.074099
554.156215	2538.762886
554.514086	2539.481250
554.871902	2539.587114
555.229661	2538.730118
555.587365	2538.263811
555.945014	2539.403112
556.302606	2536.827083
556.660143	2539.506456
557.017625	2537.618544
557.375050	2539.778678
557.732421	2538.778009
558.089735	2538.835982
558.446994	2538.160468
558.804197	2538.273894
559.161345	2538.034439
559.518437	2537.265663
559.875474	2537.822710
560.232455	2537.331198
560.589381	2537.739531
560.946251	2539.519059
561.303065	2537.681558
561.659825	2537.726928
562.016528	2536.678368
562.373177	2538.074768
562.729770	2538.253729
563.086307	2538.939326
563.442789	2536.479243
563.799216	2537.185004
564.155587	2537.850437
564.511904	2537.679038
564.868164	2536.819521
565.224370	2536.433872
565.580520	2536.529654
565.936615	2538.258770
566.292654	2538.321785
566.648638	2538.856147
567.004567	2535.781043
567.360441	2540.406302
567.716260	2537.668955
568.072023	2534.472864
568.427732	2532.781557
568.783385	2537.739531
569.138982	2533.636032
569.494525	2535.365148
569.850013	2533.197452
570.205445	2537.691640
570.560823	2538.334388
570.916145	2541.278421
571.271412	2535.375230
571.626625	2540.479398
571.981782	2538.256250
572.336884	2537.096784
572.691931	2534.558563
573.046923	2536.138965
573.401860	2537.237937
573.756743	2539.680376
574.111570	2536.091074
574.466342	2537.764737
574.821059	2539.085519
575.175722	2538.551157
575.530330	2538.974614
575.884882	2538.767927
576.239380	2537.800025
576.593823	2538.326826
576.948211	2536.330529
577.302544	2539.393030
577.656823	2540.010571
578.011047	2537.956301
578.365216	2538.498225
578.719330	2537.409336
579.073389	2539.902186
579.427394	2538.092412
579.781344	2540.376055
580.135239	2538.258770
580.489080	2537.245498
580.842866	2538.160468
581.196597	2543.635161
581.550273	2540.958308
581.903895	2537.578214
582.257463	2540.532331
582.610975	2539.062834
582.964434	2539.415715
583.317837	2537.137113
583.671186	2537.263142
584.024481	2536.461599
584.377721	2539.503935
584.730906	2539.272042
585.084037	2537.011085
585.437113	2539.052752
585.790135	2540.239944
586.143103	2540.108874
586.496016	2537.686599
586.848874	2535.070240
587.201679	2538.178112
587.554428	2534.336753
587.907124	2536.431352
588.259765	2532.095960
588.612352	2538.788091
588.964884	2539.740869
589.317362	2537.028729
589.669786	2539.534182
590.022155	2544.434184
590.374470	2535.478574
590.726731	2538.188194
591.078937	2539.917310
591.431090	2540.176929
591.783188	2538.180632
592.135232	2539.806404
592.487222	2537.714326
592.839157	2539.451003
593.191038	2536.569984
593.542866	2541.049049
593.894639	2536.479243
594.246358	2536.804397
594.598022	2539.831610
594.949633	2538.956970
595.301190	2537.220293
595.652692	2539.632485
596.004141	2538.969573
596.355535	2541.502753
596.706876	2537.915972
597.058162	2537.038811
597.409395	2536.683410
597.760573	2538.780530
598.111698	2538.263811
598.462768	2536.108718
598.813785	2539.138452
599.164748	2537.369007
599.515657	2539.589635
599.866511	2536.915303
600.217312	2539.065355
600.568060	2536.270035
600.918753	2539.884542
601.269392	2536.973276
601.619978	2538.818338
601.970510	2536.499408
602.320988	2538.193235
602.671412	2541.359080
603.021783	2540.229861
603.372100	2537.129552
603.722363	2539.362783
604.072572	2539.030067
604.422728	2540.290355
604.772830	2536.325488
605.122878	2535.372710
605.472872	2534.976979
605.822813	2531.022194
606.172701	2538.462937
606.522534	2541.033925
606.872314	2536.443955
607.222041	2535.985210
607.571714	2540.166847
607.921333	2539.942516
608.270899	2537.648791
608.620411	2538.094933
608.969870	2539.410674
609.319276	2541.505273
609.668627	2544.232537
610.017926	2543.630120
610.367171	2543.766231
610.716362	2542.732794
611.065500	2543.766231
611.414585	2544.088865
611.763616	2542.314378
612.112594	2539.123328
612.461518	2542.432846
612.810389	2539.025026
613.159207	2538.241126
613.507971	2538.523431
613.856682	2540.444110
614.205340	2538.621733
614.553945	2541.031405
614.902496	2537.331198
615.250994	2539.017464
615.599439	2538.024357
615.947830	2539.541744
616.296169	2538.246167
616.644454	2540.875129
616.992686	2537.353883
617.340864	2541.948895
617.688990	2537.817669
618.037063	2536.862371
618.385082	2538.848585
618.733048	2539.602238
619.080961	2538.916641
619.428821	2538.770447
619.776628	2540.000489
620.124382	2538.067206
620.472083	2538.112577
620.819731	2537.973945
621.167326	2537.295910
621.514868	2538.117618
621.862357	2537.709284
622.209793	2538.530993
622.557176	2537.426980
622.904506	2534.427493
623.251783	2532.451361
623.599007	2536.151568
623.946179	2534.767771
624.293297	2534.019160
624.640363	2536.627957
624.987376	2537.028729
625.334336	2534.588810
625.681243	2538.268853
626.028097	2539.884542
626.374899	2537.515200
626.721647	2535.531506
627.068343	2539.665252
627.414987	2537.137113
627.761577	2538.616692
628.108115	2539.070396
628.454600	2540.222300
628.801032	2536.839685
629.147412	2539.642567
629.493739	2538.621733
629.840014	2536.794315
630.186236	2540.867567
630.532405	2539.203987
630.878521	2538.694830
631.224585	2540.403781
631.570597	2538.828421
631.916556	2538.397402
632.262462	2537.537885
632.608316	2539.599717
632.954117	2534.919006
633.299866	2539.554347
633.645562	2536.343132
633.991206	2537.608461
634.336797	2536.209541
634.682336	2538.667104
635.027823	2536.577545
635.373257	2535.488656
635.718639	2536.093595
636.063968	2536.627957
636.409245	2535.702905
636.754470	2535.813811
637.099642	2536.413708
637.444762	2537.520241
637.789829	2536.880015
638.134845	2536.317926
638.479808	2539.692978
638.824719	2539.254398
639.169577	2535.929757
639.514383	2536.118800
639.859137	2537.043852
640.203839	2538.916641
640.548489	2539.365303
640.893086	2532.610157
641.237632	2532.358100
641.582125	2534.921526
641.926566	2531.967410
642.270955	2536.743903
642.615292	2536.650642
642.959576	2537.207690
643.303809	2536.217103
643.647990	2538.034439
643.992118	2538.152906
644.336195	2536.333049
644.680219	2538.959491
645.024192	2537.825231
645.368112	2537.432021
645.711981	2538.619213
646.055797	2537.328677
646.399562	2536.254912
646.743274	2534.445137
647.086935	2534.908923
647.430544	2538.213400
647.774101	2537.235416
648.117606	2534.349355
648.461059	2535.980169
648.804460	2540.091230
649.147810	2538.752803
649.491108	2537.966383
649.834354	2536.446475
650.177548	2540.802032
650.520690	2537.421939
650.863781	2534.422452
651.206820	2541.379244
651.549807	2536.222144
651.892742	2537.706764
652.235626	2536.776671
652.578458	2536.234747
652.921238	2537.671476
653.263967	2537.694161
653.606644	2538.228523
653.949269	2536.156609
654.291843	2536.416228
654.634365	2533.920857
654.976836	2538.057124
655.319255	2537.593338
655.661622	2535.912113
656.003938	2536.133924
656.346203	2536.746424
656.688416	2536.706095
657.030577	2538.215920
657.372687	2536.617875
657.714746	2537.542926
658.056753	2536.391023
658.398708	2530.404652
658.740612	2535.808769
659.082465	2531.732997
659.424266	2534.568646
659.766016	2531.143182
660.107715	2538.052083
660.449362	2535.075282
660.790958	2535.065199
661.132503	2532.577390
661.473996	2537.351363
661.815438	2536.882535
662.156829	2539.267001
662.498168	2535.967566
662.839456	2536.343132
663.180693	2535.836496
663.521879	2537.921013
663.863013	2537.071578
664.204097	2537.200128
664.545129	2535.019829
664.886110	2536.932947
665.227040	2535.866743
665.567918	2536.824562
665.908746	2535.949922
666.249522	2537.651311
666.590248	2536.602751
666.930922	2536.194418
667.271545	2535.334901
667.612118	2535.954963
667.952639	2536.817000
668.293109	2537.268183
668.633528	2533.855322
668.973896	2535.455889
669.314213	2534.750127
669.654480	2537.651311
669.994695	2535.380271
670.334859	2538.684748
670.674973	2536.348173
671.015035	2537.865560
671.355047	2536.716177
671.695008	2534.608975
672.034918	2535.118131
672.374777	2535.844057
672.714585	2536.922864
673.054342	2533.225178
673.394049	2535.433203
673.733705	2536.380940
674.073310	2535.952442
674.412864	2536.262473
674.752368	2536.771630
675.091820	2536.448996
675.431223	2534.366999
675.770574	2535.602082
676.109875	2532.758871
676.449125	2534.561084
676.788324	2532.456402
677.127473	2533.063861
677.466571	2533.603265
677.805619	2538.268853
678.144616	2535.097967
678.483562	2534.263656
678.822458	2536.660724
679.161303	2535.639891
679.500098	2537.837834
679.838842	2537.610982
680.177535	2535.962525
680.516179	2535.208872
680.854771	2537.951260
681.193314	2536.418749
681.531805	2537.641229
681.870247	2535.360107
682.208638	2537.663914
682.546978	2533.988913
682.885268	2536.461599
683.223508	2535.080323
683.561697	2536.638039
683.899836	2537.739531
684.237925	2536.940508
684.575963	2533.757020
684.913951	2534.298944
685.251889	2536.471681
685.589776	2536.060827
685.927614	2538.594007
686.265401	2539.088040
686.603137	2537.976466
686.940824	2534.843388
687.278460	2536.448996
687.616046	2534.389685
687.953582	2535.970086
688.291068	2535.758358
688.628504	2537.225334
688.965889	2535.692823
689.303224	2535.947401
689.640510	2537.268183
689.977745	2536.796836
690.314930	2535.718029
690.652065	2537.139634
690.989150	2536.801877
691.326185	2534.780374
691.663170	2534.939170
692.000105	2534.533358
692.336990	2536.953111
692.673825	2536.088553
693.010610	2537.379089
693.347345	2534.616537
693.684030	2529.711494
694.020665	2532.332894
694.357251	2533.174767
694.693786	2534.482946
695.030272	2535.667617
695.366707	2533.938501
695.703093	2534.641742
696.039429	2535.763399
696.375716	2535.841537
696.711952	2534.603934
697.048139	2535.632329
697.384276	2535.554191
697.720363	2535.259284
698.056400	2537.371527
698.392388	2533.830117
698.728326	2534.898841
699.064214	2535.839016
699.400053	2537.167360
699.735842	2536.431352
700.071581	2536.083512
700.407270	2534.145189
700.742910	2538.556198
701.078501	2532.509334
701.414042	2536.103677
701.749533	2534.813142
702.084974	2536.242309
702.420366	2536.569984
702.755709	2534.109901
703.091002	2533.429345
703.426246	2534.863553
703.761440	2535.486136
704.096584	2535.481094
704.431679	2537.772299
704.766725	2537.021167
705.101721	2535.710467
705.436668	2536.552340
705.771565	2535.574356
706.106413	2533.434386
706.441212	2533.729293
706.775961	2535.675179
707.110661	2533.371372
707.445311	2538.087371
707.779913	2535.047555
708.114465	2536.464119
708.448967	2535.831455
708.783421	2538.021836
709.117825	2535.768440
709.452180	2535.743234
709.786485	2532.884900
710.120742	2535.763399
710.454949	2536.673327
710.789107	2536.156609
711.123216	2530.634025
711.457275	2533.941022
711.791286	2532.368182
712.125247	2531.523789
712.459159	2533.333563
712.793023	2533.326001
713.126837	2532.685775
713.460602	2535.859181
713.794318	2533.280631
714.127985	2534.898841
714.461602	2534.462781
714.795171	2536.544778
715.128691	2534.755168
715.462162	2534.140147
715.795584	2534.281300
716.128957	2535.362627
716.462281	2534.727442
716.795556	2536.348173
717.128782	2534.616537
717.461960	2535.851619
717.795088	2532.995806
718.128167	2533.996475
718.461198	2533.676361
718.794180	2535.211393
719.127113	2536.388502
719.459997	2534.442617
719.792833	2533.762061
720.125619	2534.455220
720.458357	2533.610826
720.791046	2537.802546
721.123686	2536.466640
721.456278	2534.510672
721.788821	2535.942360
722.121315	2538.112577
722.453761	2534.039324
722.786158	2535.171063
723.118506	2534.112421
723.450805	2536.569984
723.783056	2535.627288
724.115259	2533.003367
724.447412	2536.315405
724.779518	2533.114273
725.111574	2537.101825
725.443582	2534.364479
725.775542	2534.099818
726.107453	2535.839016
726.439315	2533.343645
726.771129	2538.573842
727.102895	2531.639735
727.434612	2535.723070
727.766281	2535.609644
728.097901	2532.587472
728.429473	2529.535053
728.760996	2531.569159
729.092471	2527.463139
729.423897	2536.811959
729.755276	2535.269366
730.086606	2535.458409
730.417887	2535.884387
730.749120	2535.327339
731.080305	2535.899510
731.411442	2536.910262
731.742530	2533.898172
732.073570	2533.923378
732.404562	2535.347504
732.735506	2536.869932
733.066401	2536.000333
733.397249	2535.506300
733.728048	2535.859181
734.058798	2536.050745
734.389501	2534.193080
734.720156	2536.244829
735.050762	2535.564273
735.381320	2534.344314
735.711831	2533.822555
736.042293	2534.054448
736.372707	2533.197452
736.703073	2537.371527
737.033391	2533.537730
737.363661	2533.961187
737.693883	2534.571166
738.024056	2537.260622
738.354182	2536.222144
738.684260	2533.444468
739.014290	2536.494366
739.344272	2532.191742
739.674207	2533.593182
740.004093	2535.501259
740.333931	2533.784746
740.663722	2535.491177
740.993464	2536.403626
741.323159	2533.704088
741.652806	2537.220292
741.982405	2535.380271
742.311956	2538.440252
742.641460	2534.873635
742.970915	2534.165353
743.300323	2532.012781
743.629683	2534.165353
743.958996	2536.869932
744.288260	2533.918337
744.617477	2534.750127
744.946647	2530.208047
745.275768	2530.802904
745.604842	2534.230888
745.933869	2530.646628
746.262847	2529.550177
746.591778	2533.721732
746.920662	2533.152081
747.249498	2534.939170
747.578286	2535.276928
747.907027	2535.566794
748.235720	2532.564787
748.564365	2535.181146
748.892963	2532.791639
749.221514	2532.968079
749.550017	2533.787267
749.878473	2535.526465
750.206881	2535.488656
750.535242	2531.828778
750.863555	2534.840868
751.191821	2532.350538
751.520039	2531.415404
751.848210	2532.584952
752.176334	2535.249201
752.504411	2534.354397
752.832440	2535.155940
753.160421	2531.732997
753.488356	2532.330373
753.816243	2533.668800
754.144082	2536.088553
754.471875	2533.235260
754.799620	2530.177801
755.127318	2534.540919
755.454969	2532.247194
755.782572	2533.880528
756.110129	2534.467822
756.437638	2532.106042
756.765100	2532.174098
757.092515	2534.820703
757.419882	2534.147709
757.747203	2535.168543
758.074477	2536.401105
758.401703	2532.637884
758.728882	2531.087729
759.056014	2534.074612
759.383099	2532.539581
759.710138	2535.569315
760.037129	2533.633512
760.364073	2534.790456
760.690970	2533.494880
761.017820	2534.853471
761.344623	2533.129396
761.671379	2533.434386
761.998088	2530.187883
762.324751	2530.543284
762.651366	2530.361803
762.977935	2533.550333
763.304456	2529.608150
763.630931	2531.077647
763.957359	2534.906403
764.283740	2533.149561
764.610074	2534.919006
764.936362	2533.739376
765.262602	2534.982020
765.588796	2532.511855
765.914943	2534.452699
766.241044	2535.516382
766.567097	2533.479756
766.893104	2533.734335
767.219064	2531.760723
767.544978	2536.111239
767.870845	2532.683254
768.196665	2532.469005
768.522438	2533.510003
768.848165	2532.963038
769.173846	2533.782226
769.499479	2530.523120
769.825066	2531.589324
770.150607	2533.320960
770.476101	2534.553522
770.801548	2530.644107
771.126949	2533.502442
771.452303	2535.637370
771.777611	2531.062523
772.102872	2535.153419
772.428087	2533.822555
772.753256	2533.741896
773.078378	2533.701567
773.403453	2532.418593
773.728482	2534.177956
774.053465	2533.056299
774.378401	2531.102852
774.703291	2532.423635
775.028135	2531.720394
775.352932	2534.029242
775.677683	2531.949766
776.002388	2533.464633
776.327046	2530.273582
776.651658	2533.000847
776.976224	2528.972965
777.300743	2534.165353
777.625216	2534.024201
777.949643	2530.974303
778.274024	2534.334232
778.598359	2529.837523
778.922647	2528.602440
779.246889	2530.848274
779.571086	2526.762419
779.895236	2533.706608
780.219339	2533.290713
780.543397	2532.330373
780.867409	2533.585621
781.191374	2535.791125
781.515294	2534.813142
781.839167	2530.770136
782.162995	2531.238963
782.486776	2535.279448
782.810511	2531.385157
783.134201	2534.949253
783.457844	2531.430527
783.781441	2531.347348
784.104993	2530.815507
784.428498	2535.801208
784.751958	2533.008408
785.075372	2534.142668
785.398739	2533.973789
785.722061	2534.649304
786.045337	2533.938501
786.368568	2531.649818
786.691752	2529.726617
787.014891	2533.933460
787.337983	2531.866587
787.661030	2530.666792
787.984031	2529.419107
788.306987	2532.363141
788.629897	2533.454551
788.952760	2532.622760
789.275579	2532.680733
789.598351	2532.763912
789.921078	2530.896165
790.243759	2530.649148
790.566395	2531.821217
790.888984	2532.728624
791.211529	2531.914478
791.534027	2532.348017
791.856480	2533.121834
792.178888	2532.075795
792.501249	2530.051772
792.823566	2532.264838
793.145836	2533.646114
793.468062	2534.888759
793.790241	2532.925229
794.112375	2533.154602
794.434464	2531.753161
794.756507	2531.387677
795.078505	2531.559077
795.400457	2531.564118
795.722364	2526.217974
796.044226	2531.856505
796.366042	2528.184024
796.687812	2531.617050
797.009538	2531.614529
797.331218	2533.497400
797.652852	2530.931453
797.974442	2532.315250
798.295986	2534.430014
798.617484	2531.922040
798.938938	2531.289375
799.260346	2529.424148
799.581709	2533.071423
799.903026	2530.578572
800.224299	2530.999509
800.545526	2532.431196
800.866708	2528.572193
801.187845	2529.567821
801.508936	2532.463964
801.829983	2534.566125
802.150984	2531.110414
802.471940	2531.669982
802.792851	2531.347348
803.113717	2536.380940
803.434538	2529.159487
803.755314	2529.121679
804.076045	2530.800383
804.396731	2532.111083
804.717372	2533.315919
805.037967	2530.245856
805.358518	2532.383305
805.679024	2530.949097
805.999485	2530.213089
806.319901	2531.632173
806.640272	2531.677544
806.960598	2531.738038
807.280879	2530.954138
807.601115	2532.020342
807.921306	2528.733510
808.241453	2530.780218
808.561554	2531.876669
808.881611	2531.813655
809.201623	2531.259128
809.521590	2531.422966
809.841513	2532.799201
810.161390	2531.538912
810.481223	2530.336597
810.801011	2530.681916
811.120755	2532.186700
811.440453	2533.696526
811.760107	2531.269210
812.079716	2528.284847
812.399281	2526.888448
812.718801	2529.008253
813.038276	2527.561442
813.357707	2530.830630
813.677093	2531.125537
813.996434	2532.466484
814.315731	2530.192924
814.634983	2533.457071
814.954191	2531.632173
815.273354	2530.571011
815.592473	2533.782226
815.911547	2534.803059
816.230577	2529.832482
816.549562	2531.612009
816.868502	2530.016484
817.187399	2530.021525
817.506250	2533.167205
817.825058	2532.458923
818.143821	2528.942718
818.462539	2531.826258
818.781213	2532.995806
819.099843	2533.346166
819.418429	2532.239632
819.736970	2529.693850
820.055466	2532.955476
820.373919	2534.944212
820.692327	2531.738038
821.010691	2530.507996
821.329011	2533.419262
821.647286	2537.875643
821.965517	2533.283151
822.283704	2536.612833
822.601847	2536.847247
822.919945	2533.694005
823.237999	2532.325332
823.556010	2532.647966
823.873976	2532.002698
824.191897	2531.478418
824.509775	2532.516896
824.827609	2530.470188
825.145398	2530.674354
825.463144	2530.533202
825.780845	2532.017822
826.098502	2534.246012
826.416116	2529.635877
826.733685	2532.151412
827.051210	2532.794159
827.368692	2533.167205
827.686129	2531.523789
828.003522	2531.735517
828.320872	2527.390043
828.638177	2530.545805
828.955439	2527.127903
829.272656	2530.636546
829.589830	2525.996163
829.906960	2530.838192
830.224046	2529.436751
830.541088	2535.513862
830.858086	2531.226361
831.175041	2529.701412
831.491952	2531.097811
831.808819	2531.637215
832.125642	2528.801566
832.442421	2533.641073
832.759157	2530.623943
833.075849	2531.533871
833.392497	2534.485467
833.709101	2531.911958
834.025662	2532.937832
834.342179	2534.881197
834.658653	2531.145702
834.975083	2531.173428
835.291469	2533.573018
835.607811	2529.303160
835.924110	2530.891124
836.240366	2530.830630
836.556578	2528.957841
836.872746	2530.387008
837.188871	2531.087729
837.504952	2530.976823
837.820990	2530.573531
838.136984	2531.780887
838.452935	2530.996988
838.768842	2531.140661
839.084706	2529.189734
839.400526	2532.138809
839.716303	2532.307688
840.032037	2529.711494
840.347727	2530.742410
840.663373	2532.632843
840.978977	2530.076978
841.294537	2528.393232
841.610054	2532.101001
841.925527	2529.252749
842.240957	2533.358769
842.556344	2533.192411
842.871687	2532.413552
843.186987	2532.363141
843.502244	2532.269879
843.817458	2531.123017
844.132629	2528.531864
844.447756	2531.327184
844.762840	2525.718900
845.077881	2527.016997
845.392879	2527.856349
845.707833	2525.958355
846.022745	2525.950793
846.337613	2529.507327
846.652438	2530.147554
846.967221	2529.824920
847.281960	2530.986906
847.596656	2530.858356
847.911309	2532.058151
848.225919	2530.729807
848.540485	2529.971113
848.855009	2529.840043
849.169490	2527.589168
849.483928	2531.947246
849.798323	2528.481452
850.112675	2531.135620
850.426984	2528.839374
850.741251	2530.074457
851.055474	2527.937008
851.369654	2531.475898
851.683792	2530.659231
851.997887	2528.972965
852.311938	2530.444982
852.625947	2531.327184
852.939914	2530.853315
853.253837	2533.358769
853.567718	2530.336597
853.881555	2529.653521
854.195350	2529.779549
854.509103	2529.691329
854.822812	2531.112935
855.136479	2529.005732
855.450103	2532.453882
855.763685	2531.244005
856.077224	2530.996988
856.390720	2531.370033
856.704173	2529.456916
857.017584	2532.214427
857.330953	2530.283665
857.644278	2530.331556
857.957561	2531.957328
858.270802	2527.488345
858.584000	2529.434230
858.897155	2530.197965
859.210268	2529.663603
859.523339	2528.736031
859.836367	2530.139992
860.149352	2532.479087
860.462295	2532.819365
860.775195	2525.245032
861.088054	2525.839888
861.400869	2527.705115
861.713642	2524.536749
862.026373	2529.623274
862.339062	2529.177132
862.651708	2531.571680
862.964312	2528.753675
863.276873	2530.003881
863.589392	2529.784591
863.901869	2530.122348
864.214303	2530.283665
864.526696	2529.865249
864.839045	2529.585465
865.151353	2531.186031
865.463619	2530.790301
865.775842	2530.301309
866.088023	2527.677388
866.400162	2530.767616
866.712258	2528.574714
867.024313	2529.250228
867.336325	2529.469518
867.648296	2528.799045
867.960224	2527.679909
868.272110	2531.856505
868.583954	2530.142512
868.895755	2530.439941
869.207515	2529.771988
869.519233	2528.357944
869.830909	2529.527492
870.142542	2530.881042
870.454134	2531.317101
870.765684	2528.035310
871.077191	2527.571524
871.388657	2533.053779
871.700081	2525.308046
872.011463	2529.494724
872.322803	2530.182842
872.634101	2532.423635
872.945357	2526.157480
873.256571	2533.333563
873.567744	2530.061854
873.878874	2530.467667
874.189963	2530.414735
874.501010	2531.594365
874.812015	2528.962882
875.122979	2528.010104
875.433900	2528.952800
875.744780	2528.907430
876.055618	2528.347862
876.366415	2530.417255
876.677169	2529.943387
876.987882	2528.335259
877.298554	2527.054806
877.609183	2527.427851
877.919771	2526.533046
878.230317	2527.163191
878.540822	2530.896165
878.851285	2531.382636
879.161707	2528.730989
879.472087	2529.129241
879.782425	2529.076308
880.092722	2528.990609
880.402977	2529.900537
880.713191	2530.124868
881.023363	2531.264169
881.333494	2532.579910
881.643583	2531.740558
881.953631	2532.307688
882.263637	2532.337935
882.573602	2530.583613
882.883526	2531.485980
883.193408	2530.893644
883.503248	2529.703932
883.813048	2529.920702
884.122806	2528.284847
884.432522	2531.969931
884.742197	2533.147040
885.051831	2527.228726
885.361424	2530.578572
885.670975	2531.491021
885.980485	2530.800383
886.289954	2529.033459
886.599382	2530.157636
886.908768	2531.750641
887.218113	2531.047400
887.527417	2529.313243
887.836680	2529.993798
888.145901	2531.866587
888.455082	2529.638397
888.764221	2530.281144
889.073319	2530.235774
889.382376	2531.372554
889.691392	2527.952131
890.000366	2529.910619
890.309300	2527.566483
890.618193	2529.487163
890.927044	2530.147554
891.235855	2529.845084
891.544625	2529.348531
891.853353	2529.280475
892.162041	2530.139992
892.470687	2528.615043
892.779293	2529.159487
893.087858	2528.776360
893.396381	2523.336955
893.704864	2525.040865
894.013306	2527.062368
894.321707	2530.742410
894.630068	2527.536236
894.938387	2530.656710
895.246665	2528.705784
895.554903	2528.889786
895.863100	2530.999509
896.171256	2528.325177
896.479371	2527.130423
896.787446	2528.010104
897.095480	2529.252749
897.403473	2527.344672
897.711425	2527.967255
898.019336	2528.632687
898.327207	2529.487163
898.635038	2529.192255
898.942827	2530.172759
899.250576	2530.833151
899.558284	2528.410876
899.865952	2527.400125
900.173579	2525.935670
900.481165	2532.428676
900.788711	2529.545136
901.096216	2528.521782
901.403681	2529.590506
901.711105	2529.172090
902.018489	2527.700073
902.325832	2531.579241
902.633135	2528.708304
902.940397	2530.061854
903.247619	2528.829292
903.554800	2528.955321
903.861941	2529.887934
904.169041	2527.243849
904.476101	2529.744261
904.783121	2529.086391
905.090100	2526.994312
905.397039	2528.773839
905.703938	2527.400125
906.010796	2529.741741
906.317614	2528.975485
906.624391	2531.788449
906.931129	2529.270393
907.237826	2530.628984
907.544483	2531.307019
907.851099	2530.281144
908.157675	2529.353572
908.464211	2529.141843
908.770707	2524.776204
909.077163	2524.440967
909.383578	2522.648837
909.689954	2526.023890
909.996289	2522.691687
910.302584	2529.429189
910.608839	2529.386339
910.915054	2528.978006
911.221229	2528.841895
911.527363	2529.560259
911.833458	2528.267203
912.139513	2528.922553
912.445527	2529.784591
912.751502	2528.683098
913.057436	2527.483304
913.363331	2529.603109
913.669186	2527.606812
913.975000	2527.901720
914.280775	2525.822244
914.586510	2529.905578
914.892205	2528.940197
915.197859	2530.369364
915.503475	2528.799045
915.809050	2531.937163
916.114585	2529.792152
916.420081	2530.732328
916.725536	2531.022194
917.030952	2529.983716
917.336328	2527.251411
917.641665	2529.797193
917.946961	2529.018335
918.252218	2528.221833
918.557435	2527.357275
918.862612	2529.378778
919.167750	2528.100845
919.472848	2526.845598
919.777906	2527.939528
920.082925	2528.481452
920.387904	2525.701256
920.692843	2527.478263
920.997743	2526.117151
921.302603	2525.839888
921.607423	2529.953469
921.912204	2530.331556
922.216946	2527.304343
922.521647	2528.115969
922.826310	2527.707635
923.130932	2528.655372
923.435516	2527.843746
923.740059	2528.748633
924.044564	2527.894158
924.349028	2530.906247
924.653454	2523.246214
924.957840	2525.106400
925.262186	2523.581451
925.566493	2526.830474
925.870761	2520.793693
926.174989	2528.978006
926.479178	2527.143026
926.783328	2527.505989
927.087438	2526.439785
927.391509	2526.790145
927.695541	2527.327028
927.999533	2528.937677
928.303486	2531.188552
928.607400	2529.978675
928.911275	2527.253931
929.215110	2528.604961
929.518906	2528.715866
929.822663	2528.158818
930.126381	2528.809127
930.430060	2529.739220
930.733699	2527.584127
931.037299	2531.543953
931.340861	2527.203520
931.644383	2528.642769
931.947866	2527.120341
932.251309	2525.698735
932.554714	2526.437264
932.858080	2529.235105
933.161407	2528.562111
933.464694	2529.230064
933.767943	2528.867101
934.071153	2528.269724
934.374323	2526.139836
934.677455	2530.218130
934.980548	2528.962883
935.283602	2525.991122
935.586617	2526.233098
935.889593	2526.749816
936.192530	2529.068747
936.495428	2526.936339
936.798287	2526.971627
937.101108	2527.851308
937.403890	2526.812830
937.706632	2529.154446
938.009336	2527.110258
938.312002	2527.972296
938.614628	2526.467511
938.917216	2528.095804
939.219765	2527.052285
939.522275	2528.499096
939.824747	2528.254600
940.127179	2522.316121
940.429573	2526.656555
940.731929	2524.292253
941.034246	2524.085566
941.336524	2527.044723
941.638763	2526.966586
941.940964	2529.194776
942.243126	2529.512368
942.545250	2526.081863
942.847335	2527.929446
943.149381	2525.353416
943.451389	2528.138654
943.753359	2527.314425
944.055290	2526.396935
944.357182	2528.400794
944.659036	2527.684950
944.960851	2527.513551
945.262628	2527.074970
945.564367	2528.927594
945.866067	2526.386853
946.167729	2529.958510
946.469352	2527.490866
946.770937	2526.870804
947.072484	2528.831813
947.373992	2527.286699
947.675462	2526.616225
947.976893	2528.340300
948.278286	2526.119672
948.579641	2527.258972
948.880958	2525.726462
949.182236	2526.391894
949.483476	2527.352234
949.784678	2527.044723
950.085841	2527.125382
950.386967	2528.597399
950.688054	2528.879703
950.989103	2525.446678
951.290114	2527.072450
951.591087	2529.240146
951.892021	2526.147398
952.192917	2526.452388
952.493776	2526.286030
952.794596	2529.172090
953.095378	2528.340300
953.396122	2529.696370
953.696828	2527.127902
953.997496	2528.357944
954.298126	2527.289219
954.598718	2529.214940
954.899272	2527.158149
955.199788	2530.192924
955.500266	2527.531195
955.800706	2524.942562
956.101108	2521.653209
956.401472	2524.254445
956.701798	2526.200330
957.002087	2524.408200
957.302337	2527.296781
957.602550	2527.402645
957.902724	2527.289219
958.202861	2527.621936
958.502960	2526.838036
958.803022	2528.047913
959.103045	2526.863242
959.403031	2528.728469
959.702979	2528.564631
960.002889	2525.625639
960.302762	2528.080681
960.602596	2526.618746
960.902393	2530.344159
961.202153	2525.885258
961.501875	2526.802748
961.801559	2526.812830
962.101205	2526.399456
962.400814	2526.487676
962.700385	2530.266021
962.999918	2527.372398
963.299414	2528.025228
963.598873	2527.879034
963.898293	2524.264527
964.197677	2527.989940
964.497022	2527.294261
964.796331	2527.536236
965.095601	2528.930115
965.394835	2527.042203
965.694030	2530.122348
965.993189	2528.017666
966.292309	2528.776360
966.591393	2526.502799
966.890439	2527.879034
967.189447	2527.609333
967.488419	2528.168901
967.787353	2527.838705
968.086249	2527.258973
968.385108	2530.636546
968.683930	2525.522295
968.982714	2527.112779
969.281462	2526.202851
969.580172	2527.584127
969.878844	2525.759229
970.177480	2527.309384
970.476078	2524.314939
970.774639	2530.447502
971.073162	2525.441637
971.371649	2523.788138
971.670098	2522.732016
971.968510	2523.742768
972.266885	2522.008611
972.565223	2529.368695
972.863524	2526.459950
973.161788	2525.824764
973.460014	2523.866276
973.758204	2525.227388
974.056356	2525.086235
974.354471	2527.412728
974.652550	2525.565145
974.950591	2528.015146
975.248595	2528.196627
975.546563	2525.502130
975.844493	2527.899199
976.142386	2527.412728
976.440243	2526.366688
976.738062	2528.383150
977.035845	2530.243336
977.333590	2525.522295
977.631299	2525.227387
977.928971	2526.215454
978.226606	2526.396935
978.524204	2525.189579
978.821765	2526.923736
979.119290	2526.986750
979.416777	2524.917357
979.714228	2526.444826
980.011642	2523.447860
980.309020	2527.385001
980.606360	2526.033972
980.903664	2524.904754
981.200931	2524.327542
981.498162	2525.648324
981.795356	2525.958355
982.092513	2527.415248
982.389633	2525.345855
982.686717	2527.374919
982.983764	2526.028931
983.280775	2527.735362
983.577749	2526.598581
983.874686	2528.534384
984.171587	2524.655217
984.468451	2527.286699
984.765279	2526.845598
985.062070	2525.786956
985.358824	2525.716379
985.655543	2526.626308
985.952224	2524.756040
986.248869	2525.920546
986.545478	2522.401821
986.842050	2524.672861
987.138586	2521.169259
987.435086	2521.988446
987.731549	2520.730678
988.027975	2528.211751
988.324366	2523.873838
988.620719	2525.650844
988.917037	2528.229395
989.213318	2523.243693
989.509563	2525.315608
989.805772	2525.144208
990.101944	2526.187727
990.398080	2525.628159
990.694180	2527.720238
990.990244	2526.160001
991.286271	2527.382481
991.582262	2525.847449
991.878217	2526.432223
992.174136	2525.902902
992.470019	2526.492717
992.765865	2525.771832
993.061676	2524.332583
993.357450	2528.191586
993.653188	2526.044054
993.948890	2526.646472
994.244556	2527.064888
994.540186	2526.540608
994.835780	2527.029600
995.131337	2524.463653
995.426859	2524.118334
995.722345	2525.436595
996.017795	2526.371729
996.313208	2524.942562
996.608586	2526.505320
996.903928	2523.490710
997.199234	2526.888448
997.494504	2524.889630
997.789738	2526.202851
998.084936	2527.148067
998.380099	2526.722090
998.675225	2527.294261
998.970316	2525.270237
999.265371	2527.458098
999.560390	2528.030269
999.855373	2529.046062
1000.150320	2527.695032
1000.445232	2525.315608
1000.740108	2526.185207
1001.034948	2525.071112
1001.329752	2525.607995
1001.624521	2527.357275
1001.919254	2520.523991
1002.213951	2523.193282
1002.508613	2520.523991
1002.803239	2525.020700
1003.097829	2519.795544
1003.392384	2523.614218
1003.686903	2526.681760
1003.981386	2526.800228
1004.275834	2524.514064
1004.570246	2528.967924
1004.864623	2528.640249
1005.158964	2528.509179
1005.453270	2526.522964
1005.747540	2526.031452
1006.041775	2526.601102
1006.335974	2527.352234
1006.630138	2527.105217
1006.924266	2525.923067
1007.218359	2525.948272
1007.512416	2525.101359
1007.806438	2528.284847
1008.100425	2524.163704
1008.394376	2527.624456
1008.688292	2525.179497
1008.982172	2526.331400
1009.276017	2525.744106
1009.569827	2526.061698
1009.863602	2526.696884
1010.157341	2524.960206
1010.451045	2527.395084
1010.744714	2525.237470
1011.038347	2525.015659
1011.331945	2525.734023
1011.625508	2524.687984
1011.919036	2524.110772
1012.212528	2526.714528
1012.505986	2522.968951
1012.799408	2526.482635
1013.092795	2522.381656
1013.386147	2524.486338
1013.679464	2523.740247
1013.972745	2526.744775
1014.265992	2526.396935
1014.559204	2526.192768
1014.852380	2526.109589
1015.145521	2527.024559
1015.438628	2525.814682
1015.731699	2527.125382
1016.024736	2525.189579
1016.317737	2525.408869
1016.610703	2525.207223
1016.903635	2520.922242
1017.196531	2524.103210
1017.489393	2520.526512
1017.782219	2520.942407
1018.075011	2525.088756
1018.367768	2525.202182
1018.660490	2525.736544
1018.953177	2525.736544
1019.245829	2525.736544
