Dividing Wavelength (nm)	Counts (n)	Blue Motor Position (mm): 0.000000	Red Motor Position (mm): 21.000000	
326.493990	2131.122583
326.888308	2131.122583
327.282561	2131.122583
327.676750	2096.164701
328.070874	2096.028590
328.464933	2097.535895
328.858929	2102.393047
329.252859	2114.514501
329.646726	2126.424227
330.040528	2139.311937
330.434265	2154.347178
330.827938	2170.806546
331.221547	2193.184228
331.615091	2211.246682
332.008571	2231.002964
332.401986	2247.033833
332.795338	2269.187184
333.188625	2287.307611
333.581847	2304.999541
333.975006	2325.451502
334.368100	2342.349449
334.761129	2360.989116
335.154095	2374.764069
335.546996	2396.262069
335.939833	2412.950809
336.332606	2424.338776
336.725315	2436.636670
337.117960	2449.705862
337.510540	2455.145267
337.903056	2467.740590
338.295508	2474.679738
338.687896	2484.943527
339.080220	2491.018118
339.472480	2498.663027
339.864676	2500.228306
340.256807	2504.525889
340.648875	2513.231962
341.040879	2510.071158
341.432818	2516.092817
341.824694	2515.989473
342.216506	2514.313289
342.608253	2515.923938
342.999937	2516.440656
343.391557	2515.573578
343.783113	2514.577950
344.174605	2511.218021
344.566033	2511.298679
344.957397	2510.545027
345.348697	2509.435973
345.739934	2506.693585
346.131106	2504.631753
346.522215	2505.009840
346.913260	2500.250991
347.304241	2499.232678
347.695159	2498.262256
348.086012	2495.252687
348.476802	2493.853767
348.867528	2492.938797
349.258191	2493.178252
349.648789	2489.440236
350.039324	2490.433344
350.429796	2489.160452
350.820203	2486.738178
351.210548	2488.225318
351.600828	2486.783548
351.991045	2486.327324
352.381198	2484.890595
352.771288	2483.292549
353.161314	2484.976295
353.551276	2484.366315
353.941175	2482.987559
354.331010	2484.953609
354.720782	2482.985039
355.110490	2483.297590
355.500135	2484.089052
355.889717	2483.867241
356.279235	2487.731285
356.668689	2484.883033
357.058080	2486.039978
357.447408	2483.786582
357.836672	2480.230048
358.225873	2485.719865
358.615010	2482.571664
359.004084	2485.913949
359.393095	2489.573827
359.782043	2491.428972
360.170927	2491.930566
360.559748	2489.248673
360.948505	2491.113899
361.337199	2490.882006
361.725830	2492.674137
362.114398	2495.265290
362.502903	2491.265134
362.891344	2494.325114
363.279722	2496.021463
363.668037	2495.943325
364.056289	2492.540546
364.444478	2493.223622
364.832603	2498.080774
365.220665	2496.512975
365.608665	2498.738645
365.996601	2499.467091
366.384474	2498.859632
366.772284	2500.687051
367.160031	2503.734428
367.547715	2504.432628
367.935336	2506.585201
368.322893	2508.140397
368.710388	2513.753721
369.097820	2522.656399
369.485189	2522.091790
369.872495	2528.501617
370.259738	2534.598893
370.646918	2543.496529
371.034035	2549.266130
371.421090	2559.638304
371.808081	2568.190621
372.195010	2577.733525
372.581875	2592.675505
372.968678	2606.649584
373.355418	2613.329113
373.742096	2631.376443
374.128710	2649.801861
374.515262	2664.365754
374.901751	2676.537620
375.288177	2691.565300
375.674540	2714.789896
376.060841	2729.711711
376.447079	2754.451173
376.833254	2772.150665
377.219367	2783.412602
377.605417	2821.402738
377.991404	2830.696105
378.377329	2855.019672
378.763191	2870.801004
379.148991	2909.617889
379.534727	2933.200407
379.920402	2962.237453
380.306013	2972.654997
380.691563	3027.419572
381.077049	3043.039587
381.462474	3063.766291
381.847835	3101.887497
382.233134	3125.686784
382.618371	3124.078656
383.003545	3193.515509
383.388657	3199.370809
383.773706	3234.064030
384.158693	3247.972573
384.543618	3275.086419
384.928480	3310.588745
385.313280	3355.424768
385.698017	3354.603059
386.082692	3407.250350
386.467305	3413.917276
386.851856	3444.955660
387.236344	3467.063640
387.620770	3499.763084
388.005133	3527.025644
388.389435	3553.917680
388.773674	3561.991087
389.157851	3605.952470
389.541965	3620.932258
389.926018	3584.817432
390.310008	3654.473575
390.693936	3675.462419
391.077802	3714.246537
391.461606	3702.994681
391.845348	3770.604116
392.229027	3768.804424
392.612645	3779.375724
392.996200	3859.353629
393.379694	3893.368815
393.763125	3960.693425
394.146494	3930.065894
394.529801	3990.831963
394.913047	4040.111762
395.296230	4003.679343
395.679351	4060.931728
396.062410	4081.701282
396.445408	4063.462387
396.828343	4097.938838
397.211217	4118.153865
397.594028	4038.173439
397.976778	4106.813789
398.359466	4130.998725
398.742092	4160.393693
399.124656	4085.749328
399.507158	4162.836132
399.889598	4186.098537
400.271977	4251.320985
400.654294	4218.556006
401.036549	4227.766194
401.418742	4205.043193
401.800874	4301.316628
402.182944	4320.972087
402.564952	4387.946337
402.946898	4375.043503
403.328783	4370.796331
403.710606	4282.498001
404.092367	4476.138802
404.474067	4439.744192
404.855705	4452.004278
405.237282	4376.946539
405.618797	4486.067355
406.000250	4518.418960
406.381642	4594.928552
406.762972	4564.200198
407.144240	4572.172783
407.525447	4571.734203
407.906593	4630.670332
408.287677	4670.145088
408.668700	4601.040951
409.049661	4653.025329
409.430560	4690.206359
409.811399	4616.572746
410.192176	4779.780102
410.572891	4715.878435
410.953545	4820.709230
411.334138	4704.989543
411.714669	4767.512454
412.095139	4660.241741
412.475547	4804.688443
412.855894	4783.515597
413.236180	4790.908449
413.616405	4739.801231
413.996568	4829.309438
414.376670	4767.300725
414.756711	4717.579825
415.136691	4747.637705
415.516609	4822.256864
415.896466	4852.644939
416.276262	4881.629053
416.655997	4857.416391
417.035670	5028.266136
417.415283	5107.961738
417.794834	5047.150299
418.174324	4993.741794
418.553753	4893.165734
418.933121	5059.153286
419.312428	5111.709835
419.691674	5037.705697
420.070859	5149.273993
420.449983	5051.339498
420.829045	5141.755112
421.208047	5042.406573
421.586988	5087.829890
421.965867	5083.668417
422.344686	5180.798849
422.723444	5030.017937
423.102141	4848.899362
423.480777	5094.721147
423.859352	4866.712279
424.237866	5068.993618
424.616319	5035.807703
424.994712	5103.490234
425.373044	4965.690294
425.751314	5058.797885
426.129524	4858.038974
426.507673	4986.721988
426.885762	5023.149365
427.263789	4928.267288
427.641756	4807.703053
428.019662	4857.771793
428.397508	4827.872709
428.775292	4742.306684
429.153016	4776.740286
429.530679	4684.487170
429.908282	4700.974264
430.285824	4574.234615
430.663305	4711.631263
431.040726	4487.458713
431.418086	4443.593113
431.795385	4468.014983
432.172624	4428.313376
432.549802	4378.295048
432.926920	4337.915405
433.303977	4292.325730
433.680974	4267.165332
434.057910	4227.151173
434.434786	4177.168133
434.811601	4113.677320
435.188355	4181.130479
435.565050	4068.614446
435.941683	4007.840816
436.318257	4046.854306
436.694770	3982.486333
437.071222	3953.804688
437.447614	3872.014487
437.823946	3788.543062
438.200218	3799.220226
438.576429	3705.351421
438.952580	3686.633616
439.328670	3655.237310
439.704700	3578.689910
440.080670	3531.068650
440.456580	3558.008576
440.832429	3477.145948
441.208218	3398.244328
441.583947	3393.762743
441.959616	3354.043491
442.335224	3299.173052
442.710773	3283.976494
443.086261	3250.389807
443.461689	3175.841223
443.837057	3165.181704
444.212365	3154.232317
444.587612	3106.600975
444.962800	3091.296032
445.337927	3057.691701
445.712995	2974.762199
446.088002	3014.907428
446.462949	2966.691312
446.837837	2931.272165
447.212664	2925.958789
447.587431	2908.939854
447.962139	2934.841302
448.336786	2987.932214
448.711374	2938.594441
449.085901	2845.413753
449.460369	2811.895122
449.834776	2788.534415
450.209124	2789.398972
450.583412	2776.891870
450.957640	2770.577825
451.331808	2740.096488
451.705917	2704.100129
452.079965	2691.940866
452.453954	2684.563137
452.827883	2670.596620
453.201752	2661.474652
453.575562	2645.237096
453.949311	2644.647281
454.323001	2630.574900
454.696632	2627.920732
455.070202	2622.826647
455.443713	2619.325565
455.817164	2614.735595
456.190556	2608.217383
456.563888	2601.464757
456.937160	2598.752616
457.310373	2591.468149
457.683526	2592.257090
458.056619	2586.721903
458.429653	2579.127404
458.802628	2577.277301
459.175542	2579.210583
459.548398	2581.186716
459.921194	2579.460121
460.293930	2579.523135
460.666607	2579.049267
461.039224	2583.762745
461.411782	2580.780903
461.784280	2578.358628
462.156719	2576.087589
462.529099	2575.351580
462.901419	2571.452248
463.273680	2568.172977
463.645882	2569.322360
464.018024	2569.266907
464.390106	2567.283213
464.762130	2573.015005
465.134094	2573.597259
465.505999	2580.559092
465.877845	2588.836667
466.249631	2591.684919
466.621358	2585.905236
466.993026	2585.610328
467.364634	2586.086717
467.736184	2580.029771
468.107674	2573.670355
468.479105	2575.374265
468.850477	2578.524987
469.221790	2574.454255
469.593043	2568.072154
469.964238	2569.561815
470.335373	2568.616599
470.706449	2573.776220
471.077467	2568.603996
471.448425	2580.269226
471.819324	2582.129412
472.190164	2582.021027
472.560945	2576.168247
472.931667	2573.597259
473.302330	2571.144737
473.672934	2572.029460
474.043479	2572.629357
474.413965	2572.364697
474.784393	2567.855384
475.154761	2568.669531
475.525070	2567.568039
475.895321	2569.292113
476.265513	2568.329253
476.635645	2573.584656
477.005719	2572.825962
477.375734	2572.639439
477.745691	2576.495922
478.115588	2576.664801
478.485427	2580.052456
478.855207	2582.832652
479.224928	2587.936821
479.594591	2588.660226
479.964194	2587.215936
480.333739	2588.861872
480.703226	2586.416913
481.072653	2587.379773
481.442022	2590.711976
481.811333	2587.543611
482.180584	2590.215422
482.549777	2588.415730
482.918912	2586.777355
483.287988	2587.843559
483.657005	2585.670822
484.025964	2584.927252
484.394864	2583.235945
484.763706	2587.616707
485.132489	2583.626634
485.501213	2587.493199
485.869879	2585.726275
486.238487	2583.346850
486.607036	2585.554876
486.975527	2584.629824
487.343959	2582.426840
487.712333	2583.886254
488.080648	2584.465986
488.448905	2586.694176
488.817104	2582.260482
489.185244	2586.527818
489.553326	2584.912128
489.921350	2589.350864
490.289315	2592.526791
490.657222	2596.126175
491.025070	2595.846391
491.392861	2594.467636
491.760593	2590.273396
492.128267	2589.212233
492.495883	2588.451018
492.863440	2586.454722
493.230939	2584.060173
493.598380	2584.763414
493.965763	2577.486509
494.333088	2582.121850
494.700354	2578.325861
495.067563	2577.831828
495.434713	2575.044070
495.801805	2581.700913
496.168839	2582.560430
496.535815	2580.962384
496.902733	2581.526994
497.269593	2578.761921
497.636395	2577.998186
498.003139	2578.134297
498.369825	2579.734863
498.736453	2579.621438
499.103023	2577.796540
499.469535	2579.981880
499.835989	2578.484657
500.202385	2578.242682
500.568723	2577.655388
500.935003	2577.443659
501.301226	2576.090109
501.667390	2577.539441
502.033497	2581.055646
502.399546	2574.630695
502.765537	2576.553895
503.131470	2579.228227
503.497345	2579.392065
503.863163	2578.729153
504.228923	2577.259657
504.594625	2581.726119
504.960269	2577.892322
505.325856	2578.209914
505.691385	2576.241344
506.056856	2578.187229
506.422270	2577.461303
506.787625	2576.810994
507.152924	2581.262333
507.518164	2577.194122
507.883347	2577.115984
508.248472	2579.192939
508.613540	2577.872157
508.978550	2576.027095
509.343503	2576.553895
509.708398	2580.491037
510.073236	2579.858372
510.438016	2582.207549
510.802738	2577.554564
511.167403	2582.197467
511.532010	2580.004565
511.896561	2583.760225
512.261053	2583.210739
512.625488	2577.723443
512.989866	2576.624472
513.354186	2576.924420
513.718449	2573.851837
514.082655	2580.201170
514.446803	2580.014647
514.810894	2583.056984
515.174927	2583.142683
515.538904	2581.902560
515.902822	2580.226376
516.266684	2579.318968
516.630488	2582.585636
516.994235	2581.348033
517.357925	2583.311562
517.721558	2581.940368
518.085133	2581.237127
518.448651	2582.283167
518.812112	2580.881726
519.175516	2586.197623
519.538863	2580.813670
519.902152	2580.566654
520.265385	2581.892477
520.628560	2582.071438
520.991678	2582.489854
521.354739	2584.539083
521.717743	2584.912128
522.080690	2584.586974
522.443580	2583.873651
522.806413	2582.850297
523.169189	2584.355081
523.531908	2584.344999
523.894569	2581.849627
524.257174	2582.343661
524.619722	2584.778538
524.982213	2586.915987
525.344647	2583.792992
525.707025	2584.367684
526.069345	2584.841552
526.431608	2582.809967
526.793815	2587.044537
527.155964	2582.784762
527.518057	2585.857345
527.880093	2588.191399
528.242072	2584.493713
528.603995	2585.025554
528.965860	2584.133270
529.327669	2583.288877
529.689421	2580.009606
530.051117	2584.408013
530.412755	2583.621593
530.774337	2584.881882
531.135862	2584.236614
531.497331	2583.125039
531.858743	2576.697568
532.220098	2584.029927
532.581396	2580.309555
532.942638	2583.666963
533.303824	2583.160327
533.664953	2584.057653
534.026025	2583.104875
534.387040	2583.263671
534.747999	2580.526325
535.108902	2583.888774
535.469748	2581.219483
535.830537	2584.758373
536.191270	2582.966243
536.551947	2584.150914
536.912567	2583.545976
537.273131	2582.346181
537.633638	2584.897005
537.994089	2583.805595
538.354483	2581.549679
538.714821	2582.328537
539.075103	2583.364494
539.435328	2586.215267
539.795497	2582.641089
540.155609	2584.352560
540.515665	2583.563620
540.875665	2579.490368
541.235609	2583.210739
541.595496	2582.479772
541.955328	2584.985225
542.315102	2583.104875
542.674821	2584.773497
543.034483	2583.114957
543.394090	2583.034299
543.753640	2581.799216
544.113134	2584.231573
544.472571	2583.462797
544.831953	2585.075966
545.191278	2584.135791
545.550548	2585.345668
545.909761	2584.304669
546.268918	2586.994125
546.628019	2583.936665
546.987064	2583.800554
547.346053	2583.558579
547.704986	2585.038157
548.063863	2584.377766
548.422684	2583.465317
548.781449	2583.843404
549.140158	2586.573189
549.498811	2585.612849
549.857408	2581.126222
550.215949	2581.524473
550.574434	2579.417271
550.932864	2583.803075
551.291237	2578.212435
551.649555	2585.401120
552.007817	2581.889957
552.366022	2584.987746
552.724173	2583.561099
553.082267	2584.413054
553.440305	2584.350040
553.798288	2582.280646
554.156215	2582.361305
554.514086	2584.465986
554.871902	2585.834660
555.229661	2584.380287
555.587365	2583.608990
555.945014	2583.382138
556.302606	2584.551686
556.660143	2582.573033
557.017625	2583.256109
557.375050	2582.436922
557.732421	2584.962540
558.089735	2584.970102
558.446994	2584.493713
558.804197	2581.736202
559.161345	2584.357602
559.518437	2584.619742
559.875474	2583.740060
560.232455	2585.834660
560.589381	2582.946078
560.946251	2585.418764
561.303065	2582.545307
561.659825	2585.002869
562.016528	2582.880543
562.373177	2585.280133
562.729770	2583.863568
563.086307	2584.753332
563.442789	2585.764083
563.799216	2583.871130
564.155587	2582.265523
564.511904	2583.815677
564.868164	2584.342478
565.224370	2581.395924
565.580520	2584.619742
565.936615	2586.283322
566.292654	2582.658733
566.648638	2583.636717
567.004567	2580.065059
567.360441	2583.505647
567.716260	2580.175964
568.072023	2585.058322
568.427732	2580.773341
568.783385	2579.513053
569.138982	2580.901891
569.494525	2581.252251
569.850013	2577.761252
570.205445	2582.832652
570.560823	2580.294432
570.916145	2579.752507
571.271412	2579.316448
571.626625	2581.027919
571.981782	2581.088413
572.336884	2582.696541
572.691931	2581.945409
573.046923	2581.486664
573.401860	2579.485326
573.756743	2580.082703
574.111570	2579.762590
574.466342	2577.945254
574.821059	2579.984401
575.175722	2580.894329
575.530330	2578.275449
575.884882	2578.930799
576.239380	2578.434246
576.593823	2580.564133
576.948211	2580.715368
577.302544	2579.482806
577.656823	2577.892322
578.011047	2578.061200
578.365216	2580.077662
578.719330	2577.552044
579.073389	2578.880388
579.427394	2576.445511
579.781344	2579.371900
580.135239	2578.532548
580.489080	2577.058011
580.842866	2575.414595
581.196597	2577.965418
581.550273	2579.460121
581.903895	2578.640933
582.257463	2578.482137
582.610975	2577.307548
582.964434	2577.040367
583.317837	2575.664132
583.671186	2577.602455
584.024481	2574.698751
584.377721	2576.508525
584.730906	2576.579101
585.084037	2576.074986
585.437113	2575.923751
585.790135	2576.964749
586.143103	2578.509863
586.496016	2577.151272
586.848874	2573.108267
587.201679	2574.464337
587.554428	2574.194635
587.907124	2573.025088
588.259765	2571.177505
588.612352	2573.423339
588.964884	2573.919893
589.317362	2572.594069
589.669786	2572.944429
590.022155	2575.099522
590.374470	2574.759245
590.726731	2571.666497
591.078937	2572.127762
591.431090	2574.338308
591.783188	2574.076168
592.135232	2575.336457
592.487222	2573.302351
592.839157	2574.250088
593.191038	2574.557598
593.542866	2572.881415
593.894639	2573.645150
594.246358	2572.710016
594.598022	2571.401836
594.949633	2570.900241
595.301190	2572.251271
595.652692	2570.754048
596.004141	2575.419636
596.355535	2572.107598
596.706876	2571.575756
597.058162	2572.576425
597.409395	2571.285890
597.760573	2574.517269
598.111698	2574.166909
598.462768	2573.083061
598.813785	2571.984089
599.164748	2570.310426
599.515657	2571.069120
599.866511	2571.369069
600.217312	2570.123904
600.568060	2569.982751
600.918753	2571.923596
601.269392	2569.781105
601.619978	2568.825807
601.970510	2568.949315
602.320988	2571.419480
602.671412	2570.728842
603.021783	2570.081054
603.372100	2572.715057
603.722363	2571.474933
604.072572	2571.580797
604.422728	2574.688668
604.772830	2568.120045
605.122878	2564.389591
605.472872	2567.830179
605.822813	2563.278017
606.172701	2568.218347
606.522534	2569.060220
606.872314	2569.340004
607.222041	2569.453430
607.571714	2571.527865
607.921333	2569.486198
608.270899	2567.804973
608.620411	2571.174984
608.969870	2570.862433
609.319276	2571.469892
609.668627	2574.885273
610.017926	2575.712023
610.367171	2579.586149
610.716362	2577.312589
611.065500	2575.046590
611.414585	2573.932495
611.763616	2576.304358
612.112594	2573.889646
612.461518	2572.437793
612.810389	2573.083061
613.159207	2571.399316
613.507971	2572.619275
613.856682	2573.904769
614.205340	2570.217165
614.553945	2570.431414
614.902496	2571.064079
615.250994	2572.251271
615.599439	2569.113152
615.947830	2570.307906
616.296169	2569.541650
616.644454	2568.941753
616.992686	2570.580128
617.340864	2571.295972
617.688990	2566.280024
618.037063	2571.553071
618.385082	2570.365879
618.733048	2569.899572
619.080961	2569.982751
619.428821	2571.220355
619.776628	2571.232957
620.124382	2569.599624
620.472083	2570.504511
620.819731	2569.148440
621.167326	2567.978893
621.514868	2571.648853
621.862357	2569.433266
622.209793	2569.607185
622.557176	2572.130283
622.904506	2563.293140
623.251783	2565.052503
623.599007	2561.727862
623.946179	2561.821123
624.293297	2565.407904
624.640363	2564.394632
624.987376	2566.602658
625.334336	2566.733728
625.681243	2565.574262
626.028097	2567.457133
626.374899	2567.328584
626.721647	2563.187276
627.068343	2566.227092
627.414987	2563.802297
627.761577	2564.661813
628.108115	2565.120558
628.454600	2564.865980
628.801032	2562.869683
629.147412	2564.414797
629.493739	2564.417317
629.840014	2566.002760
630.186236	2567.421845
630.532405	2565.231464
630.878521	2562.864642
631.224585	2564.795404
631.570597	2565.533933
631.916556	2562.980589
632.262462	2564.722307
632.608316	2561.962276
632.954117	2560.144940
633.299866	2563.220043
633.645562	2561.846329
633.991206	2561.238870
634.336797	2562.874724
634.682336	2563.073850
635.027823	2560.303736
635.373257	2560.288612
635.718639	2560.248283
636.063968	2561.763150
636.409245	2560.938921
636.754470	2561.732903
637.099642	2559.383725
637.444762	2559.446740
637.789829	2563.010836
638.134845	2561.170814
638.479808	2560.807851
638.824719	2557.831050
639.169577	2558.612429
639.514383	2559.368602
639.859137	2558.640155
640.203839	2559.053530
640.548489	2557.531101
640.893086	2556.651420
641.237632	2552.144628
641.582125	2557.009342
641.926566	2550.231511
642.270955	2561.009497
642.615292	2559.890361
642.959576	2558.733417
643.303809	2558.640155
643.647990	2558.317521
643.992118	2558.244425
644.336195	2559.976061
644.680219	2555.567572
645.024192	2559.419013
645.368112	2558.090669
645.711981	2559.965979
646.055797	2559.832388
646.399562	2560.172666
646.743274	2559.073694
647.086935	2561.483366
647.430544	2562.078222
647.774101	2558.922460
648.117606	2559.582851
648.461059	2559.865156
648.804460	2562.531926
649.147810	2558.221739
649.491108	2559.542522
649.834354	2560.691905
650.177548	2558.660320
650.520690	2557.087480
650.863781	2558.783828
651.206820	2558.153684
651.549807	2556.974054
651.892742	2557.765515
652.235626	2556.023796
652.578458	2557.362223
652.921238	2556.389280
653.263967	2555.993549
653.606644	2559.308108
653.949269	2557.165618
654.291843	2555.738971
654.634365	2558.584703
654.976836	2557.831050
655.319255	2558.027655
655.661622	2554.730740
656.003938	2553.092365
656.346203	2554.589588
656.688416	2554.715617
657.030577	2556.162428
657.372687	2554.140925
657.714746	2556.283416
658.056753	2552.855431
658.398708	2550.357539
658.740612	2555.696121
659.082465	2550.947354
659.424266	2552.189999
659.766016	2552.212684
660.107715	2557.296688
660.449362	2556.787531
660.790958	2558.249466
661.132503	2555.910370
661.473996	2557.145453
661.815438	2557.954558
662.156829	2558.438509
662.498168	2556.671585
662.839456	2557.392470
663.180693	2556.890875
663.521879	2554.554300
663.863013	2553.052036
664.204097	2556.555638
664.545129	2554.977757
664.886110	2555.597819
665.227040	2556.394321
665.567918	2556.399362
665.908746	2556.548076
666.249522	2556.724517
666.590248	2554.950031
666.930922	2556.432130
667.271545	2554.438353
667.612118	2556.079249
667.952639	2557.039589
668.293109	2556.164949
668.633528	2556.933725
668.973896	2553.510781
669.314213	2555.565051
669.654480	2556.215360
669.994695	2556.122099
670.334859	2555.857438
670.674973	2555.880123
671.015035	2555.749053
671.355047	2556.409445
671.695008	2555.560010
672.034918	2554.332489
672.374777	2554.907181
672.714585	2556.071687
673.054342	2556.258210
673.394049	2555.560010
673.733705	2556.608570
674.073310	2557.783159
674.412864	2554.619835
674.752368	2556.094372
675.091820	2553.414999
675.431223	2555.706204
675.770574	2554.365257
676.109875	2548.774617
676.449125	2552.038764
676.788324	2550.632282
677.127473	2553.714948
677.466571	2549.830739
677.805619	2557.049671
678.144616	2552.212684
678.483562	2554.917263
678.822458	2552.111861
679.161303	2551.900132
679.500098	2552.195040
679.838842	2555.623025
680.177535	2553.432643
680.516179	2555.436502
680.854771	2553.911553
681.193314	2553.588919
681.531805	2554.304763
681.870247	2555.670916
682.208638	2556.742161
682.546978	2554.274516
682.885268	2557.742830
683.223508	2558.400700
683.561697	2556.669064
683.899836	2555.010524
684.237925	2552.742005
684.575963	2552.321069
684.913951	2555.204609
685.251889	2555.970864
685.589776	2554.024979
685.927614	2555.592778
686.265401	2554.839125
686.603137	2556.414486
686.940824	2555.507078
687.278460	2554.919784
687.616046	2551.701007
687.953582	2559.161915
688.291068	2553.846018
688.628504	2553.203271
688.965889	2557.717624
689.303224	2554.302242
689.640510	2556.996739
689.977745	2553.949362
690.314930	2553.001625
690.652065	2553.667057
690.989150	2555.305432
691.326185	2554.977757
691.663170	2555.912891
692.000105	2552.414330
692.336990	2552.550441
692.673825	2550.735626
693.010610	2551.191850
693.347345	2548.842673
693.684030	2543.425953
694.020665	2549.326623
694.357251	2546.044832
694.693786	2550.108002
695.030272	2549.820657
695.366707	2553.157900
695.703093	2550.299566
696.039429	2552.270657
696.375716	2547.237065
696.711952	2550.115564
697.048139	2546.057435
697.384276	2549.520708
697.720363	2549.235883
698.056400	2549.495502
698.392388	2550.697817
698.728326	2549.150183
699.064214	2548.028526
699.400053	2547.857127
699.735842	2550.135729
700.071581	2549.810574
700.407270	2548.215049
700.742910	2549.838301
701.078501	2548.288146
701.414042	2548.358722
701.749533	2545.092054
702.084974	2547.882333
702.420366	2547.829401
702.755709	2546.856458
703.091002	2546.685059
703.426246	2546.806047
703.761440	2547.368135
704.096584	2547.090872
704.431679	2545.376879
704.766725	2548.005841
705.101721	2547.524411
705.436668	2548.338557
705.771565	2546.778320
706.106413	2547.340409
706.441212	2548.751932
706.775961	2548.215049
707.110661	2547.927703
707.445311	2548.799823
707.779913	2550.012220
708.114465	2549.916438
708.448967	2551.453990
708.783421	2547.831921
709.117825	2548.779658
709.452180	2550.433157
709.786485	2548.333516
710.120742	2551.035575
710.454949	2550.654968
710.789107	2547.834442
711.123216	2547.327806
711.457275	2550.115564
711.791286	2548.618341
712.125247	2548.951057
712.459159	2551.993394
712.793023	2551.456511
713.126837	2546.677497
713.460602	2550.942313
713.794318	2552.401727
714.127985	2546.090203
714.461602	2548.154555
714.795171	2549.878630
715.128691	2548.618341
715.462162	2546.652291
715.795584	2549.485420
716.128957	2551.285112
716.462281	2547.201777
716.795556	2549.404761
717.128782	2546.556509
717.461960	2549.056922
717.795088	2546.216232
718.128167	2544.129194
718.461198	2545.760007
718.794180	2548.746891
719.127113	2543.753628
719.459997	2548.222611
719.792833	2546.919473
720.125619	2548.464586
720.458357	2546.317055
720.791046	2547.272353
721.123686	2544.661036
721.456278	2548.663712
721.788821	2544.618186
722.121315	2544.953423
722.453761	2546.218752
722.786158	2546.548948
723.118506	2546.674977
723.450805	2548.071376
723.783056	2546.059956
724.115259	2543.609955
724.447412	2543.287321
724.779518	2547.123639
725.111574	2547.267312
725.443582	2547.726057
725.775542	2545.868392
726.107453	2548.877961
726.439315	2544.262784
726.771129	2551.975750
727.102895	2546.687579
727.434612	2546.990049
727.766281	2548.893084
728.097901	2546.070038
728.429473	2539.100643
728.760996	2543.809081
729.092471	2542.402599
729.423897	2547.461397
729.755276	2544.184647
730.086606	2545.540717
730.417887	2548.280584
730.749120	2549.707231
731.080305	2547.118598
731.411442	2548.444422
731.742530	2549.543393
732.073570	2548.958619
732.404562	2548.905687
732.735506	2547.952909
733.066401	2546.448125
733.397249	2546.803526
733.728048	2548.545245
734.058798	2550.680173
734.389501	2545.054246
734.720156	2543.277239
735.050762	2544.776982
735.381320	2548.557848
735.711831	2545.908721
736.042293	2546.662374
736.372707	2545.119781
736.703073	2547.040460
737.033391	2544.424101
737.363661	2542.800850
737.693883	2544.948381
738.024056	2545.039122
738.354182	2542.828576
738.684260	2547.594987
739.014290	2545.780172
739.344272	2545.611293
739.674207	2545.034081
740.004093	2546.062476
740.333931	2544.824873
740.663722	2544.164482
740.993464	2546.375028
741.323159	2547.095913
741.652806	2544.603062
741.982405	2543.504091
742.311956	2546.070038
742.641460	2546.029709
742.970915	2543.917465
743.300323	2548.010882
743.629683	2545.823022
743.958996	2544.605583
744.288260	2544.295552
744.617477	2542.873947
744.946647	2539.627443
745.275768	2543.539379
745.604842	2541.172557
745.933869	2540.701209
746.262847	2537.101825
746.591778	2544.572815
746.920662	2544.477033
747.249498	2545.409647
747.578286	2544.456869
747.907027	2542.316899
748.235720	2545.681869
748.564365	2544.161961
748.892963	2542.561395
749.221514	2543.415871
749.550017	2543.148689
749.878473	2544.461910
750.206881	2539.561908
750.535242	2543.730943
750.863555	2543.695655
751.191821	2543.456200
751.520039	2541.946374
751.848210	2546.392672
752.176334	2540.199614
752.504411	2543.912424
752.832440	2541.207845
753.160421	2546.680018
753.488356	2539.415715
753.816243	2545.150027
754.144082	2545.424770
754.471875	2543.095757
754.799620	2541.850592
755.127318	2541.853113
755.454969	2539.566950
755.782572	2545.744884
756.110129	2542.246323
756.437638	2544.086344
756.765100	2542.188350
757.092515	2545.172713
757.419882	2542.402599
757.747203	2542.926879
758.074477	2542.591642
758.401703	2542.362269
758.728882	2546.392672
759.056014	2540.297917
759.383099	2544.406457
759.710138	2543.216745
760.037129	2543.133566
760.364073	2544.812270
760.690970	2541.134748
761.017820	2543.025181
761.344623	2543.539379
761.671379	2541.583411
761.998088	2540.088709
762.324751	2541.686755
762.651366	2542.868905
762.977935	2551.154042
763.304456	2546.977446
763.630931	2553.684701
763.957359	2555.126471
764.283740	2551.476676
764.610074	2549.341747
764.936362	2548.436860
765.262602	2542.712630
765.588796	2547.199257
765.914943	2546.359904
766.241044	2542.188350
766.567097	2543.743546
766.893104	2545.379400
767.219064	2542.866385
767.544978	2541.570808
767.870845	2543.277239
768.196665	2542.301776
768.522438	2542.997455
768.848165	2542.722712
769.173846	2540.965870
769.499479	2541.313709
769.825066	2540.403781
770.150607	2538.972093
770.476101	2538.520910
770.801548	2539.004861
771.126949	2539.471168
771.452303	2540.678524
771.777611	2543.057949
772.102872	2539.642567
772.428087	2536.605272
772.753256	2536.905220
773.078378	2535.846578
773.403453	2540.892773
773.728482	2536.741383
774.053465	2539.801363
774.378401	2538.304141
774.703291	2539.960160
775.028135	2536.653163
775.352932	2538.563760
775.677683	2539.758513
776.002388	2541.870757
776.327046	2538.508307
776.651658	2537.666435
776.976224	2538.523431
777.300743	2540.088709
777.625216	2536.380940
777.949643	2538.304141
778.274024	2538.614172
778.598359	2535.281969
778.922647	2533.608306
779.246889	2536.955632
779.571086	2532.685775
779.895236	2538.001671
780.219339	2537.469830
780.543397	2538.596528
780.867409	2538.591486
781.191374	2541.767413
781.515294	2538.001671
781.839167	2536.312885
782.162995	2540.497043
782.486776	2538.979655
782.810511	2536.017977
783.134201	2540.655839
783.457844	2539.622402
783.781441	2537.268183
784.104993	2539.380427
784.428498	2537.245498
784.751958	2542.319420
785.075372	2536.721218
785.398739	2539.841693
785.722061	2538.205838
786.045337	2537.905889
786.368568	2539.672814
786.691752	2537.192566
787.014891	2539.836651
787.337983	2537.489994
787.661030	2542.488298
787.984031	2540.338246
788.306987	2541.031405
788.629897	2541.038967
788.952760	2538.911600
789.275579	2537.006043
789.598351	2540.257588
789.921078	2539.191384
790.243759	2539.594676
790.566395	2538.152906
790.888984	2537.817669
791.211529	2539.168698
791.534027	2539.135931
791.856480	2536.179294
792.178888	2536.635519
792.501249	2539.813966
792.823566	2536.738862
793.145836	2539.410674
793.468062	2538.616692
793.790241	2538.079809
794.112375	2538.362114
794.434464	2537.096784
794.756507	2536.670807
795.078505	2539.766075
795.400457	2535.476053
795.722364	2532.673172
796.044226	2536.088553
796.366042	2535.042514
796.687812	2536.234747
797.009538	2537.537885
797.331218	2539.443441
797.652852	2541.041487
797.974442	2538.183153
798.295986	2540.335726
798.617484	2536.330529
798.938938	2540.197094
799.260346	2537.079140
799.581709	2536.978317
799.903026	2538.714995
800.224299	2538.697351
800.545526	2538.420087
800.866708	2538.583925
801.187845	2540.534851
801.508936	2538.596527
801.829983	2537.497556
802.150984	2535.602082
802.471940	2537.280786
802.792851	2534.994623
803.113717	2537.558050
803.434538	2535.801208
803.755314	2537.971424
804.076045	2536.544778
804.396731	2538.316743
804.717372	2535.692823
805.037967	2538.271373
805.358518	2538.916641
805.679024	2537.603420
805.999485	2535.203831
806.319901	2538.876312
806.640272	2538.248688
806.960598	2539.047711
807.280879	2537.242978
807.601115	2539.244316
807.921306	2536.199459
808.241453	2538.349511
808.561554	2537.560570
808.881611	2537.890766
809.201623	2539.100643
809.521590	2538.825900
809.841513	2536.469161
810.161390	2539.113246
810.481223	2535.460930
810.801011	2536.267514
811.120755	2538.120138
811.440453	2535.528985
811.760107	2536.743903
812.079716	2537.119469
812.399281	2533.941022
812.718801	2532.368182
813.038276	2529.703932
813.357707	2541.538041
813.677093	2536.073430
813.996434	2537.416897
814.315731	2536.693492
814.634983	2534.493028
814.954191	2538.281455
815.273354	2540.290355
815.592473	2537.323636
815.911547	2536.817000
816.230577	2539.022505
816.549562	2538.951929
816.868502	2537.893287
817.187399	2536.252391
817.506250	2538.344470
817.825058	2539.138452
818.143821	2540.393699
818.462539	2539.191384
818.781213	2538.601569
819.099843	2540.315561
819.418429	2539.884542
819.736970	2543.388144
820.055466	2544.013247
820.373919	2544.406457
820.692327	2545.611293
821.010691	2548.525080
821.329011	2560.598643
821.647286	2572.941909
821.965517	2592.234404
822.283704	2602.977103
822.601847	2609.117229
822.919945	2600.325456
823.237999	2587.404979
823.556010	2576.059862
823.873976	2568.732545
824.191897	2562.844477
824.509775	2555.948179
824.827609	2555.945658
825.145398	2549.883671
825.463144	2551.958106
825.780845	2550.100441
826.098502	2554.309804
826.416116	2558.801472
826.733685	2562.637790
827.051210	2564.664334
827.368692	2562.433623
827.686129	2557.493293
828.003522	2552.623538
828.320872	2547.037940
828.638177	2546.490974
828.955439	2540.481919
829.272656	2540.733977
829.589830	2534.581248
829.906960	2541.351518
830.224046	2540.313040
830.541088	2540.688606
830.858086	2539.577032
831.175041	2538.987217
831.491952	2535.778523
831.808819	2538.682227
832.125642	2537.389171
832.442421	2541.969059
832.759157	2544.101468
833.075849	2545.843186
833.392497	2548.285625
833.709101	2552.734443
834.025662	2549.069525
834.342179	2549.621531
834.658653	2546.349822
834.975083	2542.795809
835.291469	2546.125491
835.607811	2541.222969
835.924110	2538.772968
836.240366	2541.071734
836.556578	2538.682227
836.872746	2541.732125
837.188871	2537.794984
837.504952	2540.945705
837.820990	2539.027546
838.136984	2535.418080
838.452935	2534.641742
838.768842	2536.786753
839.084706	2537.616023
839.400526	2536.436393
839.716303	2539.904707
840.032037	2540.746580
840.347727	2539.007382
840.663373	2543.748587
840.978977	2541.895963
841.294537	2535.725590
841.610054	2536.806918
841.925527	2539.287166
842.240957	2536.287679
842.556344	2534.182997
842.871687	2535.266845
843.186987	2536.307844
843.502244	2536.204500
843.817458	2535.302133
844.132629	2534.122503
844.447756	2536.154088
844.762840	2531.115455
845.077881	2530.399611
845.392879	2530.853315
845.707833	2533.530168
846.022745	2529.504807
846.337613	2535.735673
846.652438	2533.983872
846.967221	2533.578059
847.281960	2534.309026
847.596656	2533.847761
847.911309	2536.658204
848.225919	2536.234747
848.540485	2532.776515
848.855009	2534.311547
849.169490	2533.787267
849.483928	2534.941691
849.798323	2536.433873
850.112675	2536.844727
850.426984	2532.025383
850.741251	2534.535878
851.055474	2534.472864
851.369654	2533.346166
851.683792	2531.049920
851.997887	2532.577390
852.311938	2536.877494
852.625947	2534.611495
852.939914	2533.489839
853.253837	2535.939839
853.567718	2534.067051
853.881555	2534.278779
854.195350	2531.682585
854.509103	2535.160981
854.822812	2534.934129
855.136479	2536.083512
855.450103	2532.627801
855.763685	2535.355066
856.077224	2534.180477
856.390720	2533.268028
856.704173	2531.974972
857.017584	2537.139634
857.330953	2535.586959
857.644278	2532.380785
857.957561	2534.835827
858.270802	2534.873635
858.584000	2531.765764
858.897155	2533.825075
859.210268	2532.148892
859.523339	2535.682741
859.836367	2533.114273
860.149352	2533.507483
860.462295	2533.416742
860.775195	2528.897347
861.088054	2531.548994
861.400869	2529.328366
861.713642	2529.792152
862.026373	2532.700898
862.339062	2533.605785
862.651708	2534.119983
862.964312	2533.545291
863.276873	2534.843388
863.589392	2533.177287
863.901869	2533.502442
864.214303	2535.009747
864.526696	2534.099818
864.839045	2533.406660
865.151353	2535.395395
865.463619	2534.445137
865.775842	2534.639222
866.088023	2538.717515
866.400162	2533.502442
866.712258	2535.226516
867.024313	2534.583769
867.336325	2530.888603
867.648296	2536.070909
867.960224	2534.684592
868.272110	2536.375899
868.583954	2536.191897
868.895755	2532.612678
869.207515	2535.294572
869.519233	2533.878008
869.830909	2531.639735
870.142542	2533.908254
870.454134	2535.609644
870.765684	2534.281300
871.077191	2534.767771
871.388657	2537.328677
871.700081	2534.601413
872.011463	2535.823893
872.322803	2533.157123
872.634101	2532.456402
872.945357	2534.707277
873.256571	2532.988244
873.567744	2536.005374
873.878874	2535.055117
874.189963	2534.976979
874.501010	2533.252904
874.812015	2533.704088
875.122979	2535.339942
875.433900	2534.314067
875.744780	2535.448327
876.055618	2535.622247
876.366415	2537.449665
876.677169	2536.476722
876.987882	2533.310878
877.298554	2529.724097
877.609183	2533.502442
877.919771	2531.060003
878.230317	2534.243491
878.540822	2536.726259
878.851285	2537.210210
879.161707	2538.137782
879.472087	2540.497043
879.782425	2543.425953
880.092722	2545.523073
880.402977	2548.520039
880.713191	2556.348951
881.023363	2567.507545
881.333494	2576.271591
881.643583	2578.162023
881.953631	2573.957701
882.263637	2573.924934
882.573602	2569.713050
882.883526	2562.791545
883.193408	2559.640824
883.503248	2552.810061
883.813048	2551.028013
884.122806	2547.353012
884.432522	2548.207487
884.742197	2545.119781
885.051831	2545.543237
885.361424	2541.550644
885.670975	2538.291538
885.980485	2536.479243
886.289954	2539.067875
886.599382	2539.193904
886.908768	2538.296579
887.218113	2535.844057
887.527417	2537.880684
887.836680	2537.676517
888.145901	2534.198121
888.455082	2534.001516
888.764221	2536.610313
889.073319	2536.171733
889.382376	2535.428162
889.691392	2537.147196
890.000366	2535.995292
890.309300	2534.283820
890.618193	2534.971938
890.927044	2535.546629
891.235855	2535.624767
891.544625	2537.021167
891.853353	2534.051927
892.162041	2534.694674
892.470687	2536.393543
892.779293	2537.641229
893.087858	2536.499408
893.396381	2535.760878
893.704864	2535.894469
894.013306	2537.835313
894.321707	2543.002496
894.630068	2545.661705
894.938387	2552.414330
895.246665	2551.103630
895.554903	2550.549103
895.863100	2543.662887
896.171256	2540.907897
896.479371	2540.723894
896.787446	2541.759852
897.095480	2538.709953
897.403473	2534.719880
897.711425	2535.604603
898.019336	2539.264480
898.327207	2536.237267
898.635038	2537.129552
898.942827	2538.863709
899.250576	2535.123173
899.558284	2535.413039
899.865952	2536.491846
900.173579	2534.538399
900.481165	2532.773995
900.788711	2535.251722
901.096216	2533.716691
901.403681	2535.440765
901.711105	2535.034952
902.018489	2535.523944
902.325832	2537.437062
902.633135	2534.344314
902.940397	2535.042514
903.247619	2538.306661
903.554800	2538.566281
903.861941	2546.841335
904.169041	2550.213867
904.476101	2553.147818
904.783121	2551.887530
905.090100	2551.519525
905.397039	2543.627599
905.703938	2546.032229
906.010796	2544.088865
906.317614	2539.090561
906.624391	2539.766075
906.931129	2538.725077
907.237826	2535.344983
907.544483	2533.441948
907.851099	2537.787422
908.157675	2533.845240
908.464211	2532.942873
908.770707	2530.364323
909.077163	2529.973634
909.383578	2528.783922
909.689954	2528.791483
909.996289	2529.668644
910.302584	2533.182328
910.608839	2532.123686
910.915054	2531.924560
911.221229	2532.405991
911.527363	2531.178470
911.833458	2532.514375
912.139513	2531.866587
912.445527	2533.081505
912.751502	2532.826927
913.057436	2532.826927
913.363331	2535.034952
913.669186	2533.053779
913.975000	2536.229706
914.280775	2534.896321
914.586510	2536.506969
914.892205	2537.477391
915.197859	2544.250182
915.503475	2543.572146
915.809050	2548.146993
916.114585	2551.615307
916.420081	2552.542880
916.725536	2550.740667
917.030952	2550.695297
917.336328	2545.565923
917.641665	2544.469472
917.946961	2542.712630
918.252218	2542.155582
918.557435	2541.386806
918.862612	2538.442772
919.167750	2536.600231
919.472848	2536.648122
919.777906	2537.956301
920.082925	2533.036135
920.387904	2534.803059
920.692843	2533.870446
920.997743	2534.931609
921.302603	2531.506145
921.607423	2533.847761
921.912204	2532.456402
922.216946	2534.397246
922.521647	2532.290044
922.826310	2531.667462
923.130932	2533.333563
923.435516	2533.091588
923.740059	2531.589324
924.044564	2534.692154
924.349028	2532.363141
924.653454	2525.534898
924.957840	2529.008253
925.262186	2522.338806
925.566493	2530.220650
925.870761	2527.856349
926.174989	2528.718387
926.479178	2532.073274
926.783328	2530.024045
927.087438	2531.869108
927.391509	2531.589324
927.695541	2530.432379
927.999533	2533.084026
928.303486	2530.510517
928.607400	2529.988757
928.911275	2531.659900
929.215110	2531.647297
929.518906	2529.295599
929.822663	2532.141330
930.126381	2530.059333
930.430060	2530.762574
930.733699	2533.832637
931.037299	2531.155784
931.340861	2527.296781
931.644383	2531.962369
931.947866	2531.327184
932.251309	2529.436751
932.554714	2528.090763
932.858080	2531.881711
933.161407	2533.948584
933.464694	2531.818696
933.767943	2528.138654
934.071153	2531.823737
934.374323	2529.247708
934.677455	2533.527647
934.980548	2530.911288
935.283602	2530.114786
935.586617	2528.746113
935.889593	2529.093953
936.192530	2528.836854
936.495428	2530.056813
936.798287	2531.475898
937.101108	2529.862728
937.403890	2530.601258
937.706632	2532.804242
938.009336	2532.068233
938.312002	2533.734335
938.614628	2531.112935
938.917216	2531.090249
939.219765	2531.959848
939.522275	2530.926412
939.824747	2531.339787
940.127179	2531.029756
940.429573	2527.873993
940.731929	2525.182017
941.034246	2527.921884
941.336524	2532.489170
941.638763	2530.402132
941.940964	2530.644107
942.243126	2529.794673
942.545250	2533.857843
942.847335	2532.068233
943.149381	2531.299457
943.451389	2530.268541
943.753359	2532.627801
944.055290	2533.719211
944.357182	2532.607637
944.659036	2534.059489
944.960851	2531.029756
945.262628	2530.984385
945.564367	2531.062523
945.866067	2531.768285
946.167729	2532.766433
946.469352	2531.982534
946.770937	2531.574200
947.072484	2529.769467
947.373992	2530.495393
947.675462	2527.662265
947.976893	2528.554549
948.278286	2532.663089
948.579641	2528.955321
948.880958	2529.835002
949.182236	2533.726773
949.483476	2531.216278
949.784678	2532.441279
950.085841	2529.051103
950.386967	2530.760054
950.688054	2531.218799
950.989103	2528.758716
951.290114	2533.199972
951.591087	2530.172759
951.892021	2530.921371
952.192917	2530.404652
952.493776	2530.757533
952.794596	2530.540764
953.095378	2531.029756
953.396122	2531.070085
953.696828	2532.799201
953.997496	2528.914992
954.298126	2529.968593
954.598718	2529.343490
954.899272	2530.502955
955.199788	2530.722245
955.500266	2529.625794
955.800706	2527.982378
956.101108	2524.748478
956.401472	2527.473222
956.701798	2524.123375
957.002087	2526.588499
957.302337	2530.797863
957.602550	2528.894827
957.902724	2527.775691
958.202861	2526.341482
958.502960	2528.688140
958.803022	2527.868952
959.103045	2529.494724
959.403031	2531.831299
959.702979	2530.029087
960.002889	2530.911288
960.302762	2528.385670
960.602596	2528.862059
960.902393	2527.006915
961.202153	2530.414735
961.501875	2528.844415
961.801559	2527.969775
962.101205	2529.555218
962.400814	2527.609333
962.700385	2531.516227
962.999918	2529.852646
963.299414	2531.422966
963.598873	2529.151926
963.898293	2527.924405
964.197677	2530.606299
964.497022	2526.180166
964.796331	2532.685775
965.095601	2527.700073
965.394835	2528.912471
965.694030	2528.882224
965.993189	2530.712163
966.292309	2526.890968
966.591393	2528.219312
966.890439	2526.507841
967.189447	2528.131092
967.488419	2526.729651
967.787353	2527.677388
968.086249	2527.848787
968.385108	2529.096473
968.683930	2528.423479
968.982714	2529.605630
969.281462	2528.897347
969.580172	2526.918695
969.878844	2527.702594
970.177480	2529.766947
970.476078	2526.593540
970.774639	2531.475898
971.073162	2528.715866
971.371649	2527.042203
971.670098	2524.955165
971.968510	2524.750998
972.266885	2520.745802
972.565223	2530.515558
972.863524	2526.026410
973.161788	2528.373068
973.460014	2530.613860
973.758204	2529.207378
974.056356	2527.309384
974.354471	2528.420958
974.652550	2528.718387
974.950591	2531.024714
975.248595	2527.160670
975.546563	2527.702594
975.844493	2528.972965
976.142386	2530.082019
976.440243	2532.400949
976.738062	2528.877183
977.035845	2530.636546
977.333590	2526.613705
977.631299	2528.337779
977.928971	2529.872811
978.226606	2527.541277
978.524204	2529.083870
978.821765	2527.034641
979.119290	2531.102852
979.416777	2527.891637
979.714228	2530.487832
980.011642	2528.645290
980.309020	2530.412214
980.606360	2528.289888
980.903664	2529.585465
981.200931	2528.637728
981.498162	2526.434744
981.795356	2526.666637
982.092513	2532.098480
982.389633	2529.887934
982.686717	2529.915661
982.983764	2528.829292
983.280775	2528.083201
983.577749	2528.688140
983.874686	2530.422297
984.171587	2529.570342
984.468451	2530.293747
984.765279	2529.716535
985.062070	2529.545136
985.358824	2527.654703
985.655543	2527.969775
985.952224	2527.092614
986.248869	2526.575896
986.545478	2522.560617
986.842050	2525.497089
987.138586	2525.718900
987.435086	2526.971627
987.731549	2523.868797
988.027975	2529.726617
988.324366	2527.357275
988.620719	2527.359796
988.917037	2527.306863
989.213318	2529.829961
989.509563	2529.930784
989.805772	2528.899868
990.101944	2526.165042
990.398080	2526.782583
990.694180	2529.373737
990.990244	2529.905578
991.286271	2529.333407
991.582262	2528.042872
991.878217	2527.909281
992.174136	2527.465660
992.470019	2527.884076
992.765865	2529.494724
993.061676	2526.414579
993.357450	2529.174611
993.653188	2529.610671
993.948890	2529.882893
994.244556	2528.163860
994.540186	2528.229395
994.835780	2525.343334
995.131337	2527.682429
995.426859	2529.429189
995.722345	2528.403314
996.017795	2528.012625
996.313208	2527.004394
996.608586	2526.475073
996.903928	2529.507327
997.199234	2526.354085
997.494504	2529.605630
997.789738	2527.125382
998.084936	2530.306350
998.380099	2525.250073
998.675225	2527.626977
998.970316	2526.588499
999.265371	2528.579755
999.560390	2526.407018
999.855373	2526.752337
1000.150320	2525.769312
1000.445232	2526.606143
1000.740108	2527.143026
1001.034948	2526.399456
1001.329752	2530.374406
1001.624521	2528.998171
1001.919254	2523.364681
1002.213951	2524.871986
1002.508613	2526.139836
1002.803239	2526.989271
1003.097829	2522.374094
1003.392384	2528.519261
1003.686903	2527.841226
1003.981386	2529.434230
1004.275834	2526.104548
1004.570246	2528.683098
1004.864623	2524.246883
1005.158964	2530.460105
1005.453270	2524.340144
1005.747540	2528.448685
1006.041775	2527.594209
1006.335974	2528.010104
1006.630138	2530.172759
1006.924266	2527.248890
1007.218359	2526.568334
1007.512416	2526.727131
1007.806438	2528.131092
1008.100425	2528.713345
1008.394376	2528.385670
1008.688292	2524.637573
1008.982172	2527.412728
1009.276017	2526.626308
1009.569827	2526.220495
1009.863602	2527.881555
1010.157341	2525.728982
1010.451045	2526.220495
1010.744714	2525.839888
1011.038347	2530.170239
1011.331945	2525.764270
1011.625508	2528.410876
1011.919036	2527.052285
1012.212528	2528.574714
1012.505986	2524.536749
1012.799408	2527.563962
1013.092795	2527.649662
1013.386147	2526.477594
1013.679464	2525.910464
1013.972745	2528.146216
1014.265992	2526.712007
1014.559204	2525.968437
1014.852380	2530.825589
1015.145521	2530.321473
1015.438628	2526.228057
1015.731699	2527.332069
1016.024736	2525.935670
1016.317737	2528.032790
1016.610703	2531.062523
1016.903635	2527.412728
1017.196531	2525.023221
1017.489393	2524.947603
1017.782219	2524.057840
1018.075011	2526.555732
1018.367768	2528.685619
1018.660490	2527.127903
1018.953177	2527.127903
1019.245829	2527.127903
