Dividing Wavelength (nm)	Counts (n)	Blue Motor Position (mm): 0.000000	Red Motor Position (mm): 40.000000	
326.493990	2125.443723
326.888308	2125.443723
327.282561	2125.443723
327.676750	2095.789135
328.070874	2094.687643
328.464933	2097.850967
328.858929	2103.300455
329.252859	2114.091044
329.646726	2125.196706
330.040528	2138.994344
330.434265	2153.782569
330.827938	2170.345280
331.221547	2190.928311
331.615091	2210.409850
332.008571	2228.883159
332.401986	2248.934348
332.795338	2268.191556
333.188625	2286.523712
333.581847	2305.581794
333.975006	2322.998980
334.368100	2343.554285
334.761129	2363.033304
335.154095	2375.472351
335.546996	2395.992367
335.939833	2415.972981
336.332606	2432.817996
336.725315	2444.916766
337.117960	2454.215174
337.510540	2461.308077
337.903056	2475.519090
338.295508	2480.073773
338.687896	2489.863693
339.080220	2499.930878
339.472480	2506.572598
339.864676	2510.565192
340.256807	2513.166427
340.648875	2517.305214
341.040879	2517.590039
341.432818	2522.270751
341.824694	2523.510875
342.216506	2522.648837
342.608253	2524.115813
342.999937	2522.830319
343.391557	2521.617921
343.783113	2524.685463
344.174605	2520.834022
344.566033	2521.900226
344.957397	2517.766480
345.348697	2517.007786
345.739934	2513.458814
346.131106	2510.063597
346.522215	2513.461334
346.913260	2511.938906
347.304241	2506.312978
347.695159	2504.472957
348.086012	2503.999089
348.476802	2500.676968
348.867528	2501.438183
349.258191	2498.733603
349.648789	2500.001454
350.039324	2494.115907
350.429796	2496.606237
350.820203	2495.832419
351.210548	2492.623725
351.600828	2491.630618
351.991045	2491.895278
352.381198	2493.148005
352.771288	2491.106338
353.161314	2490.985350
353.551276	2492.248159
353.941175	2491.237408
354.331010	2489.762870
354.720782	2493.238746
355.110490	2489.949393
355.500135	2490.932418
355.889717	2490.909733
356.279235	2490.839157
356.668689	2495.416524
357.058080	2493.803355
357.447408	2492.341420
357.836672	2490.050216
358.225873	2491.630618
358.615010	2489.404948
359.004084	2495.073726
359.393095	2494.458705
359.782043	2494.746051
360.170927	2495.149343
360.559748	2495.703870
360.948505	2497.634632
361.337199	2500.205620
361.725830	2501.569252
362.114398	2502.073368
362.502903	2500.412308
362.891344	2502.224602
363.279722	2503.081599
363.668037	2503.686537
364.056289	2501.249139
364.444478	2502.615292
364.832603	2505.753410
365.220665	2504.941784
365.608665	2503.578152
365.996601	2506.038235
366.384474	2508.652074
366.772284	2507.207783
367.160031	2509.811539
367.547715	2512.775738
367.935336	2512.732888
368.322893	2518.547859
368.710388	2518.716737
369.097820	2529.555218
369.485189	2531.117976
369.872495	2537.873122
370.259738	2542.720191
370.646918	2551.048178
371.034035	2553.626728
371.421090	2568.533420
371.808081	2580.092785
372.195010	2587.556214
372.581875	2597.381422
372.968678	2613.467744
373.355418	2624.535598
373.742096	2640.725263
374.128710	2656.688077
374.515262	2674.153154
374.901751	2685.331913
375.288177	2700.450333
375.674540	2720.829198
376.060841	2740.275449
376.447079	2759.346134
376.833254	2778.467230
377.219367	2792.499282
377.605417	2828.757781
377.991404	2839.145079
378.377329	2863.027545
378.763191	2876.605893
379.148991	2916.894794
379.534727	2941.699792
379.920402	2969.963021
380.306013	2981.981132
380.691563	3032.795963
381.077049	3052.582491
381.462474	3071.199473
381.847835	3109.910493
382.233134	3130.833802
382.618371	3129.389511
383.003545	3201.382229
383.388657	3207.648384
383.773706	3239.833630
384.158693	3256.908018
384.543618	3281.085392
384.928480	3317.694252
385.313280	3362.149667
385.698017	3362.663864
386.082692	3413.859302
386.467305	3421.090837
386.851856	3452.724078
387.236344	3472.056903
387.620770	3509.036287
388.005133	3533.768188
388.389435	3560.299780
388.773674	3575.140937
389.157851	3615.311372
389.541965	3627.266468
389.926018	3592.895881
390.310008	3666.244670
390.693936	3678.688758
391.077802	3725.619380
391.461606	3714.256619
391.845348	3775.756175
392.229027	3775.892286
392.612645	3788.212866
392.996200	3865.529043
393.379694	3904.686205
393.763125	3971.020228
394.146494	3937.678037
394.529801	3998.063498
394.913047	4047.129048
395.296230	4016.251981
395.679351	4069.085794
396.062410	4092.365843
396.445408	4072.317174
396.828343	4104.262966
397.211217	4131.553252
397.594028	4049.974780
397.976778	4119.797281
398.359466	4142.663955
398.742092	4169.752595
399.124656	4097.311214
399.507158	4178.335160
399.889598	4201.952965
400.271977	4259.064197
400.654294	4235.453953
401.036549	4240.711877
401.418742	4212.967887
401.800874	4312.039163
402.182944	4337.403728
402.564952	4399.031834
402.946898	4387.643867
403.328783	4380.901324
403.710606	4298.100372
404.092367	4489.850741
404.474067	4453.549392
404.855705	4459.412254
405.237282	4391.117222
405.618797	4499.560003
406.000250	4533.837329
406.381642	4611.221561
406.762972	4575.381478
407.144240	4586.255247
407.525447	4583.681738
407.906593	4644.253722
408.287677	4688.089075
408.668700	4616.368579
409.049661	4672.133823
409.430560	4707.749575
409.811399	4637.473370
410.192176	4795.700065
410.572891	4737.361312
410.953545	4837.057692
411.334138	4719.535792
411.714669	4788.312254
412.095139	4681.253270
412.475547	4821.437676
412.855894	4803.917146
413.236180	4815.199248
413.616405	4764.391979
413.996568	4855.120146
414.376670	4800.123678
414.756711	4750.594341
415.136691	4780.160709
415.516609	4860.836814
415.896466	4897.889295
416.276262	4932.229635
416.655997	4911.351696
417.035670	5096.288946
417.415283	5188.665569
417.794834	5129.071569
418.174324	5087.993727
418.553753	4991.148121
418.933121	5175.006563
419.312428	5239.936625
419.691674	5182.298592
420.070859	5306.883148
420.449983	5222.108584
420.829045	5333.288712
421.208047	5237.917643
421.586988	5311.347089
421.965867	5325.943750
422.344686	5459.423422
422.723444	5311.957069
423.102141	5128.446466
423.480777	5428.170789
423.859352	5197.452301
424.237866	5455.367814
424.616319	5449.666269
424.994712	5558.771961
425.373044	5433.622797
425.751314	5574.792748
426.129524	5381.877873
426.507673	5574.555814
426.885762	5659.446324
427.263789	5586.591569
427.641756	5470.420699
428.019662	5591.355459
428.397508	5603.418940
428.775292	5547.610847
429.153016	5648.262524
429.530679	5571.319393
429.908282	5658.634698
430.285824	5529.026633
430.663305	5799.839938
431.040726	5534.748343
431.418086	5537.233632
431.795385	5643.392770
432.172624	5653.079347
432.549802	5647.783615
432.926920	5666.060318
433.303977	5669.735319
433.680974	5710.162852
434.057910	5728.671449
434.434786	5728.782354
434.811601	5706.689497
435.188355	5932.644095
435.565050	5807.194982
435.941683	5794.997910
436.318257	6005.536659
436.694770	5990.937478
437.071222	6026.447365
437.447614	5956.266942
437.823946	5868.752511
438.200218	6022.795049
438.576429	5889.149020
438.952580	5983.587475
439.328670	6026.563312
439.704700	5934.002686
440.080670	5922.695378
440.456580	6197.050094
440.832429	6078.963586
441.208218	5924.306027
441.583947	6080.987609
441.959616	6081.093473
442.335224	6004.679663
442.710773	6150.308515
443.086261	6178.982598
443.461689	5966.278674
443.837057	6116.812569
444.212365	6273.037926
444.587612	6166.997255
444.962800	6321.564073
445.337927	6300.580270
445.712995	5907.055198
446.088002	6489.545402
446.462949	6316.916129
446.837837	6247.688484
447.212664	6415.949597
447.587431	6562.132976
447.962139	7102.695903
448.336786	8026.348713
448.711374	7770.822707
449.085901	6846.817016
449.460369	6766.975221
449.834776	6703.554985
450.209124	7092.069151
450.583412	7244.634631
450.957640	7390.437403
451.331808	7154.864283
451.705917	6706.330141
452.079965	6626.725280
452.453954	6842.335430
452.827883	6715.119392
453.201752	6815.014897
453.575562	6613.220029
453.949311	6819.370454
454.323001	6705.127825
454.696632	6777.178517
455.070202	6917.625063
455.443713	7074.180616
455.817164	7167.346180
456.190556	7251.510764
456.563888	7323.826116
456.937160	7371.233127
457.310373	7030.993051
457.683526	7046.411420
458.056619	6943.166069
458.429653	6930.442197
458.802628	6869.494647
459.175542	6976.956923
459.548398	7328.095974
459.921194	7492.954307
460.293930	7492.014132
460.666607	8024.859052
461.039224	8338.368410
461.411782	8458.368036
461.784280	8480.284453
462.156719	8366.278758
462.529099	8244.449193
462.901419	7831.482912
463.273680	7731.010195
463.645882	7741.841114
464.018024	7608.333716
464.390106	7769.874970
464.762130	8163.546236
465.134094	8623.329714
465.505999	9645.867277
465.877845	10868.929338
466.249631	11517.995540
466.621358	11134.184772
466.993026	10502.969296
467.364634	10250.243650
467.736184	9894.859948
468.107674	9556.142301
468.479105	9585.237320
468.850477	9352.146969
469.221790	9126.199933
469.593043	8795.593502
469.964238	8660.659458
470.335373	8669.143720
470.706449	8727.096824
471.077467	8711.406233
471.448425	10016.240851
471.819324	11085.532596
472.190164	11113.337080
472.560945	9869.533191
472.931667	9076.786543
473.302330	8943.047252
473.672934	8588.323941
474.043479	8947.208725
474.413965	8891.072956
474.784393	8771.907641
475.154761	8924.427751
475.525070	9013.378910
475.895321	8840.008588
476.265513	9018.097430
476.635645	9186.804685
477.005719	9186.088841
477.375734	9295.617991
477.745691	9535.208909
478.115588	9665.275720
478.485427	9911.321836
478.855207	10445.479977
479.224928	11253.123235
479.594591	11890.448589
479.964194	11707.230373
480.333739	11639.436936
480.703226	11558.407950
481.072653	11649.267186
481.442022	11894.211811
481.811333	12078.337434
482.180584	11880.341076
482.549777	11584.717732
482.918912	11410.989488
483.287988	11440.888572
483.657005	11446.174221
484.025964	11126.491971
484.394864	11260.556416
484.763706	11235.385935
485.132489	10984.709519
485.501213	10957.174737
485.869879	11028.945644
486.238487	10867.074194
486.607036	10974.443209
486.975527	10764.290108
487.343959	10949.749117
487.712333	10995.386683
488.080648	10931.278329
488.448905	10963.284615
488.817104	10914.032542
489.185244	11171.953096
489.553326	11330.366315
489.921350	11867.188705
490.289315	12921.946804
490.657222	13274.787244
491.025070	13184.210312
491.392861	13047.852142
491.760593	12671.053618
492.128267	12320.655617
492.495883	11992.174033
492.863440	11652.795994
493.230939	11330.981335
493.598380	11256.604152
493.965763	11123.895777
494.333088	11027.110664
494.700354	10950.699374
495.067563	11011.523416
495.434713	10835.788793
495.801805	10971.292488
496.168839	10892.955478
496.535815	10823.054838
496.902733	10820.796402
497.269593	10758.422205
497.636395	10859.557833
498.003139	10844.162150
498.369825	10709.530574
498.736453	10869.496468
499.103023	10798.761518
499.469535	10821.101391
499.835989	10809.186624
500.202385	10777.497931
500.568723	10626.797678
500.935003	10845.130051
501.301226	10659.237503
501.667390	10909.878631
502.033497	11011.354537
502.399546	10870.366067
502.765537	10773.684298
503.131470	10845.825730
503.497345	11024.574963
503.863163	10637.923505
504.228923	10955.324633
504.594625	11010.883190
504.960269	10761.756928
505.325856	10979.305402
505.691385	10776.666141
506.056856	10935.306211
506.422270	10956.935282
506.787625	10846.080309
507.152924	10962.760335
507.518164	10943.614033
507.883347	10863.724347
508.248472	10776.151943
508.613540	11015.069868
508.978550	10897.744574
509.343503	10868.878927
509.708398	10984.865795
510.073236	11098.354771
510.438016	11104.089083
510.802738	11056.760210
511.167403	11112.338931
511.532010	11006.688950
511.896561	11235.978271
512.261053	11309.500979
512.625488	11170.929742
512.989866	11157.452217
513.354186	11142.346400
513.718449	11050.632688
514.082655	11244.795249
514.446803	11141.723817
514.810894	11256.415108
515.174927	11131.457507
515.538904	11147.087605
515.902822	11298.637292
516.266684	11182.358038
516.630488	11127.568257
516.994235	11187.799963
517.357925	11248.568552
517.721558	11336.463590
518.085133	11352.111332
518.448651	11354.926816
518.812112	11250.305230
519.175516	11258.514749
519.538863	11381.312215
519.902152	11293.702003
520.265385	11453.267125
520.628560	11366.713034
520.991678	11338.643889
521.354739	11411.624673
521.717743	11338.507778
522.080690	11316.220837
522.443580	11446.506938
522.806413	11406.374312
523.169189	11437.679877
523.531908	11494.828918
523.894569	11315.220168
524.257174	11321.594707
524.619722	11437.652151
524.982213	11382.307843
525.344647	11435.141656
525.707025	11383.358924
526.069345	11476.771505
526.431608	11392.397713
526.793815	11508.465239
527.155964	11292.968515
527.518057	11345.283089
527.880093	11295.998248
528.242072	11367.451563
528.603995	11270.971440
528.965860	11192.243740
529.327669	11238.594629
529.689421	11191.185098
530.051117	11167.002683
530.412755	11273.479414
530.774337	11161.152424
531.135862	11143.215999
531.497331	11164.056129
531.858743	11015.324446
532.220098	11177.228664
532.581396	11048.374251
532.942638	11035.181551
533.303824	10993.985242
533.664953	11005.302632
534.026025	10922.352966
534.387040	11017.718994
534.747999	11029.485047
535.108902	11081.184601
535.469748	10842.614515
535.830537	10934.154308
536.191270	10919.880280
536.551947	10938.875348
536.912567	10943.551018
537.273131	10864.019255
537.633638	10847.706081
537.994089	10837.230563
538.354483	10777.845771
538.714821	10925.407906
539.075103	10935.999370
539.435328	10899.201467
539.795497	10724.200332
540.155609	10886.149920
540.515665	10973.918929
540.875665	10705.878258
541.235609	10774.027097
541.595496	10774.846284
541.955328	10923.774572
542.315102	10808.556480
542.674821	10756.930023
543.034483	10765.520150
543.394090	10764.612742
543.753640	10687.798160
544.113134	10914.750906
544.472571	10771.221695
544.831953	10914.844168
545.191278	10718.551719
545.550548	10748.566749
545.909761	10881.832172
546.268918	10858.045487
546.628019	10938.535070
546.987064	10802.953238
547.346053	10725.896680
547.704986	10825.893008
548.063863	10813.383385
548.422684	10809.753754
548.781449	10716.699095
549.140158	10822.286063
549.498811	10697.265447
549.857408	10551.439990
550.215949	10777.939032
550.574434	10634.243462
550.932864	10733.975129
551.291237	10785.261308
551.649555	10729.982536
552.007817	10749.960628
552.366022	10717.150278
552.724173	10710.937056
553.082267	10691.452997
553.440305	10820.206587
553.798288	10623.941864
554.156215	10782.418097
554.514086	10756.297359
554.871902	10608.679771
555.229661	10640.832250
555.587365	10620.599579
555.945014	10511.602272
556.302606	10636.988371
556.660143	10533.443071
557.017625	10680.732983
557.375050	10582.007026
557.732421	10712.235153
558.089735	10623.762903
558.446994	10628.725919
558.804197	10660.402010
559.161345	10668.969451
559.518437	10515.002530
559.875474	10601.334810
560.232455	10630.250868
560.589381	10577.202807
560.946251	10566.606301
561.303065	10673.065388
561.659825	10613.554567
562.016528	10539.351303
562.373177	10419.392006
562.729770	10532.651609
563.086307	10447.564494
563.442789	10542.917919
563.799216	10414.650801
564.155587	10461.042019
564.511904	10416.495863
564.868164	10405.536395
565.224370	10421.494167
565.580520	10334.191465
565.936615	10345.370223
566.292654	10213.929699
566.648638	10344.724956
567.004567	10294.376432
567.360441	10269.228636
567.716260	10183.937354
568.072023	10273.319532
568.427732	10222.660977
568.783385	10135.365837
569.138982	10198.687770
569.494525	10212.606396
569.850013	10098.018448
570.205445	10168.070322
570.560823	10060.048478
570.916145	9975.669644
571.271412	10045.908041
571.626625	9983.024688
571.981782	9961.967788
572.336884	9927.997973
572.691931	9938.050034
573.046923	9878.226661
573.401860	9835.056740
573.756743	9767.714487
574.111570	9800.416452
574.466342	9789.393969
574.821059	9808.081526
575.175722	9695.467190
575.530330	9707.074447
575.884882	9695.036172
576.239380	9616.275704
576.593823	9589.867620
576.948211	9601.217778
577.302544	9479.473912
577.656823	9490.544286
578.011047	9488.084203
578.365216	9453.285118
578.719330	9371.550370
579.073389	9380.105208
579.427394	9321.451383
579.781344	9299.885327
580.135239	9244.818283
580.489080	9244.808201
580.842866	9141.706523
581.196597	9139.987489
581.550273	9169.652159
581.903895	9132.468608
582.257463	9191.898771
582.610975	9065.388494
582.964434	9085.744674
583.317837	9002.918516
583.671186	8977.309454
584.024481	8966.745717
584.377721	8879.911842
584.730906	8845.609310
585.084037	8872.718115
585.437113	8804.947363
585.790135	8812.869537
586.143103	8708.875574
586.496016	8677.406171
586.848874	8718.426040
587.201679	8701.613792
587.554428	8582.433353
587.907124	8617.335782
588.259765	8584.613652
588.612352	8568.764264
588.964884	8447.552241
589.317362	8450.644989
589.669786	8434.467926
590.022155	8475.331519
590.374470	8474.968556
590.726731	8412.130573
591.078937	8261.001822
591.431090	8348.170934
591.783188	8228.587203
592.135232	8206.895118
592.487222	8200.359262
592.839157	8238.949295
593.191038	8167.977410
593.542866	8102.477698
593.894639	7994.478539
594.246358	8031.969600
594.598022	8037.567801
594.949633	7927.373219
595.301190	7897.121255
595.652692	7910.457628
596.004141	8001.072368
596.355535	7787.723176
596.706876	7749.521312
597.058162	7674.259405
597.409395	7732.701502
597.760573	7781.240252
598.111698	7682.284922
598.462768	7653.036148
598.813785	7612.500230
599.164748	7560.231026
599.515657	7552.581075
599.866511	7450.956455
600.217312	7549.430354
600.568060	7415.605363
600.918753	7487.202351
601.269392	7444.279446
601.619978	7354.176383
601.970510	7393.222640
602.320988	7383.788121
602.671412	7408.562871
603.021783	7339.196594
603.372100	7303.868188
603.722363	7288.260776
604.072572	7251.810713
604.422728	7240.808395
604.772830	7166.791653
605.122878	7151.751371
605.472872	7140.335678
605.822813	7148.431771
606.172701	7084.656134
606.522534	7129.121631
606.872314	7112.536235
607.222041	7073.742036
607.571714	7099.628361
607.921333	7052.491052
608.270899	7035.588063
608.620411	7096.069306
608.969870	6996.519121
609.319276	6975.678991
609.668627	6967.461910
610.017926	6979.036399
610.367171	6991.805642
610.716362	6961.460416
611.065500	6932.158709
611.414585	6927.215858
611.763616	6909.589464
612.112594	6869.434153
612.461518	6858.381423
612.810389	6885.603654
613.159207	6818.586554
613.507971	6762.627226
613.856682	6824.338511
614.205340	6772.727178
614.553945	6806.850748
614.902496	6714.222067
615.250994	6734.187557
615.599439	6699.239758
615.947830	6688.600403
616.296169	6642.093238
616.644454	6637.193236
616.992686	6612.078208
617.340864	6627.758717
617.688990	6541.325613
618.037063	6587.865546
618.385082	6523.734507
618.733048	6553.308436
619.080961	6498.977401
619.428821	6493.512790
619.776628	6470.515046
620.124382	6415.198465
620.472083	6382.564555
620.819731	6381.140429
621.167326	6286.719618
621.514868	6277.476662
621.862357	6186.544329
622.209793	6182.287075
622.557176	6113.470284
622.904506	6074.645837
623.251783	6018.373958
623.599007	5960.914886
623.946179	5951.765192
624.293297	5901.396503
624.640363	5827.581408
624.987376	5801.332120
625.334336	5752.223720
625.681243	5695.853537
626.028097	5670.027706
626.374899	5633.076048
626.721647	5612.863542
627.068343	5552.573863
627.414987	5515.841495
627.761577	5469.515812
628.108115	5474.171318
628.454600	5393.913628
628.801032	5401.984515
629.147412	5367.679463
629.493739	5336.411706
629.840014	5277.987254
630.186236	5298.900481
630.532405	5214.035176
630.878521	5226.219645
631.224585	5180.430845
631.570597	5126.074603
631.916556	5120.811639
632.262462	5103.144915
632.608316	5062.674532
632.954117	5034.681005
633.299866	5010.344834
633.645562	4985.224765
633.991206	4928.378193
634.336797	4881.966811
634.682336	4835.479810
635.027823	4803.823885
635.373257	4786.154641
635.718639	4733.585488
636.063968	4723.851020
636.409245	4653.973066
636.754470	4637.808606
637.099642	4602.681846
637.444762	4560.016041
637.789829	4549.704361
638.134845	4508.608874
638.479808	4481.933609
638.824719	4470.099500
639.169577	4424.114095
639.514383	4415.322323
639.859137	4366.173593
640.203839	4358.074979
640.548489	4335.616639
640.893086	4310.194100
641.237632	4281.197383
641.582125	4281.215027
641.926566	4248.780243
642.270955	4248.203031
642.615292	4229.243252
642.959576	4217.383937
643.303809	4204.919684
643.647990	4192.551213
643.992118	4176.583359
644.336195	4144.256960
644.680219	4133.171462
645.024192	4122.539669
645.368112	4149.973628
645.711981	4146.162516
646.055797	4166.191020
646.399562	4135.969303
646.743274	4171.191845
647.086935	4183.731715
647.430544	4168.678829
647.774101	4158.906553
648.117606	4155.639885
648.461059	4134.903099
648.804460	4103.242132
649.147810	4059.371491
649.491108	4031.735885
649.834354	4007.868542
650.177548	3965.913539
650.520690	3916.779933
650.863781	3895.405441
651.206820	3891.954771
651.549807	3848.706713
651.892742	3817.723781
652.235626	3807.039055
652.578458	3794.277374
652.921238	3747.810539
653.263967	3754.595932
653.606644	3722.070407
653.949269	3708.429045
654.291843	3681.947864
654.634365	3687.162938
654.976836	3658.826612
655.319255	3652.250427
655.661622	3631.175883
656.003938	3617.078296
656.346203	3598.678085
656.688416	3593.790686
657.030577	3570.377047
657.372687	3553.958009
657.714746	3538.703477
658.056753	3543.762275
658.398708	3510.568798
658.740612	3503.470853
659.082465	3502.732324
659.424266	3495.936849
659.766016	3481.846824
660.107715	3466.715800
660.449362	3463.421406
660.790958	3453.502936
661.132503	3441.421811
661.473996	3438.324022
661.815438	3430.616098
662.156829	3418.711413
662.498168	3407.288158
662.839456	3395.721231
663.180693	3391.441291
663.521879	3388.409037
663.863013	3374.482850
664.204097	3366.870707
664.545129	3373.494783
664.886110	3364.672764
665.227040	3359.629090
665.567918	3349.032584
665.908746	3346.035618
666.249522	3339.955987
666.590248	3329.248576
666.930922	3326.065088
667.271545	3319.506546
667.612118	3315.372800
667.952639	3299.954431
668.293109	3292.153246
668.633528	3280.624127
668.973896	3266.836571
669.314213	3258.863986
669.654480	3247.309662
669.994695	3237.189545
670.334859	3226.736713
670.674973	3220.846124
671.015035	3215.489898
671.355047	3205.069833
671.695008	3196.056250
672.034918	3186.122657
672.374777	3181.764579
672.714585	3175.001871
673.054342	3169.844771
673.394049	3161.801610
673.733705	3157.493944
674.073310	3148.460196
674.412864	3138.750934
674.752368	3127.494038
675.091820	3120.844756
675.431223	3103.588886
675.770574	3099.266097
676.109875	3081.405288
676.449125	3072.817683
676.788324	3056.227246
677.127473	3047.637119
677.466571	3036.448278
677.805619	3031.165149
678.144616	3022.476721
678.483562	3012.364166
678.822458	2999.481497
679.161303	2996.272803
679.500098	2986.195536
679.838842	2981.701348
680.177535	2977.701192
680.516179	2974.003506
680.854771	2969.325315
681.193314	2978.964001
681.531805	2993.477483
681.870247	3016.694517
682.208638	3024.470497
682.546978	3021.062677
682.885268	3009.553723
683.223508	2994.619304
683.561697	2980.559526
683.899836	2970.565439
684.237925	2962.572689
684.575963	2954.950465
684.913951	2948.381841
685.251889	2949.480813
685.589776	2945.939402
685.927614	2938.954884
686.265401	2944.684155
686.603137	2938.624688
686.940824	2944.235492
687.278460	2949.639609
687.616046	2948.218004
687.953582	2956.457770
688.291068	2950.587346
688.628504	2954.022893
688.965889	2948.601132
689.303224	2936.555294
689.640510	2922.608942
689.977745	2909.103691
690.314930	2891.280692
690.652065	2879.665873
690.989150	2863.604757
691.326185	2853.353571
691.663170	2836.742969
692.000105	2827.618480
692.336990	2814.700524
692.673825	2804.953453
693.010610	2798.321815
693.347345	2783.941923
693.684030	2778.575615
694.020665	2774.459513
694.357251	2756.838160
694.693786	2757.022162
695.030272	2754.602408
695.366707	2747.406161
695.703093	2742.841396
696.039429	2741.936509
696.375716	2739.899883
696.711952	2734.440313
697.048139	2732.045765
697.384276	2729.885631
697.720363	2727.092832
698.056400	2723.869014
698.392388	2721.691235
698.728326	2719.417675
699.064214	2715.324258
699.400053	2710.958619
699.735842	2706.144317
700.071581	2699.941177
700.407270	2694.957996
700.742910	2691.187213
701.078501	2688.601101
701.414042	2683.978363
701.749533	2677.409740
702.084974	2674.132990
702.420366	2674.488391
702.755709	2670.737773
703.091002	2666.825837
703.426246	2666.530930
703.761440	2661.714107
704.096584	2657.154384
704.431679	2658.891061
704.766725	2655.757984
705.101721	2654.543066
705.436668	2654.777480
705.771565	2651.321769
706.106413	2652.203971
706.441212	2649.121305
706.775961	2649.650626
707.110661	2647.024185
707.445311	2653.313024
707.779913	2651.041985
708.114465	2651.213384
708.448967	2651.276398
708.783421	2656.304949
709.117825	2655.145484
709.452180	2655.790752
709.786485	2657.396359
710.120742	2661.298212
710.454949	2662.866011
710.789107	2663.481032
711.123216	2666.866167
711.457275	2670.538647
711.791286	2673.850685
712.125247	2673.321364
712.459159	2671.861950
712.793023	2677.729853
713.126837	2666.730055
713.460602	2667.667710
713.794318	2659.188489
714.127985	2658.298726
714.461602	2651.326810
714.795171	2647.863537
715.128691	2642.109060
715.462162	2639.492701
715.795584	2631.865435
716.128957	2633.781074
716.462281	2625.528705
716.795556	2625.243880
717.128782	2622.330093
717.461960	2617.641820
717.795088	2619.058384
718.128167	2612.809874
718.461198	2612.247785
718.794180	2611.191663
719.127113	2609.800305
719.459997	2605.553133
719.792833	2604.076075
720.125619	2602.180601
720.458357	2601.681527
720.791046	2603.493822
721.123686	2599.541557
721.456278	2598.959304
721.788821	2598.208172
722.121315	2598.263624
722.453761	2596.191710
722.786158	2593.867738
723.118506	2595.611977
723.450805	2594.616350
723.783056	2595.508634
724.115259	2593.605598
724.447412	2591.579054
724.779518	2593.988726
725.111574	2592.458736
725.443582	2598.127513
725.775542	2595.327152
726.107453	2597.174735
726.439315	2594.823037
726.771129	2603.035077
727.102895	2598.999633
727.434612	2598.994592
727.766281	2600.212030
728.097901	2597.411669
728.429473	2598.308995
728.760996	2596.557194
729.092471	2594.150043
729.423897	2596.463932
729.755276	2598.240939
730.086606	2596.411000
730.417887	2597.116762
730.749120	2598.712287
731.080305	2600.078440
731.411442	2600.695981
731.742530	2599.594489
732.073570	2598.288830
732.404562	2604.040787
732.735506	2600.907710
733.066401	2597.633480
733.397249	2594.013932
733.728048	2592.168869
734.058798	2587.382294
734.389501	2585.315421
734.720156	2585.922880
735.050762	2582.497416
735.381320	2579.714699
735.711831	2581.055646
736.042293	2577.884760
736.372707	2579.326530
736.703073	2576.730336
737.033391	2577.466344
737.363661	2578.250244
737.693883	2577.897363
738.024056	2581.864751
738.354182	2580.417940
738.684260	2580.440625
739.014290	2582.053794
739.344272	2579.951633
739.674207	2583.361974
740.004093	2584.718044
740.333931	2582.825091
740.663722	2585.633013
740.993464	2583.130081
741.323159	2577.902404
741.652806	2578.184709
741.982405	2580.097827
742.311956	2579.145048
742.641460	2578.751838
742.970915	2576.006930
743.300323	2574.063565
743.629683	2574.940726
743.958996	2574.234965
744.288260	2571.527865
744.617477	2569.468554
744.946647	2567.104252
745.275768	2568.984603
745.604842	2565.286917
745.933869	2566.070816
746.262847	2564.467729
746.591778	2568.157854
746.920662	2566.706001
747.249498	2569.574418
747.578286	2568.931671
747.907027	2571.737073
748.235720	2571.094326
748.564365	2568.046948
748.892963	2566.726166
749.221514	2568.490570
749.550017	2567.300857
749.878473	2569.650035
750.206881	2568.324212
750.535242	2570.867474
750.863555	2566.869839
751.191821	2567.830179
751.520039	2567.696588
751.848210	2568.339335
752.176334	2567.149623
752.504411	2567.053841
752.832440	2563.550239
753.160421	2566.027966
753.488356	2565.962431
753.816243	2565.501166
754.144082	2564.117369
754.471875	2564.692060
754.799620	2564.366906
755.127318	2562.665517
755.454969	2565.249108
755.782572	2564.135013
756.110129	2563.159550
756.437638	2563.887996
756.765100	2565.896896
757.092515	2564.646690
757.419882	2562.912533
757.747203	2564.548387
758.074477	2564.180383
758.401703	2565.619633
758.728882	2565.105435
759.056014	2568.888821
759.383099	2565.544015
759.710138	2562.491597
760.037129	2564.863460
760.364073	2566.010322
760.690970	2563.525033
761.017820	2567.308419
761.344623	2565.740620
761.671379	2567.540312
761.998088	2558.688046
762.324751	2567.484860
762.651366	2573.935016
762.977935	2591.889085
763.304456	2599.113059
763.630931	2603.841661
763.957359	2597.583069
764.283740	2587.639393
764.610074	2580.806109
764.936362	2574.993658
765.262602	2570.033163
765.588796	2567.968810
765.914943	2565.052503
766.241044	2564.213151
766.567097	2564.102245
766.893104	2560.177707
767.219064	2559.774415
767.544978	2558.720814
767.870845	2556.948848
768.196665	2557.725186
768.522438	2557.183262
768.848165	2557.394990
769.173846	2554.922304
769.499479	2555.083621
769.825066	2557.092521
770.150607	2554.609753
770.476101	2554.387942
770.801548	2555.595298
771.126949	2553.840977
771.452303	2554.513971
771.777611	2555.237376
772.102872	2554.367777
772.428087	2553.775442
772.753256	2555.807027
773.078378	2553.667057
773.403453	2551.007848
773.728482	2550.571788
774.053465	2550.052550
774.378401	2553.679660
774.703291	2553.225956
775.028135	2552.706717
775.352932	2549.087169
775.677683	2551.847200
776.002388	2551.774104
776.327046	2549.119936
776.651658	2551.159083
776.976224	2550.486089
777.300743	2553.178065
777.625216	2548.903167
777.949643	2550.818805
778.274024	2549.500543
778.598359	2546.407795
778.922647	2544.184647
779.246889	2548.083979
779.571086	2543.607434
779.895236	2546.377548
780.219339	2549.634134
780.543397	2547.521890
780.867409	2547.892415
781.191374	2545.858310
781.515294	2549.911397
781.839167	2551.486758
782.162995	2550.478527
782.486776	2551.766542
782.810511	2548.371325
783.134201	2548.686397
783.457844	2550.090358
783.781441	2549.682025
784.104993	2547.736139
784.428498	2549.261088
784.751958	2549.374514
785.075372	2549.240924
785.398739	2548.678835
785.722061	2549.019113
786.045337	2548.651109
786.368568	2549.281253
786.691752	2546.763197
787.014891	2549.190512
787.337983	2549.359391
787.661030	2552.011038
787.984031	2550.226469
788.306987	2553.944320
788.629897	2551.620348
788.952760	2554.534135
789.275579	2551.466593
789.598351	2552.593291
789.921078	2551.605225
790.243759	2552.515153
790.566395	2546.349822
790.888984	2549.094730
791.211529	2548.512477
791.534027	2548.290666
791.856480	2546.170861
792.178888	2546.919473
792.501249	2547.302600
792.823566	2550.261757
793.145836	2548.661191
793.468062	2547.398382
793.790241	2549.102292
794.112375	2546.433001
794.434464	2545.497867
794.756507	2545.969215
795.078505	2549.283774
795.400457	2548.472148
795.722364	2547.776469
796.044226	2548.230172
796.366042	2546.339740
796.687812	2547.658002
797.009538	2551.569937
797.331218	2549.498023
797.652852	2551.174206
797.974442	2549.064483
798.295986	2548.641027
798.617484	2551.222097
798.938938	2548.595656
799.260346	2546.770758
799.581709	2548.187323
799.903026	2549.797971
800.224299	2547.126160
800.545526	2548.772097
800.866708	2546.453166
801.187845	2545.167672
801.508936	2545.505429
801.829983	2548.537683
802.150984	2547.282436
802.471940	2548.051212
802.792851	2549.707231
803.113717	2545.853268
803.434538	2548.893084
803.755314	2545.518032
804.076045	2548.129349
804.396731	2545.603731
804.717372	2545.230686
805.037967	2548.736808
805.358518	2547.153886
805.679024	2546.551468
805.999485	2546.700182
806.319901	2548.585574
806.640272	2546.901828
806.960598	2547.363094
807.280879	2546.173382
807.601115	2544.855120
807.921306	2548.063814
808.241453	2548.809905
808.561554	2545.036602
808.881611	2546.551468
809.201623	2545.059287
809.521590	2547.693290
809.841513	2543.972918
810.161390	2550.216387
810.481223	2544.552651
810.801011	2546.513660
811.120755	2547.836962
811.440453	2548.512477
811.760107	2544.366128
812.079716	2543.935109
812.399281	2542.664739
812.718801	2542.606765
813.038276	2539.385468
813.357707	2544.280428
813.677093	2546.798485
813.996434	2546.339740
814.315731	2544.252702
814.634983	2546.680018
814.954191	2545.424770
815.273354	2545.127342
815.592473	2547.824360
815.911547	2547.083310
816.230577	2547.032898
816.549562	2548.817467
816.868502	2547.378217
817.187399	2548.943496
817.506250	2547.557178
817.825058	2548.928372
818.143821	2547.955430
818.462539	2548.164637
818.781213	2548.167158
819.099843	2553.556152
819.418429	2554.519012
819.736970	2557.382387
820.055466	2561.629559
820.373919	2564.916392
820.692327	2570.179356
821.010691	2577.247054
821.329011	2597.820003
821.647286	2637.977834
821.965517	2683.514577
822.283704	2712.778475
822.601847	2719.032027
822.919945	2700.410004
823.237999	2672.824810
823.556010	2647.195584
823.873976	2627.144395
824.191897	2607.425922
824.509775	2597.520054
824.827609	2587.984712
825.145398	2581.605132
825.463144	2582.837694
825.780845	2584.347519
826.098502	2588.995463
826.416116	2600.900148
826.733685	2614.700307
827.051210	2619.587705
827.368692	2610.669904
827.686129	2599.150867
828.003522	2585.481779
828.320872	2575.036508
828.638177	2572.037022
828.955439	2559.943293
829.272656	2558.637635
829.589830	2551.663198
829.906960	2555.151677
830.224046	2555.791903
830.541088	2553.243600
830.858086	2551.073383
831.175041	2550.400389
831.491952	2551.307797
831.808819	2550.652447
832.125642	2548.842673
832.442421	2555.922973
832.759157	2559.411452
833.075849	2568.276321
833.392497	2574.870150
833.709101	2582.210070
834.025662	2582.439442
834.342179	2573.458627
834.658653	2569.256825
834.975083	2565.445713
835.291469	2567.623491
835.607811	2555.706204
835.924110	2552.215205
836.240366	2550.869217
836.556578	2550.896943
836.872746	2548.951057
837.188871	2549.752601
837.504952	2549.263609
837.820990	2546.564071
838.136984	2545.311344
838.452935	2543.166333
838.768842	2547.025337
839.084706	2545.868392
839.400526	2549.782848
839.716303	2555.207129
840.032037	2557.896585
840.347727	2559.497151
840.663373	2555.524722
840.978977	2553.553631
841.294537	2548.837632
841.610054	2547.554658
841.925527	2544.290511
842.240957	2544.938299
842.556344	2547.239586
842.871687	2540.875129
843.186987	2542.468134
843.502244	2539.556867
843.817458	2542.150541
844.132629	2541.717002
844.447756	2543.831766
844.762840	2533.777184
845.077881	2537.943698
845.392879	2540.139121
845.707833	2536.993441
846.022745	2535.612164
846.337613	2541.868236
846.652438	2541.583411
846.967221	2538.291538
847.281960	2539.960160
847.596656	2542.314378
847.911309	2542.619368
848.225919	2540.880170
848.540485	2540.726415
848.855009	2541.036446
849.169490	2538.243647
849.483928	2538.339429
849.798323	2537.371527
850.112675	2537.384130
850.426984	2540.161806
850.741251	2540.081147
851.055474	2540.600386
851.369654	2540.676003
851.683792	2539.859337
851.997887	2538.546116
852.311938	2538.374717
852.625947	2541.270860
852.939914	2539.423277
853.253837	2540.428987
853.567718	2538.289017
853.881555	2540.018133
854.195350	2538.309182
854.509103	2538.594007
854.822812	2537.563091
855.136479	2538.783050
855.450103	2538.382278
855.763685	2541.154913
856.077224	2538.720036
856.390720	2540.260108
856.704173	2539.541744
857.017584	2540.905376
857.330953	2540.134079
857.644278	2538.662063
857.957561	2544.512322
858.270802	2540.408822
858.584000	2541.906045
858.897155	2540.718853
859.210268	2538.329346
859.523339	2542.294214
859.836367	2539.909748
860.149352	2539.009902
860.462295	2538.052083
860.775195	2535.997813
861.088054	2535.939839
861.400869	2537.366486
861.713642	2536.209541
862.026373	2540.131559
862.339062	2539.566950
862.651708	2539.161137
862.964312	2538.692309
863.276873	2539.761034
863.589392	2539.652649
863.901869	2540.693648
864.214303	2540.812115
864.526696	2541.953936
864.839045	2540.940664
865.151353	2539.352701
865.463619	2539.982845
865.775842	2540.098791
866.088023	2538.011754
866.400162	2541.275901
866.712258	2539.387989
867.024313	2541.769934
867.336325	2540.678524
867.648296	2541.210366
867.960224	2539.012423
868.272110	2543.357897
868.583954	2539.062834
868.895755	2539.367824
869.207515	2541.137269
869.519233	2539.312371
869.830909	2544.605583
870.142542	2541.041487
870.454134	2542.815973
870.765684	2542.062321
871.077191	2542.810932
871.388657	2542.442928
871.700081	2545.278577
872.011463	2542.720191
872.322803	2542.137938
872.634101	2541.936292
872.945357	2542.289173
873.256571	2543.451159
873.567744	2541.724563
873.878874	2544.202291
874.189963	2544.449307
874.501010	2545.558361
874.812015	2541.533000
875.122979	2542.982331
875.433900	2543.564585
875.744780	2542.911755
876.055618	2543.632640
876.366415	2544.625747
876.677169	2544.537527
876.987882	2544.729091
877.298554	2539.062834
877.609183	2546.047353
877.919771	2540.418905
878.230317	2542.536189
878.540822	2547.955430
878.851285	2549.185471
879.161707	2550.307128
879.472087	2555.224773
879.782425	2558.171328
880.092722	2566.484191
880.402977	2578.565316
880.713191	2597.315887
881.023363	2623.330762
881.333494	2640.947074
881.643583	2642.464461
881.953631	2636.805766
882.263637	2633.198821
882.573602	2624.754888
882.883526	2615.632920
883.193408	2603.208996
883.503248	2593.177100
883.813048	2587.077304
884.122806	2578.325861
884.432522	2572.301682
884.742197	2566.829510
885.051831	2564.873542
885.361424	2560.485218
885.670975	2554.932387
885.980485	2554.022458
886.289954	2551.060780
886.599382	2552.263096
886.908768	2551.504402
887.218113	2546.937117
887.527417	2551.428785
887.836680	2546.344781
888.145901	2546.465769
888.455082	2546.513660
888.764221	2546.473330
889.073319	2544.966025
889.382376	2546.039791
889.691392	2542.490819
890.000366	2543.514173
890.309300	2546.443083
890.618193	2546.773279
890.927044	2544.371169
891.235855	2545.888557
891.544625	2544.388813
891.853353	2545.704554
892.162041	2545.752445
892.470687	2547.743701
892.779293	2549.833259
893.087858	2549.046839
893.396381	2547.912580
893.704864	2554.884496
894.013306	2556.343910
894.321707	2564.734910
894.630068	2576.591704
894.938387	2576.077506
895.246665	2576.296797
895.554903	2571.006106
895.863100	2566.867318
896.171256	2562.650393
896.479371	2558.536812
896.787446	2556.222922
897.095480	2554.604712
897.403473	2553.175544
897.711425	2549.094730
898.019336	2550.415513
898.327207	2549.634134
898.635038	2549.898794
898.942827	2548.968702
899.250576	2548.462066
899.558284	2547.002652
899.865952	2545.437373
900.173579	2542.442928
900.481165	2543.730943
900.788711	2544.419060
901.096216	2543.050387
901.403681	2542.470654
901.711105	2544.156920
902.018489	2546.944678
902.325832	2544.078782
902.633135	2543.186498
902.940397	2547.153886
903.247619	2547.393341
903.554800	2557.339537
903.861941	2566.128789
904.169041	2579.641602
904.476101	2589.000504
904.783121	2587.614187
905.090100	2581.456417
905.397039	2575.956519
905.703938	2565.755744
906.010796	2560.490259
906.317614	2555.207129
906.624391	2553.326779
906.931129	2550.460883
907.237826	2546.110367
907.544483	2543.816642
907.851099	2546.571633
908.157675	2541.618699
908.464211	2540.423946
908.770707	2536.504449
909.077163	2540.418905
909.383578	2537.169881
909.689954	2537.553009
909.996289	2538.168029
910.302584	2540.497042
910.608839	2537.610982
910.915054	2540.091230
911.221229	2540.940664
911.527363	2540.212217
911.833458	2538.130221
912.139513	2541.555685
912.445527	2541.492670
912.751502	2541.533000
913.057436	2540.570139
913.363331	2543.310006
913.669186	2541.379244
913.975000	2543.481406
914.280775	2546.949719
914.586510	2550.997766
914.892205	2555.149156
915.197859	2562.620146
915.503475	2569.163564
915.809050	2575.807805
916.114585	2581.985739
916.420081	2586.762232
916.725536	2581.557241
917.030952	2579.477765
917.336328	2571.565674
917.641665	2568.651887
917.946961	2565.367575
918.252218	2558.632593
918.557435	2557.609239
918.862612	2552.779814
919.167750	2552.794937
919.472848	2548.772097
919.777906	2547.181612
920.082925	2547.821839
920.387904	2547.292518
920.692843	2546.637168
920.997743	2543.176416
921.302603	2542.828576
921.607423	2545.245809
921.912204	2543.526776
922.216946	2540.234903
922.521647	2543.090716
922.826310	2537.406815
923.130932	2540.665921
923.435516	2538.233564
923.740059	2541.444779
924.044564	2537.542926
924.349028	2540.000489
924.653454	2532.998326
924.957840	2537.507638
925.262186	2533.484798
925.566493	2534.949253
925.870761	2532.398429
926.174989	2536.995961
926.479178	2538.299099
926.783328	2534.805580
927.087438	2538.803215
927.391509	2537.676517
927.695541	2535.728111
927.999533	2536.766589
928.303486	2537.706764
928.607400	2538.979655
928.911275	2536.443955
929.215110	2536.479243
929.518906	2536.002854
929.822663	2539.907227
930.126381	2538.162988
930.430060	2535.186187
930.733699	2534.508152
931.037299	2536.736342
931.340861	2535.914634
931.644383	2536.275076
931.947866	2535.274407
932.251309	2535.488656
932.554714	2533.237781
932.858080	2535.138296
933.161407	2535.571835
933.464694	2538.566281
933.767943	2535.163502
934.071153	2537.537885
934.374323	2532.015301
934.677455	2536.945550
934.980548	2532.731145
935.283602	2538.735159
935.586617	2531.672503
935.889593	2533.998995
936.192530	2536.010416
936.495428	2532.393388
936.798287	2534.324150
937.101108	2536.436393
937.403890	2539.163657
937.706632	2536.663245
938.009336	2536.776671
938.312002	2537.064017
938.614628	2536.658204
938.917216	2538.268853
939.219765	2536.756506
939.522275	2537.752134
939.824747	2538.087371
940.127179	2534.969417
940.429573	2534.036804
940.731929	2535.287010
941.034246	2533.898172
941.336524	2535.692823
941.638763	2536.096115
941.940964	2539.526620
942.243126	2536.149047
942.545250	2537.507638
942.847335	2534.992102
943.149381	2537.091743
943.451389	2537.568132
943.753359	2535.707946
944.055290	2536.078471
944.357182	2536.431352
944.659036	2534.442617
944.960851	2534.119983
945.262628	2533.336083
945.564367	2536.774150
945.866067	2538.578883
946.167729	2533.033614
946.469352	2537.903369
946.770937	2535.314736
947.072484	2535.796167
947.373992	2535.370189
947.675462	2534.462781
947.976893	2535.234078
948.278286	2536.217103
948.579641	2534.321629
948.880958	2536.958153
949.182236	2534.671989
949.483476	2534.125024
949.784678	2535.781043
950.085841	2534.576207
950.386967	2534.833306
950.688054	2536.799356
950.989103	2534.654345
951.290114	2536.270035
951.591087	2536.111239
951.892021	2537.414377
952.192917	2535.879346
952.493776	2534.619057
952.794596	2536.501928
953.095378	2534.586290
953.396122	2536.857329
953.696828	2537.580735
953.997496	2535.481094
954.298126	2536.149047
954.598718	2533.318439
954.899272	2535.372710
955.199788	2530.870959
955.500266	2535.226516
955.800706	2532.879859
956.101108	2527.125382
956.401472	2530.157636
956.701798	2530.160157
957.002087	2528.610002
957.302337	2531.879190
957.602550	2532.254756
957.902724	2534.172915
958.202861	2531.518747
958.502960	2530.636546
958.803022	2533.328522
959.103045	2531.168387
959.403031	2532.206865
959.702979	2533.268028
960.002889	2533.845240
960.302762	2534.288862
960.602596	2528.035310
960.902393	2530.928933
961.202153	2531.246525
961.501875	2533.570497
961.801559	2532.418593
962.101205	2532.073274
962.400814	2529.542615
962.700385	2529.489683
962.999918	2532.920188
963.299414	2528.983047
963.598873	2532.451361
963.898293	2532.269879
964.197677	2531.392719
964.497022	2530.203006
964.796331	2531.972451
965.095601	2531.496062
965.394835	2530.782739
965.694030	2529.023376
965.993189	2530.424817
966.292309	2529.691329
966.591393	2528.627646
966.890439	2531.843902
967.189447	2531.294416
967.488419	2531.266690
967.787353	2532.884900
968.086249	2533.653676
968.385108	2532.864736
968.683930	2531.339787
968.982714	2531.763243
969.281462	2528.244518
969.580172	2532.433717
969.878844	2531.390198
970.177480	2531.962369
970.476078	2529.086391
970.774639	2528.209230
971.073162	2531.440610
971.371649	2530.165198
971.670098	2526.911133
971.968510	2530.260980
972.266885	2526.555732
972.565223	2529.981196
972.863524	2530.939015
973.161788	2529.966072
973.460014	2529.013294
973.758204	2530.442461
974.056356	2531.206196
974.354471	2531.286854
974.652550	2531.042358
974.950591	2531.077647
975.248595	2532.370703
975.546563	2532.957997
975.844493	2530.737369
976.142386	2532.731145
976.440243	2530.502955
976.738062	2530.737369
977.035845	2530.931453
977.333590	2529.237625
977.631299	2529.572862
977.928971	2530.064375
978.226606	2527.944569
978.524204	2532.766433
978.821765	2531.218799
979.119290	2530.684437
979.416777	2531.392719
979.714228	2533.081505
980.011642	2530.165198
980.309020	2533.560415
980.606360	2530.634025
980.903664	2531.289375
981.200931	2528.426000
981.498162	2530.964221
981.795356	2529.414066
982.092513	2531.415404
982.389633	2532.058151
982.686717	2532.486649
982.983764	2535.927237
983.280775	2534.959335
983.577749	2534.924047
983.874686	2532.136289
984.171587	2530.276103
984.468451	2534.238450
984.765279	2531.438089
985.062070	2529.159488
985.358824	2529.353572
985.655543	2530.903727
985.952224	2530.828109
986.248869	2531.065044
986.545478	2526.923736
986.842050	2527.387522
987.138586	2526.437264
987.435086	2529.414066
987.731549	2524.572037
988.027975	2529.734179
988.324366	2530.235774
988.620719	2530.543284
988.917037	2529.162008
989.213318	2531.039838
989.509563	2528.385670
989.805772	2526.870804
990.101944	2530.626463
990.398080	2527.241328
990.694180	2530.578572
990.990244	2527.397604
991.286271	2529.925743
991.582262	2528.710825
991.878217	2527.579086
992.174136	2532.993285
992.470019	2530.991947
992.765865	2528.685619
993.061676	2528.730989
993.357450	2529.214940
993.653188	2531.435568
993.948890	2529.081350
994.244556	2530.132430
994.540186	2532.090918
994.835780	2530.462626
995.131337	2531.458254
995.426859	2527.022038
995.722345	2528.156298
996.017795	2529.585465
996.313208	2526.901051
996.608586	2528.909950
996.903928	2529.600588
997.199234	2528.252080
997.494504	2530.601258
997.789738	2531.362472
998.084936	2528.766277
998.380099	2529.403983
998.675225	2529.366175
998.970316	2531.775846
999.265371	2528.594878
999.560390	2528.766277
999.855373	2530.555887
1000.150320	2529.724097
1000.445232	2526.785104
1000.740108	2527.100176
1001.034948	2528.365506
1001.329752	2529.509848
1001.624521	2534.369520
1001.919254	2521.557428
1002.213951	2525.897861
1002.508613	2522.353930
1002.803239	2525.209743
1003.097829	2524.451050
1003.392384	2527.432892
1003.686903	2527.216123
1003.981386	2527.193437
1004.275834	2526.003725
1004.570246	2528.264683
1004.864623	2527.712676
1005.158964	2529.202337
1005.453270	2528.683098
1005.747540	2530.601257
1006.041775	2526.732172
1006.335974	2528.431041
1006.630138	2526.964065
1006.924266	2527.649662
1007.218359	2525.928108
1007.512416	2527.621936
1007.806438	2528.110927
1008.100425	2528.108407
1008.394376	2528.771319
1008.688292	2529.658562
1008.982172	2529.769467
1009.276017	2528.564631
1009.569827	2526.641431
1009.863602	2527.072450
1010.157341	2530.190403
1010.451045	2528.592358
1010.744714	2526.714528
1011.038347	2527.064888
1011.331945	2525.996163
1011.625508	2527.405166
1011.919036	2529.030938
1012.212528	2527.074970
1012.505986	2528.990609
1012.799408	2529.988757
1013.092795	2528.050434
1013.386147	2528.305012
1013.679464	2526.694363
1013.972745	2528.690660
1014.265992	2527.117820
1014.559204	2529.033459
1014.852380	2527.059847
1015.145521	2528.143695
1015.438628	2527.742923
1015.731699	2527.468180
1016.024736	2527.687471
1016.317737	2526.767460
1016.610703	2527.344672
1016.903635	2526.086904
1017.196531	2523.500792
1017.489393	2525.335772
1017.782219	2523.611698
1018.075011	2523.278982
1018.367768	2527.377440
1018.660490	2527.135464
1018.953177	2527.135464
1019.245829	2527.135464
