Dividing Wavelength (nm)	Counts (n)	Blue Motor Position (mm): 0.000000	Red Motor Position (mm): 17.600000	
326.493990	2130.747017
326.888308	2130.747017
327.282561	2130.747017
327.676750	2096.227716
328.070874	2095.164032
328.464933	2096.419280
328.858929	2105.566453
329.252859	2115.041302
329.646726	2125.650410
330.040528	2139.551392
330.434265	2156.565286
330.827938	2174.983142
331.221547	2191.729855
331.615091	2212.015458
332.008571	2229.142778
332.401986	2249.274626
332.795338	2269.504776
333.188625	2287.181582
333.581847	2306.174129
333.975006	2324.667602
334.368100	2340.229644
334.761129	2361.241173
335.154095	2376.301621
335.546996	2394.306102
335.939833	2410.014337
336.332606	2423.224681
336.725315	2439.787392
337.117960	2449.912549
337.510540	2452.841459
337.903056	2468.239664
338.295508	2472.653194
338.687896	2482.180975
339.080220	2491.378560
339.472480	2495.512306
339.864676	2500.036742
340.256807	2508.092506
340.648875	2510.144255
341.040879	2511.245747
341.432818	2517.174144
341.824694	2513.741118
342.216506	2515.843280
342.608253	2516.052488
342.999937	2515.303876
343.391557	2516.254134
343.783113	2516.733043
344.174605	2511.835562
344.566033	2514.653567
344.957397	2511.588546
345.348697	2506.779285
345.739934	2506.121414
346.131106	2503.623523
346.522215	2502.675786
346.913260	2500.881135
347.304241	2500.775271
347.695159	2497.488438
348.086012	2496.487769
348.476802	2496.308808
348.867528	2492.177583
349.258191	2489.944352
349.648789	2492.676657
350.039324	2487.867396
350.429796	2488.547952
350.820203	2488.500061
351.210548	2484.610811
351.600828	2485.707262
351.991045	2486.919659
352.381198	2485.339258
352.771288	2482.112919
353.161314	2482.856489
353.551276	2484.273054
353.941175	2481.150059
354.331010	2482.619555
354.720782	2481.835656
355.110490	2484.623414
355.500135	2483.335399
355.889717	2483.796665
356.279235	2481.886067
356.668689	2484.439412
357.058080	2482.546458
357.447408	2479.715851
357.836672	2480.061170
358.225873	2483.592498
358.615010	2480.489668
359.004084	2485.571151
359.393095	2487.660709
359.782043	2488.444608
360.170927	2489.470483
360.559748	2488.462253
360.948505	2490.151039
361.337199	2490.370329
361.725830	2489.866214
362.114398	2490.947541
362.502903	2493.571462
362.891344	2493.556338
363.279722	2489.979640
363.668037	2495.164467
364.056289	2493.001812
364.444478	2497.599344
364.832603	2496.485249
365.220665	2497.387615
365.608665	2496.792759
365.996601	2496.623881
366.384474	2498.630260
366.772284	2500.258552
367.160031	2502.587566
367.547715	2503.331136
367.935336	2505.766013
368.322893	2509.950171
368.710388	2509.856909
369.097820	2518.575585
369.485189	2520.276974
369.872495	2525.262676
370.259738	2536.580066
370.646918	2542.037115
371.034035	2546.795964
371.421090	2557.967161
371.808081	2570.827145
372.195010	2578.131777
372.581875	2591.455546
372.968678	2603.370313
373.355418	2616.782303
373.742096	2631.613378
374.128710	2644.155768
374.515262	2659.649755
374.901751	2676.940912
375.288177	2689.049764
375.674540	2714.626058
376.060841	2730.311608
376.447079	2749.140318
376.833254	2771.427259
377.219367	2783.253806
377.605417	2821.493478
377.991404	2828.961948
378.377329	2851.740402
378.763191	2868.978627
379.148991	2907.220820
379.534727	2931.206630
379.920402	2961.488841
380.306013	2970.741879
380.691563	3019.701565
381.077049	3043.425235
381.462474	3061.041547
381.847835	3098.439347
382.233134	3123.035137
382.618371	3121.984056
383.003545	3190.221115
383.388657	3198.856611
383.773706	3228.518761
384.158693	3245.648601
384.543618	3268.971500
384.928480	3306.891059
385.313280	3352.934438
385.698017	3348.309179
386.082692	3404.923857
386.467305	3411.873088
386.851856	3440.842078
387.236344	3465.488279
387.620770	3494.679081
388.005133	3519.045498
388.389435	3550.817370
388.773674	3556.380283
389.157851	3599.255297
389.541965	3617.645426
389.926018	3580.734097
390.310008	3652.729336
390.693936	3669.531502
391.077802	3708.862584
391.461606	3698.676933
391.845348	3760.773866
392.229027	3764.486676
392.612645	3776.897997
392.996200	3854.932537
393.379694	3893.462076
393.763125	3959.297025
394.146494	3919.497115
394.529801	3984.797702
394.913047	4033.439795
395.296230	4001.584744
395.679351	4050.940161
396.062410	4076.715580
396.445408	4056.586253
396.828343	4090.939196
397.211217	4110.559367
397.594028	4034.551370
397.976778	4101.288685
398.359466	4124.788023
398.742092	4150.949091
399.124656	4076.234150
399.507158	4157.789937
399.889598	4178.347763
400.271977	4239.743975
400.654294	4210.059141
401.036549	4213.182136
401.418742	4184.228268
401.800874	4284.358187
402.182944	4300.537770
402.564952	4363.348026
402.946898	4343.105273
403.328783	4331.024148
403.710606	4238.892020
404.092367	4422.763066
404.474067	4377.402763
404.855705	4374.378071
405.237282	4297.500475
405.618797	4390.091347
406.000250	4409.154471
406.381642	4471.644614
406.762972	4419.430863
407.144240	4413.613371
407.525447	4396.188623
407.906593	4435.497020
408.287677	4451.278352
408.668700	4364.666288
409.049661	4388.543713
409.430560	4404.829161
409.811399	4316.082168
410.192176	4425.490330
410.572891	4350.719936
410.953545	4406.031476
411.334138	4280.955408
411.714669	4303.212102
412.095139	4194.376111
412.475547	4268.685239
412.855894	4222.329309
413.236180	4193.337633
413.616405	4123.991521
413.996568	4151.707785
414.376670	4073.174170
414.756711	4008.188656
415.136691	3997.735823
415.516609	4001.428468
415.896466	3987.582939
416.276262	3963.657623
416.655997	3912.250457
417.035670	3971.738593
417.415283	3979.406188
417.794834	3905.034045
418.174324	3838.941998
418.553753	3746.807349
418.933121	3791.983649
419.312428	3780.693985
419.691674	3699.758260
420.070859	3710.742935
420.449983	3627.450470
420.829045	3624.559368
421.208047	3546.832338
421.586988	3523.332999
421.965867	3486.277998
422.344686	3475.431955
422.723444	3393.792989
423.102141	3298.227836
423.480777	3341.483457
423.859352	3233.295254
424.237866	3262.864142
424.616319	3222.164386
424.994712	3212.298848
425.373044	3147.131852
425.751314	3132.915798
426.129524	3060.683626
426.507673	3060.411403
426.885762	3041.938095
427.263789	2995.551918
427.641756	2951.265381
428.019662	2937.520675
428.397508	2909.529669
428.775292	2879.202087
429.153016	2860.517050
429.530679	2830.217195
429.908282	2811.816984
430.285824	2784.075514
430.663305	2781.081069
431.040726	2740.383834
431.418086	2723.896740
431.795385	2715.755277
432.172624	2701.622402
432.549802	2685.130267
432.926920	2676.575429
433.303977	2659.737975
433.680974	2649.088537
434.057910	2639.870788
434.434786	2627.426699
434.811601	2618.261882
435.188355	2616.570575
435.565050	2605.394337
435.941683	2596.592482
436.318257	2592.423448
436.694770	2582.825091
437.071222	2580.430543
437.447614	2574.754203
437.823946	2567.560477
438.200218	2571.154820
438.576429	2566.479149
438.952580	2563.945970
439.328670	2562.846998
439.704700	2558.932542
440.080670	2556.316183
440.456580	2556.510268
440.832429	2553.021789
441.208218	2547.325285
441.583947	2551.834597
441.959616	2550.181099
442.335224	2548.711603
442.710773	2546.188505
443.086261	2550.506253
443.461689	2545.041643
443.837057	2544.983669
444.212365	2546.007024
444.587612	2545.550799
444.962800	2545.455017
445.337927	2544.421581
445.712995	2543.302445
446.088002	2546.024668
446.462949	2543.524255
446.837837	2547.257230
447.212664	2545.132383
447.587431	2547.869730
447.962139	2546.322096
448.336786	2551.910215
448.711374	2550.823846
449.085901	2549.021634
449.460369	2545.210521
449.834776	2544.958464
450.209124	2543.405788
450.583412	2547.889895
450.957640	2545.737322
451.331808	2544.540048
451.705917	2542.626930
452.079965	2545.596170
452.453954	2543.909904
452.827883	2544.673638
453.201752	2545.124822
453.575562	2546.364946
453.949311	2543.539379
454.323001	2544.673638
454.696632	2546.468289
455.070202	2543.572146
455.443713	2547.209339
455.817164	2545.727240
456.190556	2542.478216
456.563888	2545.381921
456.937160	2541.386806
457.310373	2548.961140
457.683526	2546.604400
458.056619	2547.111036
458.429653	2545.661705
458.802628	2544.035932
459.175542	2543.557023
459.548398	2549.639175
459.921194	2548.247817
460.293930	2549.951727
460.666607	2552.048847
461.039224	2550.717982
461.411782	2552.852911
461.784280	2554.317366
462.156719	2552.295863
462.529099	2553.926676
462.901419	2549.273691
463.273680	2552.550441
463.645882	2549.472817
464.018024	2552.437015
464.390106	2552.376522
464.762130	2555.020607
465.134094	2554.392983
465.505999	2561.027142
465.877845	2566.267421
466.249631	2568.389747
466.621358	2568.460323
466.993026	2568.067113
467.364634	2566.380847
467.736184	2562.020249
468.107674	2557.979764
468.479105	2561.745506
468.850477	2556.031358
469.221790	2561.677450
469.593043	2558.332645
469.964238	2560.830537
470.335373	2556.066646
470.706449	2556.374157
471.077467	2557.914229
471.448425	2563.726679
471.819324	2570.436455
472.190164	2571.384192
472.560945	2567.074006
472.931667	2561.322049
473.302330	2559.998746
473.672934	2559.272820
474.043479	2561.480845
474.413965	2560.671740
474.784393	2556.754764
475.154761	2559.751730
475.525070	2558.841801
475.895321	2556.411965
476.265513	2558.022614
476.635645	2563.469581
477.005719	2561.077553
477.375734	2565.637277
477.745691	2566.027966
478.115588	2567.323543
478.485427	2565.705332
478.855207	2571.071641
479.224928	2571.283369
479.594591	2573.173802
479.964194	2576.264029
480.333739	2576.049780
480.703226	2573.277145
481.072653	2574.179512
481.442022	2575.754872
481.811333	2576.052301
482.180584	2575.230592
482.549777	2574.615572
482.918912	2574.600448
483.287988	2574.976014
483.657005	2572.304203
484.025964	2570.338153
484.394864	2574.063565
484.763706	2573.831672
485.132489	2573.002402
485.501213	2571.409398
485.869879	2570.900241
486.238487	2571.724470
486.607036	2570.880077
486.975527	2568.994685
487.343959	2568.601475
487.712333	2571.298492
488.080648	2570.444017
488.448905	2570.068451
488.817104	2569.120714
489.185244	2570.633060
489.553326	2567.704150
489.921350	2573.380489
490.289315	2575.407033
490.657222	2577.491550
491.025070	2577.083217
491.392861	2575.452403
491.760593	2575.190263
492.128267	2576.435428
492.495883	2571.290931
492.863440	2571.981569
493.230939	2568.712381
493.598380	2569.655076
493.965763	2563.832544
494.333088	2564.109807
494.700354	2562.892368
495.067563	2567.328584
495.434713	2560.853222
495.801805	2568.311609
496.168839	2566.232133
496.535815	2570.912844
496.902733	2568.719942
497.269593	2566.801783
497.636395	2566.733728
498.003139	2566.022925
498.369825	2568.155333
498.736453	2569.110632
499.103023	2568.631722
499.469535	2569.067782
499.835989	2568.359500
500.202385	2571.515262
500.568723	2566.297668
500.935003	2567.305899
501.301226	2566.002760
501.667390	2568.349418
502.033497	2571.353945
502.399546	2569.657597
502.765537	2569.287072
503.131470	2567.709191
503.497345	2568.089798
503.863163	2568.256156
504.228923	2570.829665
504.594625	2569.967628
504.960269	2568.508214
505.325856	2570.867474
505.691385	2567.071485
506.056856	2568.341856
506.422270	2569.680282
506.787625	2567.169787
507.152924	2570.985941
507.518164	2567.404201
507.883347	2568.669531
508.248472	2570.761610
508.613540	2569.700447
508.978550	2571.099367
509.343503	2566.257339
509.708398	2571.588359
510.073236	2573.146075
510.438016	2572.621795
510.802738	2568.109963
511.167403	2570.968297
511.532010	2569.748338
511.896561	2573.143555
512.261053	2573.025088
512.625488	2568.419994
512.989866	2566.577452
513.354186	2568.631722
513.718449	2567.502504
514.082655	2569.314798
514.446803	2568.540981
514.810894	2574.696230
515.174927	2571.338822
515.538904	2571.953842
515.902822	2573.173802
516.266684	2570.653225
516.630488	2572.064748
516.994235	2570.398647
517.357925	2573.093143
517.721558	2574.877712
518.085133	2570.882597
518.448651	2572.987279
518.812112	2572.606672
519.175516	2569.153482
519.538863	2573.186405
519.902152	2572.246229
520.265385	2572.924265
520.628560	2570.950653
520.991678	2572.679769
521.354739	2571.293451
521.717743	2571.169943
522.080690	2570.570046
522.443580	2572.737742
522.806413	2573.388051
523.169189	2573.728329
523.531908	2574.360993
523.894569	2571.306054
524.257174	2572.369738
524.619722	2572.082392
524.982213	2572.427711
525.344647	2573.302351
525.707025	2572.914182
526.069345	2574.078689
526.431608	2574.744121
526.793815	2571.641291
527.155964	2575.217990
527.518057	2572.846127
527.880093	2573.476271
528.242072	2574.698751
528.603995	2571.414439
528.965860	2571.638770
529.327669	2570.809501
529.689421	2572.951991
530.051117	2572.503328
530.412755	2570.592731
530.774337	2570.953173
531.135862	2573.108267
531.497331	2571.648853
531.858743	2568.548543
532.220098	2569.357648
532.581396	2567.515107
532.942638	2568.661969
533.303824	2568.805642
533.664953	2570.933009
534.026025	2571.323698
534.387040	2571.976528
534.747999	2571.268246
535.108902	2570.933009
535.469748	2570.925447
535.830537	2573.902248
536.191270	2568.578790
536.551947	2570.454099
536.912567	2570.940571
537.273131	2571.888308
537.633638	2572.969635
537.994089	2568.606516
538.354483	2567.273131
538.714821	2570.970817
539.075103	2571.910993
539.435328	2572.478122
539.795497	2572.369738
540.155609	2574.739080
540.515665	2570.323029
540.875665	2572.084912
541.235609	2571.061558
541.595496	2570.474264
541.955328	2571.714388
542.315102	2571.860581
542.674821	2573.345201
543.034483	2572.215982
543.394090	2571.217834
543.753640	2573.088102
544.113134	2571.346383
544.472571	2572.084912
544.831953	2569.796229
545.191278	2569.292113
545.550548	2571.442165
545.909761	2570.519634
546.268918	2570.774212
546.628019	2572.720098
546.987064	2569.735735
547.346053	2571.737073
547.704986	2568.051989
548.063863	2571.215313
548.422684	2570.507031
548.781449	2574.338308
549.140158	2572.054666
549.498811	2572.152968
549.857408	2568.188101
550.215949	2569.065261
550.574434	2566.630384
550.932864	2569.922257
551.291237	2567.336146
551.649555	2569.783626
552.007817	2570.587690
552.366022	2570.837227
552.724173	2570.675910
553.082267	2567.754561
553.440305	2571.298492
553.798288	2571.827814
554.156215	2570.817062
554.514086	2572.785633
554.871902	2569.609706
555.229661	2572.047104
555.587365	2573.030129
555.945014	2574.146744
556.302606	2568.835889
556.660143	2569.879408
557.017625	2573.138514
557.375050	2570.446537
557.732421	2572.067268
558.089735	2571.936198
558.446994	2573.350242
558.804197	2571.916034
559.161345	2570.408729
559.518437	2566.474108
559.875474	2567.782288
560.232455	2571.444686
560.589381	2569.566856
560.946251	2572.223544
561.303065	2572.599110
561.659825	2568.540981
562.016528	2570.945612
562.373177	2571.275807
562.729770	2571.709347
563.086307	2566.980744
563.442789	2569.372772
563.799216	2569.143399
564.155587	2569.203893
564.511904	2569.400498
564.868164	2571.658935
565.224370	2569.397977
565.580520	2571.230437
565.936615	2570.320509
566.292654	2569.092988
566.648638	2571.517783
567.004567	2568.130127
567.360441	2569.713050
567.716260	2568.104922
568.072023	2569.105591
568.427732	2563.877914
568.783385	2565.236505
569.138982	2564.818089
569.494525	2565.894376
569.850013	2563.434292
570.205445	2567.416804
570.560823	2569.256825
570.916145	2569.453430
571.271412	2566.146433
571.626625	2568.614078
571.981782	2570.544840
572.336884	2568.198183
572.691931	2568.190621
573.046923	2567.966290
573.401860	2567.822617
573.756743	2567.194993
574.111570	2566.746331
574.466342	2568.659448
574.821059	2569.045097
575.175722	2569.329922
575.530330	2565.997719
575.884882	2569.483677
576.239380	2565.849005
576.593823	2570.030642
576.948211	2564.261042
577.302544	2566.910168
577.656823	2568.137689
578.011047	2568.717422
578.365216	2566.537123
578.719330	2565.533933
579.073389	2566.582493
579.427394	2565.349931
579.781344	2565.360013
580.135239	2563.124262
580.489080	2567.605847
580.842866	2564.437482
581.196597	2569.584500
581.550273	2567.285734
581.903895	2568.573749
582.257463	2565.004612
582.610975	2565.281875
582.964434	2565.990157
583.317837	2564.394632
583.671186	2564.823130
584.024481	2566.448903
584.377721	2564.646690
584.730906	2563.608212
585.084037	2564.109807
585.437113	2565.803635
585.790135	2564.071998
586.143103	2564.843295
586.496016	2566.887483
586.848874	2561.654765
587.201679	2564.109807
587.554428	2559.749209
587.907124	2564.213151
588.259765	2557.878941
588.612352	2564.631567
588.964884	2563.872873
589.317362	2564.059396
589.669786	2566.559808
590.022155	2564.744992
590.374470	2565.037379
590.726731	2566.771536
591.078937	2565.574262
591.431090	2562.937739
591.783188	2565.080229
592.135232	2563.698953
592.487222	2562.579817
592.839157	2565.201217
593.191038	2563.091494
593.542866	2565.327246
593.894639	2562.562173
594.246358	2563.391443
594.598022	2558.821637
594.949633	2562.804148
595.301190	2562.277348
595.652692	2562.310115
596.004141	2562.423541
596.355535	2563.913202
596.706876	2560.303736
597.058162	2559.413972
597.409395	2559.895402
597.760573	2561.072512
598.111698	2561.823644
598.462768	2562.040413
598.813785	2565.112997
599.164748	2559.456822
599.515657	2558.685526
599.866511	2559.645865
600.217312	2559.550083
600.568060	2562.690722
600.918753	2562.889848
601.269392	2560.931360
601.619978	2561.790876
601.970510	2563.005794
602.320988	2561.306926
602.671412	2560.931360
603.021783	2560.608726
603.372100	2560.013870
603.722363	2562.557132
604.072572	2561.589230
604.422728	2561.647203
604.772830	2558.990515
605.122878	2555.759136
605.472872	2559.986143
605.822813	2555.920453
606.172701	2558.433468
606.522534	2560.621329
606.872314	2559.043447
607.222041	2559.855073
607.571714	2562.632749
607.921333	2560.097049
608.270899	2560.495300
608.620411	2561.795917
608.969870	2562.544529
609.319276	2560.560835
609.668627	2562.327759
610.017926	2567.729356
610.367171	2569.589541
610.716362	2565.833882
611.065500	2567.124417
611.414585	2563.958572
611.763616	2567.225240
612.112594	2562.302553
612.461518	2565.334808
612.810389	2562.607543
613.159207	2560.580999
613.507971	2562.766340
613.856682	2560.979251
614.205340	2558.587223
614.553945	2563.383881
614.902496	2562.141237
615.250994	2562.872204
615.599439	2560.265927
615.947830	2564.001422
616.296169	2562.917574
616.644454	2559.814744
616.992686	2561.566545
617.340864	2559.381205
617.688990	2560.767522
618.037063	2561.173335
618.385082	2559.330793
618.733048	2562.544529
619.080961	2561.480845
619.428821	2559.918088
619.776628	2561.407749
620.124382	2562.942780
620.472083	2560.276010
620.819731	2562.783984
621.167326	2559.577810
621.514868	2561.853891
621.862357	2559.582851
622.209793	2559.174517
622.557176	2560.097049
622.904506	2557.326935
623.251783	2555.610422
623.599007	2557.800803
623.946179	2555.169321
624.293297	2558.246945
624.640363	2559.106462
624.987376	2557.369784
625.334336	2557.110165
625.681243	2559.963458
626.028097	2558.642676
626.374899	2560.454971
626.721647	2558.854404
627.068343	2557.097562
627.414987	2558.574620
627.761577	2557.447922
628.108115	2558.219219
628.454600	2559.771894
628.801032	2556.054043
629.147412	2555.108827
629.493739	2555.532284
629.840014	2556.202757
630.186236	2558.030176
630.532405	2557.838612
630.878521	2556.590926
631.224585	2556.684188
631.570597	2558.441030
631.916556	2556.802655
632.262462	2555.265103
632.608316	2557.828529
632.954117	2555.055895
633.299866	2556.424568
633.645562	2555.418858
633.991206	2554.259392
634.336797	2555.623025
634.682336	2555.933056
635.027823	2555.249979
635.373257	2554.392983
635.718639	2556.472459
636.063968	2556.270813
636.409245	2554.269475
636.754470	2554.866852
637.099642	2554.972716
637.444762	2554.662685
637.789829	2553.331820
638.134845	2552.500030
638.479808	2553.767880
638.824719	2553.299053
639.169577	2553.654454
639.514383	2553.631769
639.859137	2556.376677
640.203839	2553.528425
640.548489	2550.665050
640.893086	2550.844011
641.237632	2549.044319
641.582125	2550.612118
641.926566	2545.676828
642.270955	2553.485575
642.615292	2556.260731
642.959576	2554.337530
643.303809	2554.468600
643.647990	2553.341903
643.992118	2555.398693
644.336195	2552.016079
644.680219	2553.498178
645.024192	2553.420040
645.368112	2553.392314
645.711981	2549.908877
646.055797	2554.834084
646.399562	2553.462890
646.743274	2552.880637
647.086935	2552.794937
647.430544	2555.494475
647.774101	2552.053888
648.117606	2552.661347
648.461059	2554.027499
648.804460	2554.728220
649.147810	2553.462890
649.491108	2551.448949
649.834354	2554.347613
650.177548	2552.757129
650.520690	2552.437015
650.863781	2549.503064
651.206820	2556.096893
651.549807	2550.917107
651.892742	2552.873075
652.235626	2552.220246
652.578458	2546.622044
652.921238	2553.546069
653.263967	2553.662016
653.606644	2552.303425
653.949269	2554.019938
654.291843	2550.705379
654.634365	2551.864844
654.976836	2551.741336
655.319255	2551.297715
655.661622	2549.046839
656.003938	2549.860986
656.346203	2550.644885
656.688416	2554.408107
657.030577	2551.058260
657.372687	2550.644885
657.714746	2550.269319
658.056753	2549.104813
658.398708	2545.243289
658.740612	2549.334185
659.082465	2547.226983
659.424266	2547.559699
659.766016	2544.487116
660.107715	2552.129505
660.449362	2551.103630
660.790958	2553.223435
661.132503	2548.394010
661.473996	2549.568599
661.815438	2552.888199
662.156829	2550.375183
662.498168	2547.627755
662.839456	2551.002807
663.180693	2551.116233
663.521879	2552.184958
663.863013	2549.676984
664.204097	2549.263609
664.545129	2552.530277
664.886110	2550.914587
665.227040	2551.862324
665.567918	2548.819988
665.908746	2551.431305
666.249522	2553.709907
666.590248	2548.734288
666.930922	2549.913918
667.271545	2549.006510
667.612118	2550.458362
667.952639	2551.287632
668.293109	2553.435164
668.633528	2553.581357
668.973896	2550.181099
669.314213	2547.993238
669.654480	2551.136398
669.994695	2549.119936
670.334859	2551.343085
670.674973	2548.888043
671.015035	2551.806871
671.355047	2550.082797
671.695008	2549.636654
672.034918	2549.409803
672.374777	2549.772766
672.714585	2551.325441
673.054342	2551.237221
673.394049	2549.898794
673.733705	2553.331820
674.073310	2549.341747
674.412864	2551.141439
674.752368	2546.977446
675.091820	2548.888043
675.431223	2551.143959
675.770574	2552.368960
676.109875	2544.716488
676.449125	2545.800336
676.788324	2544.227496
677.127473	2546.170861
677.466571	2544.691283
677.805619	2548.623382
678.144616	2553.278888
678.483562	2548.872920
678.822458	2547.431150
679.161303	2548.976263
679.500098	2547.479041
679.838842	2550.791079
680.177535	2547.042981
680.516179	2551.380894
680.854771	2549.084648
681.193314	2549.482899
681.531805	2549.145142
681.870247	2549.878630
682.208638	2553.997253
682.546978	2553.304094
682.885268	2549.722354
683.223508	2549.954247
683.561697	2548.653629
683.899836	2551.075904
684.237925	2553.082283
684.575963	2551.083466
684.913951	2551.131357
685.251889	2553.656975
685.589776	2547.950388
685.927614	2551.784186
686.265401	2550.176058
686.603137	2549.324103
686.940824	2550.952396
687.278460	2553.699824
687.616046	2548.562889
687.953582	2550.596994
688.291068	2549.349309
688.628504	2552.003476
688.965889	2551.002807
689.303224	2549.969371
689.640510	2548.920811
689.977745	2550.919628
690.314930	2548.383928
690.652065	2549.850903
690.989150	2549.732436
691.326185	2548.678835
691.663170	2547.423588
692.000105	2548.308310
692.336990	2546.478372
692.673825	2548.746891
693.010610	2551.643034
693.347345	2543.466282
693.684030	2541.787578
694.020665	2542.377393
694.357251	2540.973432
694.693786	2545.893598
695.030272	2543.685572
695.366707	2547.358053
695.703093	2544.023330
696.039429	2547.902498
696.375716	2547.463917
696.711952	2544.351005
697.048139	2546.183464
697.384276	2546.480892
697.720363	2549.198074
698.056400	2543.597352
698.392388	2544.257743
698.728326	2544.277908
699.064214	2545.507949
699.400053	2545.654143
699.735842	2544.313196
700.071581	2545.941489
700.407270	2543.930068
700.742910	2547.786551
701.078501	2545.729760
701.414042	2543.942671
701.749533	2542.821014
702.084974	2547.105995
702.420366	2544.570295
702.755709	2545.749925
703.091002	2544.280428
703.426246	2544.650953
703.761440	2543.685572
704.096584	2544.976108
704.431679	2543.761190
704.766725	2546.070038
705.101721	2542.014430
705.436668	2546.624565
705.771565	2542.364790
706.106413	2546.337219
706.441212	2543.448638
706.775961	2545.112219
707.110661	2544.960984
707.445311	2547.476520
707.779913	2544.320758
708.114465	2543.262115
708.448967	2544.996272
708.783421	2548.467107
709.117825	2546.750594
709.452180	2546.669935
709.786485	2543.491488
710.120742	2544.305634
710.454949	2547.534493
710.789107	2543.569626
711.123216	2543.168854
711.457275	2540.786909
711.791286	2544.444266
712.125247	2544.955943
712.459159	2544.938299
712.793023	2546.831252
713.126837	2544.724050
713.460602	2546.717826
713.794318	2544.628268
714.127985	2546.256561
714.461602	2545.328988
714.795171	2544.401416
715.128691	2544.194729
715.462162	2546.362425
715.795584	2544.547610
716.128957	2544.197249
716.462281	2545.288659
716.795556	2546.478372
717.128782	2543.569626
717.461960	2545.238248
717.795088	2543.753628
718.128167	2543.325130
718.461198	2544.419060
718.794180	2545.896118
719.127113	2539.393030
719.459997	2543.405788
719.792833	2541.182639
720.125619	2543.168854
720.458357	2543.015099
720.791046	2544.209852
721.123686	2541.306148
721.456278	2544.623227
721.788821	2543.259595
722.121315	2541.966539
722.453761	2539.440921
722.786158	2541.986703
723.118506	2541.780016
723.450805	2541.772454
723.783056	2540.635674
724.115259	2544.008206
724.447412	2543.330171
724.779518	2542.324461
725.111574	2540.885211
725.443582	2544.862682
725.775542	2542.856302
726.107453	2543.766231
726.439315	2543.327650
726.771129	2545.560882
727.102895	2542.662218
727.434612	2542.752959
727.766281	2542.896632
728.097901	2540.673483
728.429473	2539.332536
728.760996	2544.038453
729.092471	2538.319264
729.423897	2542.621889
729.755276	2542.319420
730.086606	2542.205994
730.417887	2544.184647
730.749120	2543.824204
731.080305	2545.117260
731.411442	2545.470141
731.742530	2544.345963
732.073570	2545.843186
732.404562	2544.923176
732.735506	2545.570964
733.066401	2546.571633
733.397249	2544.655994
733.728048	2543.476364
734.058798	2543.592311
734.389501	2541.921168
734.720156	2541.724563
735.050762	2541.772454
735.381320	2544.514842
735.711831	2542.326981
736.042293	2542.659697
736.372707	2543.746066
736.703073	2540.723894
737.033391	2542.087527
737.363661	2539.471168
737.693883	2544.305634
738.024056	2542.931920
738.354182	2542.710109
738.684260	2544.703885
739.014290	2541.742208
739.344272	2541.104502
739.674207	2542.090047
740.004093	2542.228679
740.333931	2543.511652
740.663722	2540.307999
740.993464	2543.375541
741.323159	2543.675490
741.652806	2541.621220
741.982405	2541.621220
742.311956	2541.467465
742.641460	2544.146838
742.970915	2543.632640
743.300323	2541.044008
743.629683	2543.456200
743.958996	2540.101312
744.288260	2542.175747
744.617477	2543.206663
744.946647	2535.869263
745.275768	2540.275232
745.604842	2535.012267
745.933869	2539.566950
746.262847	2539.425797
746.591778	2541.540561
746.920662	2540.255067
747.249498	2542.831097
747.578286	2543.264636
747.907027	2540.592824
748.235720	2540.618030
748.564365	2541.147351
748.892963	2540.179450
749.221514	2542.233720
749.550017	2541.311189
749.878473	2543.146169
750.206881	2542.606765
750.535242	2542.364790
750.863555	2542.571477
751.191821	2541.843031
751.520039	2540.592824
751.848210	2540.320602
752.176334	2540.335726
752.504411	2542.455531
752.832440	2538.712474
753.160421	2541.011240
753.488356	2540.507125
753.816243	2545.092054
754.144082	2540.623071
754.471875	2542.009389
754.799620	2540.338246
755.127318	2539.738349
755.454969	2537.328677
755.782572	2543.005017
756.110129	2540.151723
756.437638	2539.609799
756.765100	2539.866898
757.092515	2538.641898
757.419882	2541.739687
757.747203	2538.362114
758.074477	2541.709440
758.401703	2540.063503
758.728882	2542.180788
759.056014	2541.172557
759.383099	2540.197094
759.710138	2541.933771
760.037129	2541.643905
760.364073	2542.213555
760.690970	2541.525438
761.017820	2541.953936
761.344623	2540.948226
761.671379	2541.291024
761.998088	2537.616023
762.324751	2537.154758
762.651366	2542.251364
762.977935	2548.202446
763.304456	2543.141128
763.630931	2549.314021
763.957359	2550.140770
764.283740	2548.215049
764.610074	2543.703216
764.936362	2542.009389
765.262602	2543.637681
765.588796	2545.265974
765.914943	2540.214738
766.241044	2542.135417
766.567097	2539.715664
766.893104	2540.116435
767.219064	2536.141486
767.544978	2540.439069
767.870845	2539.723225
768.196665	2539.861857
768.522438	2536.290200
768.848165	2539.907227
769.173846	2539.861857
769.499479	2542.029553
769.825066	2536.136444
770.150607	2540.151723
770.476101	2537.326157
770.801548	2540.529810
771.126949	2539.690458
771.452303	2535.385312
771.777611	2539.995448
772.102872	2539.037628
772.428087	2539.143493
772.753256	2539.733308
773.078378	2540.539892
773.403453	2537.958822
773.728482	2537.696682
774.053465	2538.924203
774.378401	2536.461599
774.703291	2538.737680
775.028135	2537.288348
775.352932	2537.641229
775.677683	2535.896990
776.002388	2537.401774
776.327046	2538.125180
776.651658	2537.870601
776.976224	2537.338760
777.300743	2539.186342
777.625216	2540.181970
777.949643	2536.317926
778.274024	2539.987886
778.598359	2534.011598
778.922647	2535.362627
779.246889	2535.919675
779.571086	2531.675023
779.895236	2538.992258
780.219339	2537.036290
780.543397	2537.953780
780.867409	2534.949253
781.191374	2535.239119
781.515294	2535.937319
781.839167	2536.988399
782.162995	2536.388502
782.486776	2536.174253
782.810511	2538.490663
783.134201	2536.302802
783.457844	2538.785571
783.781441	2535.869263
784.104993	2537.880684
784.428498	2536.907741
784.751958	2535.234078
785.075372	2537.376568
785.398739	2536.280117
785.722061	2535.725590
786.045337	2537.245498
786.368568	2537.278266
786.691752	2538.893956
787.014891	2537.873122
787.337983	2540.532331
787.661030	2536.363296
787.984031	2538.231044
788.306987	2538.772968
788.629897	2538.447813
788.952760	2539.307330
789.275579	2537.742052
789.598351	2540.605427
789.921078	2537.152237
790.243759	2535.801208
790.566395	2535.639891
790.888984	2535.695343
791.211529	2533.769623
791.534027	2537.336239
791.856480	2537.106867
792.178888	2538.709953
792.501249	2538.677186
792.823566	2535.339942
793.145836	2535.080323
793.468062	2539.219110
793.790241	2535.657535
794.112375	2536.721218
794.434464	2536.383461
794.756507	2538.714995
795.078505	2537.903369
795.400457	2533.799870
795.722364	2533.152081
796.044226	2533.126876
796.366042	2533.111752
796.687812	2535.912113
797.009538	2537.850437
797.331218	2539.203987
797.652852	2538.649460
797.974442	2534.999664
798.295986	2537.953780
798.617484	2537.255581
798.938938	2535.675179
799.260346	2536.733821
799.581709	2537.328677
799.903026	2539.045190
800.224299	2537.772299
800.545526	2536.348173
800.866708	2535.377751
801.187845	2539.060314
801.508936	2536.418749
801.829983	2536.398584
802.150984	2533.348686
802.471940	2537.653832
802.792851	2537.457227
803.113717	2537.109387
803.434538	2537.114428
803.755314	2535.889428
804.076045	2535.342463
804.396731	2535.556712
804.717372	2538.009233
805.037967	2538.354552
805.358518	2533.588141
805.679024	2535.289531
805.999485	2533.134437
806.319901	2537.978986
806.640272	2536.801877
806.960598	2537.875643
807.280879	2534.687113
807.601115	2535.254242
807.921306	2535.254242
808.241453	2536.625436
808.561554	2535.508821
808.881611	2534.316588
809.201623	2535.407998
809.521590	2535.372710
809.841513	2537.323636
810.161390	2538.745242
810.481223	2538.185673
810.801011	2537.938657
811.120755	2536.191897
811.440453	2537.479912
811.760107	2537.265663
812.079716	2535.844057
812.399281	2529.572862
812.718801	2532.587472
813.038276	2528.680578
813.357707	2537.953780
813.677093	2537.626105
813.996434	2538.117618
814.315731	2535.776002
814.634983	2534.182997
814.954191	2535.135775
815.273354	2535.904551
815.592473	2534.261135
815.911547	2535.428162
816.230577	2535.198790
816.549562	2538.316743
816.868502	2537.553009
817.187399	2536.799356
817.506250	2536.476722
817.825058	2538.130221
818.143821	2538.500746
818.462539	2538.906558
818.781213	2536.912782
819.099843	2539.647608
819.418429	2540.809594
819.736970	2540.232382
820.055466	2539.274563
820.373919	2540.466796
820.692327	2544.625748
821.010691	2546.130532
821.329011	2549.235883
821.647286	2566.446382
821.965517	2578.149421
822.283704	2587.021851
822.601847	2591.695001
822.919945	2582.421798
823.237999	2573.262022
823.556010	2565.556618
823.873976	2559.693756
824.191897	2555.055895
824.509775	2552.704197
824.827609	2548.446942
825.145398	2547.791592
825.463144	2546.493495
825.780845	2546.188505
826.098502	2547.453835
826.416116	2552.545400
826.733685	2554.808878
827.051210	2557.463046
827.368692	2552.956254
827.686129	2552.111861
828.003522	2548.520039
828.320872	2539.967721
828.638177	2541.424615
828.955439	2537.684079
829.272656	2537.810108
829.589830	2532.915147
829.906960	2539.932433
830.224046	2538.687268
830.541088	2537.918492
830.858086	2539.488812
831.175041	2537.497556
831.491952	2537.084181
831.808819	2534.989582
832.125642	2537.469830
832.442421	2538.674665
832.759157	2538.619213
833.075849	2543.161292
833.392497	2545.392003
833.709101	2547.017775
834.025662	2546.743032
834.342179	2543.078113
834.658653	2543.292362
834.975083	2542.032074
835.291469	2540.179450
835.607811	2538.155427
835.924110	2537.321116
836.240366	2536.380940
836.556578	2536.133924
836.872746	2537.762217
837.188871	2535.770961
837.504952	2535.879346
837.820990	2533.573018
838.136984	2530.684437
838.452935	2535.168543
838.768842	2534.185518
839.084706	2536.943029
839.400526	2534.916485
839.716303	2537.439583
840.032037	2536.219623
840.347727	2537.366486
840.663373	2539.072917
840.978977	2536.196938
841.294537	2534.934129
841.610054	2536.133924
841.925527	2534.039324
842.240957	2535.836496
842.556344	2536.612833
842.871687	2535.753317
843.186987	2533.479756
843.502244	2531.995137
843.817458	2532.627801
844.132629	2534.132586
844.447756	2535.284489
844.762840	2529.696370
845.077881	2530.588655
845.392879	2529.887934
845.707833	2531.276772
846.022745	2531.705270
846.337613	2534.213244
846.652438	2533.399098
846.967221	2533.252904
847.281960	2531.692667
847.596656	2532.877338
847.911309	2532.607637
848.225919	2533.782226
848.540485	2532.912627
848.855009	2533.850281
849.169490	2533.356248
849.483928	2532.761392
849.798323	2533.386495
850.112675	2532.622760
850.426984	2532.842050
850.741251	2533.240302
851.055474	2533.540250
851.369654	2533.071423
851.683792	2536.040662
851.997887	2532.710980
852.311938	2533.842719
852.625947	2533.706608
852.939914	2532.496731
853.253837	2533.941022
853.567718	2533.043697
853.881555	2531.763243
854.195350	2531.148223
854.509103	2534.150230
854.822812	2533.951104
855.136479	2532.259797
855.450103	2533.552853
855.763685	2533.237781
856.077224	2530.218130
856.390720	2534.147709
856.704173	2532.882380
857.017584	2530.424817
857.330953	2534.404808
857.644278	2533.920857
857.957561	2535.009747
858.270802	2534.251053
858.584000	2535.919675
858.897155	2533.378933
859.210268	2533.371372
859.523339	2531.859025
859.836367	2535.748276
860.149352	2533.656197
860.462295	2534.966897
860.775195	2532.063192
861.088054	2529.272913
861.400869	2531.417924
861.713642	2528.093283
862.026373	2529.416586
862.339062	2531.609488
862.651708	2531.105373
862.964312	2529.882893
863.276873	2532.494211
863.589392	2530.308871
863.901869	2532.837009
864.214303	2534.430014
864.526696	2532.448840
864.839045	2533.106711
865.151353	2533.510003
865.463619	2531.160826
865.775842	2534.508152
866.088023	2530.792821
866.400162	2530.853315
866.712258	2534.470343
867.024313	2534.180477
867.336325	2534.891279
867.648296	2534.309026
867.960224	2534.971938
868.272110	2535.513862
868.583954	2532.647966
868.895755	2535.138296
869.207515	2536.154088
869.519233	2536.186856
869.830909	2533.545291
870.142542	2534.805580
870.454134	2531.722914
870.765684	2534.006557
871.077191	2532.282482
871.388657	2534.941691
871.700081	2532.405991
872.011463	2532.441279
872.322803	2533.283151
872.634101	2533.149561
872.945357	2532.907585
873.256571	2533.699047
873.567744	2532.658048
873.878874	2533.472195
874.189963	2533.870446
874.501010	2534.732483
874.812015	2535.317257
875.122979	2536.690971
875.433900	2532.960518
875.744780	2537.439583
876.055618	2534.858512
876.366415	2537.001002
876.677169	2535.418080
876.987882	2535.370189
877.298554	2530.762574
877.609183	2532.199303
877.919771	2529.134282
878.230317	2532.940353
878.540822	2535.889428
878.851285	2537.850437
879.161707	2535.402957
879.472087	2539.100643
879.782425	2538.152906
880.092722	2540.612989
880.402977	2544.131714
880.713191	2551.988353
881.023363	2558.420865
881.333494	2565.233984
881.643583	2564.182904
881.953631	2564.185424
882.263637	2562.713407
882.573602	2559.741647
882.883526	2555.181924
883.193408	2556.739640
883.503248	2547.748742
883.813048	2550.544062
884.122806	2543.753628
884.432522	2542.150541
884.742197	2540.383617
885.051831	2539.864378
885.361424	2537.187525
885.670975	2538.483102
885.980485	2537.936136
886.289954	2538.357073
886.599382	2538.296579
886.908768	2537.149716
887.218113	2534.641742
887.527417	2537.018646
887.836680	2535.168543
888.145901	2532.272400
888.455082	2532.746268
888.764221	2531.614529
889.073319	2534.682072
889.382376	2534.248532
889.691392	2534.344314
890.000366	2534.500590
890.309300	2533.638553
890.618193	2531.188552
890.927044	2534.006557
891.235855	2533.782226
891.544625	2534.099818
891.853353	2534.271217
892.162041	2532.688295
892.470687	2537.358924
892.779293	2536.902700
893.087858	2534.596372
893.396381	2532.171577
893.704864	2534.823224
894.013306	2533.457071
894.321707	2542.392516
894.630068	2543.050387
894.938387	2545.167672
895.246665	2541.374203
895.554903	2543.801519
895.863100	2541.674152
896.171256	2540.978473
896.479371	2537.653832
896.787446	2536.385982
897.095480	2536.527134
897.403473	2537.202648
897.711425	2537.610982
898.019336	2535.975128
898.327207	2532.980682
898.635038	2534.583769
898.942827	2535.720549
899.250576	2533.383974
899.558284	2533.910775
899.865952	2533.101670
900.173579	2531.228881
900.481165	2535.455889
900.788711	2531.198634
901.096216	2533.187369
901.403681	2535.720549
901.711105	2535.700385
902.018489	2533.578059
902.325832	2535.589479
902.633135	2533.053779
902.940397	2537.835313
903.247619	2533.656197
903.554800	2537.127031
903.861941	2540.655839
904.169041	2548.174720
904.476101	2547.441232
904.783121	2548.472148
905.090100	2544.061138
905.397039	2546.405275
905.703938	2542.306817
906.010796	2541.185160
906.317614	2536.776671
906.624391	2535.833975
906.931129	2534.911444
907.237826	2533.872966
907.544483	2535.460930
907.851099	2534.745086
908.157675	2534.266176
908.464211	2532.993285
908.770707	2528.539426
909.077163	2531.037317
909.383578	2529.212420
909.689954	2528.947759
909.996289	2526.790145
910.302584	2534.243491
910.608839	2531.291896
910.915054	2531.193593
911.221229	2532.776515
911.527363	2530.530681
911.833458	2532.055630
912.139513	2532.254756
912.445527	2531.808614
912.751502	2534.669469
913.057436	2532.045548
913.363331	2535.745755
913.669186	2534.094777
913.975000	2535.468492
914.280775	2532.776515
914.586510	2536.874973
914.892205	2537.847916
915.197859	2541.288504
915.503475	2539.057793
915.809050	2546.884184
916.114585	2544.693803
916.420081	2550.244113
916.725536	2546.188505
917.030952	2545.066848
917.336328	2541.825387
917.641665	2541.464944
917.946961	2538.200797
918.252218	2537.832793
918.557435	2535.806249
918.862612	2538.898997
919.167750	2535.309695
919.472848	2535.551671
919.777906	2531.911958
920.082925	2531.385157
920.387904	2534.873635
920.692843	2531.753161
920.997743	2534.677030
921.302603	2531.851464
921.607423	2533.073943
921.912204	2533.217616
922.216946	2531.259128
922.521647	2533.570497
922.826310	2531.407842
923.130932	2533.018491
923.435516	2534.944212
923.740059	2531.138140
924.044564	2531.037317
924.349028	2532.186700
924.653454	2526.722090
924.957840	2528.562111
925.262186	2527.873993
925.566493	2529.824920
925.870761	2528.912471
926.174989	2532.834489
926.479178	2530.825589
926.783328	2533.585621
927.087438	2530.676875
927.391509	2532.426155
927.695541	2529.398942
927.999533	2533.217616
928.303486	2527.473222
928.607400	2530.056813
928.911275	2529.961031
929.215110	2532.244674
929.518906	2528.007584
929.822663	2529.010773
930.126381	2529.346010
930.430060	2531.896834
930.733699	2529.640918
931.037299	2533.688964
931.340861	2529.635877
931.644383	2532.307688
931.947866	2530.001360
932.251309	2530.434899
932.554714	2528.872142
932.858080	2532.983203
933.161407	2530.903727
933.464694	2531.193593
933.767943	2531.077647
934.071153	2528.826771
934.374323	2529.789632
934.677455	2532.050589
934.980548	2531.664941
935.283602	2530.515558
935.586617	2532.000178
935.889593	2531.261649
936.192530	2529.351051
936.495428	2532.864736
936.798287	2531.128058
937.101108	2531.130579
937.403890	2530.593696
937.706632	2532.063192
938.009336	2529.159488
938.312002	2532.453882
938.614628	2529.865249
938.917216	2532.673172
939.219765	2530.878521
939.522275	2530.636546
939.824747	2531.642256
940.127179	2527.011956
940.429573	2526.817872
940.731929	2529.454395
941.034246	2527.596730
941.336524	2528.385670
941.638763	2527.528674
941.940964	2530.961700
942.243126	2531.803573
942.545250	2530.281144
942.847335	2530.326515
943.149381	2531.826258
943.451389	2531.730476
943.753359	2532.791639
944.055290	2531.382636
944.357182	2531.246525
944.659036	2528.506658
944.960851	2531.334745
945.262628	2530.896165
945.564367	2530.215609
945.866067	2531.523789
946.167729	2530.109745
946.469352	2530.455064
946.770937	2527.846267
947.072484	2529.915661
947.373992	2528.244518
947.675462	2528.889786
947.976893	2527.911802
948.278286	2529.706453
948.579641	2531.443130
948.880958	2529.000691
949.182236	2531.163346
949.483476	2530.936494
949.784678	2529.814837
950.085841	2529.961031
950.386967	2532.216947
950.688054	2528.673016
950.989103	2531.027235
951.290114	2530.124868
951.591087	2531.060003
951.892021	2529.875331
952.192917	2530.281144
952.493776	2530.671834
952.794596	2529.681247
953.095378	2532.874818
953.396122	2531.246525
953.696828	2529.608150
953.997496	2529.335928
954.298126	2531.072605
954.598718	2531.060002
954.899272	2531.153264
955.199788	2532.148892
955.500266	2529.383819
955.800706	2528.597399
956.101108	2525.797038
956.401472	2525.907943
956.701798	2525.539939
957.002087	2527.816020
957.302337	2527.500948
957.602550	2530.944056
957.902724	2529.560259
958.202861	2529.658562
958.502960	2527.823582
958.803022	2527.256452
959.103045	2528.572193
959.403031	2526.926256
959.702979	2530.480270
960.002889	2529.706453
960.302762	2528.181504
960.602596	2529.973634
960.902393	2530.142512
961.202153	2528.642769
961.501875	2528.262162
961.801559	2528.070598
962.101205	2528.841895
962.400814	2526.475073
962.700385	2531.274252
962.999918	2527.833664
963.299414	2529.275434
963.598873	2526.492717
963.898293	2527.029600
964.197677	2528.572193
964.497022	2527.190917
964.796331	2530.432379
965.095601	2528.920033
965.394835	2530.311391
965.694030	2526.170083
965.993189	2528.960362
966.292309	2528.428520
966.591393	2527.442975
966.890439	2526.838036
967.189447	2529.618233
967.488419	2527.884076
967.787353	2527.132944
968.086249	2527.652183
968.385108	2529.489683
968.683930	2528.615043
968.982714	2528.947759
969.281462	2528.937677
969.580172	2529.282996
969.878844	2529.018335
970.177480	2529.996319
970.476078	2529.058664
970.774639	2527.803417
971.073162	2529.507327
971.371649	2525.335772
971.670098	2524.574558
971.968510	2528.612522
972.266885	2523.115144
972.565223	2527.674868
972.863524	2526.190248
973.161788	2531.483459
973.460014	2528.869621
973.758204	2526.338962
974.056356	2527.097656
974.354471	2528.720907
974.652550	2528.763757
974.950591	2532.375744
975.248595	2526.596061
975.546563	2529.928263
975.844493	2526.921215
976.142386	2526.543129
976.440243	2527.997502
976.738062	2529.751823
977.035845	2527.042203
977.333590	2527.689991
977.631299	2529.530012
977.928971	2528.559590
978.226606	2527.863911
978.524204	2527.082532
978.821765	2528.110928
979.119290	2529.106555
979.416777	2529.441792
979.714228	2528.925074
980.011642	2527.251411
980.309020	2531.967410
980.606360	2529.439272
980.903664	2527.742923
981.200931	2529.288037
981.498162	2524.564476
981.795356	2528.559590
982.092513	2526.021369
982.389633	2527.926925
982.686717	2529.240146
982.983764	2528.592358
983.280775	2527.637059
983.577749	2529.565300
983.874686	2529.756864
984.171587	2529.298119
984.468451	2527.816020
984.765279	2530.571011
985.062070	2526.961544
985.358824	2528.451205
985.655543	2527.314425
985.952224	2528.516740
986.248869	2530.480270
986.545478	2523.208405
986.842050	2528.355423
987.138586	2523.178158
987.435086	2527.833664
987.731549	2524.022552
988.027975	2530.805424
988.324366	2526.807789
988.620719	2527.604292
988.917037	2526.671678
989.213318	2529.469518
989.509563	2527.594209
989.805772	2526.270906
990.101944	2527.258973
990.398080	2526.323838
990.694180	2528.433561
990.990244	2526.096987
991.286271	2527.586647
991.582262	2528.342821
991.878217	2525.970958
992.174136	2528.773839
992.470019	2529.703932
992.765865	2528.962883
993.061676	2528.146216
993.357450	2526.475073
993.653188	2529.512368
993.948890	2528.927594
994.244556	2527.672347
994.540186	2530.119827
994.835780	2526.578417
995.131337	2528.584796
995.426859	2529.222502
995.722345	2524.715710
996.017795	2530.583613
996.313208	2530.061854
996.608586	2525.912984
996.903928	2527.261493
997.199234	2527.332069
997.494504	2527.571524
997.789738	2528.468849
998.084936	2526.903571
998.380099	2529.146885
998.675225	2527.808458
998.970316	2527.145547
999.265371	2529.971113
999.560390	2525.187058
999.855373	2528.322656
1000.150320	2527.805938
1000.445232	2526.762419
1000.740108	2528.776360
1001.034948	2524.163704
1001.329752	2527.165711
1001.624521	2526.606143
1001.919254	2523.344517
1002.213951	2523.916687
1002.508613	2523.276461
1002.803239	2525.897861
1003.097829	2522.908457
1003.392384	2525.643283
1003.686903	2526.901051
1003.981386	2529.005732
1004.275834	2529.315763
1004.570246	2528.461288
1004.864623	2526.845598
1005.158964	2526.475073
1005.453270	2525.159332
1005.747540	2527.485824
1006.041775	2527.090094
1006.335974	2527.188396
1006.630138	2527.556401
1006.924266	2525.983561
1007.218359	2526.258303
1007.512416	2527.516071
1007.806438	2524.781245
1008.100425	2527.037162
1008.394376	2528.786442
1008.688292	2529.749303
1008.982172	2525.671009
1009.276017	2526.265865
1009.569827	2527.195958
1009.863602	2528.937677
1010.157341	2527.977337
1010.451045	2528.136133
1010.744714	2526.205371
1011.038347	2526.911133
1011.331945	2524.561955
1011.625508	2528.791483
1011.919036	2527.473222
1012.212528	2526.621267
1012.505986	2528.446164
1012.799408	2527.556401
1013.092795	2528.481452
1013.386147	2527.732841
1013.679464	2527.354754
1013.972745	2527.624456
1014.265992	2526.422141
1014.559204	2528.504137
1014.852380	2525.270237
1015.145521	2524.375433
1015.438628	2527.800897
1015.731699	2529.020856
1016.024736	2527.203520
1016.317737	2527.473222
1016.610703	2527.848788
1016.903635	2524.385515
1017.196531	2521.383508
1017.489393	2525.176976
1017.782219	2519.452746
1018.075011	2528.617563
1018.367768	2526.613705
1018.660490	2527.722759
1018.953177	2527.722759
1019.245829	2527.722759
