Dividing Wavelength (nm)	Counts (n)	Blue Motor Position (mm): 0.000000	Red Motor Position (mm): 0.800000	
326.493990	2128.410442
326.888308	2128.410442
327.282561	2128.410442
327.676750	2095.083374
328.070874	2092.920719
328.464933	2099.343149
328.858929	2101.939343
329.252859	2113.798658
329.646726	2125.494134
330.040528	2138.228089
330.434265	2155.345327
330.827938	2173.143121
331.221547	2190.905626
331.615091	2207.917000
332.008571	2228.177397
332.401986	2247.976529
332.795338	2266.583428
333.188625	2287.206788
333.581847	2306.448872
333.975006	2323.296408
334.368100	2343.327433
334.761129	2359.660772
335.154095	2376.402444
335.546996	2391.483055
335.939833	2406.576270
336.332606	2423.791810
336.725315	2433.967379
337.117960	2444.909204
337.510540	2451.855914
337.903056	2463.584158
338.295508	2472.940540
338.687896	2480.915645
339.080220	2489.636841
339.472480	2494.614981
339.864676	2500.077071
340.256807	2504.311640
340.648875	2504.672083
341.040879	2508.316837
341.432818	2510.512259
341.824694	2509.604852
342.216506	2510.474451
342.608253	2513.892353
342.999937	2512.483351
343.391557	2511.379338
343.783113	2510.517301
344.174605	2506.559995
344.566033	2508.389934
344.957397	2508.757938
345.348697	2504.049500
345.739934	2502.267452
346.131106	2501.904489
346.522215	2501.501197
346.913260	2495.368633
347.304241	2498.050527
347.695159	2496.439878
348.086012	2493.342089
348.476802	2489.301605
348.867528	2489.790597
349.258191	2489.281440
349.648789	2485.850935
350.039324	2483.700883
350.429796	2483.884885
350.820203	2483.877323
351.210548	2483.365646
351.600828	2480.524956
351.991045	2481.560913
352.381198	2479.287353
352.771288	2477.923720
353.161314	2478.019502
353.551276	2481.008907
353.941175	2479.673001
354.331010	2478.707620
354.720782	2479.589822
355.110490	2478.042187
355.500135	2478.737867
355.889717	2478.531179
356.279235	2478.836169
356.668689	2481.719709
357.058080	2479.357929
357.447408	2477.308700
357.836672	2476.272743
358.225873	2480.214925
358.615010	2478.402630
359.004084	2482.750625
359.393095	2484.036119
359.782043	2483.592498
360.170927	2485.059474
360.559748	2484.086531
360.948505	2484.482262
361.337199	2487.063332
361.725830	2484.630976
362.114398	2490.468632
362.502903	2483.877323
362.891344	2487.080976
363.279722	2484.474700
363.668037	2486.133239
364.056289	2486.831439
364.444478	2488.000987
364.832603	2490.524084
365.220665	2491.134064
365.608665	2487.572489
365.996601	2490.082983
366.384474	2492.318735
366.772284	2488.837818
367.160031	2488.777325
367.547715	2491.519712
367.935336	2493.642038
368.322893	2491.179434
368.710388	2490.561893
369.097820	2496.243273
369.485189	2490.493837
369.872495	2491.612974
370.259738	2492.401914
370.646918	2491.345792
371.034035	2493.016935
371.421090	2496.752430
371.808081	2493.268993
372.195010	2493.528612
372.581875	2494.557007
372.968678	2492.762357
373.355418	2494.952738
373.742096	2495.222440
374.128710	2494.413335
374.515262	2495.711432
374.901751	2495.371154
375.288177	2495.572800
375.674540	2495.401401
376.060841	2497.788387
376.447079	2495.497183
376.833254	2496.386946
377.219367	2492.966523
377.605417	2497.120434
377.991404	2491.207161
378.377329	2495.625732
378.763191	2492.059116
379.148991	2498.184118
379.534727	2497.334683
379.920402	2500.986999
380.306013	2495.605567
380.691563	2496.255876
381.077049	2499.260404
381.462474	2498.201762
381.847835	2500.132524
382.233134	2498.295023
382.618371	2499.492297
383.003545	2502.461537
383.388657	2498.766371
383.773706	2502.963132
384.158693	2500.006495
384.543618	2503.076557
384.928480	2500.104797
385.313280	2503.797443
385.698017	2500.515651
386.082692	2501.672596
386.467305	2503.999089
386.851856	2504.185611
387.236344	2504.152844
387.620770	2506.527227
388.005133	2503.885663
388.389435	2504.425066
388.773674	2502.461537
389.157851	2502.378358
389.541965	2506.474295
389.926018	2502.227123
390.310008	2505.035046
390.693936	2503.071516
391.077802	2503.366424
391.461606	2503.074037
391.845348	2503.353821
392.229027	2502.864829
392.612645	2504.646877
392.996200	2501.163440
393.379694	2505.115704
393.763125	2508.523524
394.146494	2507.903462
394.529801	2505.055210
394.913047	2506.663338
395.296230	2508.205932
395.679351	2507.056548
396.062410	2505.390447
396.445408	2508.873884
396.828343	2505.236692
397.211217	2504.190652
397.594028	2503.946157
397.976778	2505.178719
398.359466	2504.629233
398.742092	2501.838954
399.124656	2509.284738
399.507158	2509.420850
399.889598	2511.008813
400.271977	2506.345746
400.654294	2511.344050
401.036549	2508.699965
401.418742	2511.359173
401.800874	2509.423370
402.182944	2509.516632
402.564952	2509.632578
402.946898	2510.035870
403.328783	2510.918072
403.710606	2509.753566
404.092367	2508.175685
404.474067	2511.333968
404.855705	2509.529234
405.237282	2511.114677
405.618797	2509.919924
406.000250	2514.106602
406.381642	2508.752897
406.762972	2513.347908
407.144240	2509.970335
407.525447	2515.412261
407.906593	2511.707013
408.287677	2512.556447
408.668700	2510.655932
409.049661	2512.916890
409.430560	2511.613752
409.811399	2514.600635
410.192176	2513.463855
410.572891	2514.467045
410.953545	2511.313803
411.334138	2512.775738
411.714669	2512.400172
412.095139	2512.208608
412.475547	2513.292456
412.855894	2514.882940
413.236180	2514.343536
413.616405	2511.951509
413.996568	2517.665657
414.376670	2516.503671
414.756711	2515.815553
415.136691	2516.296983
415.516609	2512.256499
415.896466	2512.082579
416.276262	2516.233969
416.655997	2513.670542
417.035670	2511.999400
417.415283	2514.088958
417.794834	2509.924965
418.174324	2513.869668
418.553753	2515.119874
418.933121	2517.602642
419.312428	2518.217663
419.691674	2518.280677
420.070859	2513.993176
420.449983	2515.855883
420.829045	2514.711541
421.208047	2519.238497
421.586988	2516.022241
421.965867	2518.308404
422.344686	2516.453259
422.723444	2518.300842
423.102141	2516.753208
423.480777	2518.593229
423.859352	2519.369567
424.237866	2516.012158
424.616319	2516.349916
424.994712	2517.968126
425.373044	2519.747653
425.751314	2518.598270
426.129524	2516.559123
426.507673	2517.411078
426.885762	2520.468538
427.263789	2517.204391
427.641756	2518.845287
428.019662	2518.474762
428.397508	2517.269926
428.775292	2520.518950
429.153016	2519.609022
429.530679	2521.910308
429.908282	2521.600277
430.285824	2519.051974
430.663305	2519.929135
431.040726	2519.145235
431.418086	2520.927283
431.795385	2519.561131
432.172624	2520.234125
432.549802	2520.657582
432.926920	2520.687828
433.303977	2522.971471
433.680974	2520.455935
434.057910	2522.235463
434.434786	2521.093641
434.811601	2522.323683
435.188355	2519.145235
435.565050	2522.386697
435.941683	2522.258148
436.318257	2520.967612
436.694770	2518.958713
437.071222	2520.425688
437.447614	2517.360667
437.823946	2518.472241
438.200218	2521.708662
438.576429	2521.431399
438.952580	2523.364681
439.328670	2521.060874
439.704700	2521.559948
440.080670	2525.355937
440.456580	2522.033817
440.832429	2520.917201
441.208218	2524.960206
441.583947	2521.227232
441.959616	2523.899043
442.335224	2525.623118
442.710773	2526.412059
443.086261	2523.992305
443.461689	2524.382994
443.837057	2524.728313
444.212365	2523.112623
444.587612	2524.133457
444.962800	2527.377440
445.337927	2525.464322
445.712995	2523.427696
446.088002	2524.788807
446.462949	2524.173786
446.837837	2525.827285
447.212664	2524.839219
447.587431	2524.783766
447.962139	2525.711338
448.336786	2525.381143
448.711374	2524.453570
449.085901	2523.155473
449.460369	2525.625639
449.834776	2525.981040
450.209124	2522.868128
450.583412	2526.039013
450.957640	2523.977181
451.331808	2525.247552
451.705917	2524.171266
452.079965	2524.297295
452.453954	2524.672861
452.827883	2525.847449
453.201752	2528.131092
453.575562	2525.726462
453.949311	2524.579599
454.323001	2524.380474
454.696632	2525.497089
455.070202	2528.042872
455.443713	2526.490197
455.817164	2523.974661
456.190556	2524.120854
456.563888	2525.555062
456.937160	2523.896523
457.310373	2529.504807
457.683526	2526.840557
458.056619	2527.100176
458.429653	2527.281658
458.802628	2526.863242
459.175542	2525.983561
459.548398	2527.876514
459.921194	2525.791997
460.293930	2525.439116
460.666607	2525.179497
461.039224	2527.188396
461.411782	2525.534898
461.784280	2530.160157
462.156719	2528.347862
462.529099	2528.758716
462.901419	2528.060516
463.273680	2532.131248
463.645882	2527.132944
464.018024	2528.148736
464.390106	2526.555732
464.762130	2527.853829
465.134094	2529.305681
465.505999	2527.982378
465.877845	2529.383819
466.249631	2527.526154
466.621358	2528.864580
466.993026	2533.172246
467.364634	2532.259797
467.736184	2529.403983
468.107674	2528.559590
468.479105	2527.115300
468.850477	2529.852646
469.221790	2528.940197
469.593043	2529.141843
469.964238	2528.930115
470.335373	2525.229908
470.706449	2528.105886
471.077467	2526.966586
471.448425	2527.944569
471.819324	2528.836854
472.190164	2529.577903
472.560945	2531.803573
472.931667	2530.926412
473.302330	2528.151257
473.672934	2530.366844
474.043479	2530.616381
474.413965	2530.840712
474.784393	2527.437933
475.154761	2527.269055
475.525070	2527.725279
475.895321	2528.345341
476.265513	2524.685463
476.635645	2531.155784
477.005719	2529.262831
477.375734	2531.846423
477.745691	2530.276103
478.115588	2528.400794
478.485427	2531.763243
478.855207	2529.572862
479.224928	2531.216278
479.594591	2534.175436
479.964194	2530.442461
480.333739	2529.610671
480.703226	2528.569673
481.072653	2530.470187
481.442022	2531.173428
481.811333	2531.128058
482.180584	2528.700742
482.549777	2530.903727
482.918912	2532.408511
483.287988	2532.181659
483.657005	2529.590506
484.025964	2530.321473
484.394864	2532.103521
484.763706	2531.538912
485.132489	2529.761905
485.501213	2532.990764
485.869879	2528.947759
486.238487	2532.322812
486.607036	2528.519261
486.975527	2531.100332
487.343959	2532.642925
487.712333	2532.990764
488.080648	2528.332738
488.448905	2533.504962
488.817104	2528.804086
489.185244	2532.315250
489.553326	2534.535878
489.921350	2534.145189
490.289315	2533.346166
490.657222	2535.299613
491.025070	2533.063861
491.392861	2531.266690
491.760593	2532.995806
492.128267	2532.363141
492.495883	2531.261649
492.863440	2532.441279
493.230939	2531.929602
493.598380	2532.146371
493.965763	2528.184024
494.333088	2531.128058
494.700354	2529.807276
495.067563	2532.630322
495.434713	2530.818027
495.801805	2531.364992
496.168839	2531.899355
496.535815	2533.850281
496.902733	2530.147554
497.269593	2532.322812
497.636395	2531.554036
498.003139	2531.392719
498.369825	2533.590662
498.736453	2532.955476
499.103023	2531.594365
499.469535	2531.896834
499.835989	2531.838861
500.202385	2531.919519
500.568723	2535.977648
500.935003	2533.704088
501.301226	2532.307688
501.667390	2534.588810
502.033497	2533.998995
502.399546	2534.051927
502.765537	2536.259953
503.131470	2533.376413
503.497345	2532.925229
503.863163	2533.487318
504.228923	2533.099149
504.594625	2534.881197
504.960269	2532.693336
505.325856	2535.034952
505.691385	2532.738707
506.056856	2534.591331
506.422270	2530.283665
506.787625	2532.952956
507.152924	2533.512524
507.518164	2531.168387
507.883347	2533.202493
508.248472	2534.639222
508.613540	2533.373892
508.978550	2531.702750
509.343503	2532.620240
509.708398	2536.196938
510.073236	2535.168543
510.438016	2534.470343
510.802738	2531.569159
511.167403	2532.784077
511.532010	2533.081505
511.896561	2534.203162
512.261053	2535.226516
512.625488	2530.543284
512.989866	2530.323994
513.354186	2530.240815
513.718449	2531.576721
514.082655	2534.750127
514.446803	2534.583769
514.810894	2536.111239
515.174927	2537.162319
515.538904	2534.654345
515.902822	2534.855991
516.266684	2534.276259
516.630488	2533.036135
516.994235	2535.702905
517.357925	2535.213913
517.721558	2534.803059
518.085133	2533.252904
518.448651	2535.206352
518.812112	2531.238963
519.175516	2533.638553
519.538863	2535.531506
519.902152	2535.103008
520.265385	2533.842719
520.628560	2534.684592
520.991678	2534.225847
521.354739	2531.954807
521.717743	2530.881042
522.080690	2536.335570
522.443580	2534.150230
522.806413	2537.089222
523.169189	2530.611340
523.531908	2535.342463
523.894569	2532.947915
524.257174	2532.990764
524.619722	2534.384643
524.982213	2533.885569
525.344647	2533.089067
525.707025	2536.842206
526.069345	2535.513862
526.431608	2536.267514
526.793815	2533.235260
527.155964	2534.457740
527.518057	2535.138296
527.880093	2534.341794
528.242072	2532.113604
528.603995	2537.701723
528.965860	2534.697195
529.327669	2535.980169
529.689421	2534.044366
530.051117	2535.965045
530.412755	2533.459592
530.774337	2536.610313
531.135862	2534.800539
531.497331	2531.685106
531.858743	2530.702081
532.220098	2534.157792
532.581396	2529.792152
532.942638	2533.517565
533.303824	2534.805580
533.664953	2537.981507
534.026025	2536.683410
534.387040	2534.563604
534.747999	2533.933460
535.108902	2534.064530
535.469748	2536.572504
535.830537	2535.037473
536.191270	2534.188038
536.551947	2535.647453
536.912567	2535.118131
537.273131	2537.837834
537.633638	2533.893131
537.994089	2535.445806
538.354483	2534.424973
538.714821	2535.846578
539.075103	2536.209541
539.435328	2534.979500
539.795497	2534.021680
540.155609	2535.118131
540.515665	2535.183666
540.875665	2536.711136
541.235609	2536.368338
541.595496	2532.844571
541.955328	2535.902031
542.315102	2534.924047
542.674821	2536.955632
543.034483	2534.619057
543.394090	2535.798687
543.753640	2534.692154
544.113134	2535.949922
544.472571	2536.166691
544.831953	2534.404808
545.191278	2532.705939
545.550548	2535.896990
545.909761	2534.062010
546.268918	2537.676517
546.628019	2532.955476
546.987064	2536.549819
547.346053	2535.352545
547.704986	2536.602751
548.063863	2534.820703
548.422684	2534.034283
548.781449	2536.625436
549.140158	2536.985879
549.498811	2538.437731
549.857408	2535.808769
550.215949	2536.514531
550.574434	2532.088398
550.932864	2534.135106
551.291237	2533.590662
551.649555	2534.319108
552.007817	2534.278779
552.366022	2534.258615
552.724173	2534.062010
553.082267	2535.344983
553.440305	2535.309695
553.798288	2534.722401
554.156215	2536.456558
554.514086	2533.328522
554.871902	2534.341794
555.229661	2537.303472
555.587365	2534.558563
555.945014	2535.125693
556.302606	2534.750127
556.660143	2535.970086
557.017625	2535.763399
557.375050	2535.299613
557.732421	2535.276928
558.089735	2536.080992
558.446994	2536.010416
558.804197	2536.491846
559.161345	2535.317257
559.518437	2537.437062
559.875474	2533.424304
560.232455	2534.341794
560.589381	2535.665097
560.946251	2537.663914
561.303065	2536.403626
561.659825	2537.217772
562.016528	2535.229037
562.373177	2536.103677
562.729770	2534.160312
563.086307	2538.442772
563.442789	2534.062010
563.799216	2536.267514
564.155587	2534.603934
564.511904	2535.791125
564.868164	2534.321629
565.224370	2537.172402
565.580520	2535.571835
565.936615	2537.338760
566.292654	2535.171063
566.648638	2537.076620
567.004567	2537.074099
567.360441	2537.127031
567.716260	2534.467823
568.072023	2534.185518
568.427732	2533.540250
568.783385	2534.702236
569.138982	2529.469518
569.494525	2536.527134
569.850013	2534.364479
570.205445	2535.526465
570.560823	2534.790456
570.916145	2538.430169
571.271412	2538.745242
571.626625	2537.928575
571.981782	2535.007226
572.336884	2539.188863
572.691931	2535.150899
573.046923	2537.739531
573.401860	2534.422452
573.756743	2536.519572
574.111570	2536.461599
574.466342	2538.258770
574.821059	2536.136444
575.175722	2538.346990
575.530330	2536.811959
575.884882	2537.086702
576.239380	2535.067720
576.593823	2536.141486
576.948211	2536.948070
577.302544	2538.954449
577.656823	2537.984027
578.011047	2540.315561
578.365216	2538.672145
578.719330	2538.157947
579.073389	2538.868750
579.427394	2537.895807
579.781344	2537.973945
580.135239	2536.935467
580.489080	2538.518390
580.842866	2538.150385
581.196597	2537.371527
581.550273	2535.743234
581.903895	2537.079140
582.257463	2537.742052
582.610975	2537.031249
582.964434	2538.427649
583.317837	2537.948739
583.671186	2536.827083
584.024481	2537.895807
584.377721	2537.762217
584.730906	2536.806918
585.084037	2540.187012
585.437113	2538.586445
585.790135	2537.308513
586.143103	2538.725077
586.496016	2539.448482
586.848874	2533.643594
587.201679	2535.745755
587.554428	2534.558563
587.907124	2534.457740
588.259765	2534.946732
588.612352	2536.995961
588.964884	2534.911444
589.317362	2538.137782
589.669786	2537.200128
590.022155	2540.915458
590.374470	2536.262473
590.726731	2537.956301
591.078937	2535.498738
591.431090	2537.149716
591.783188	2537.512679
592.135232	2536.224665
592.487222	2540.953267
592.839157	2535.733152
593.191038	2537.663914
593.542866	2537.477391
593.894639	2535.987730
594.246358	2535.912113
594.598022	2536.592669
594.949633	2535.463450
595.301190	2539.032587
595.652692	2535.234078
596.004141	2538.379758
596.355535	2537.437062
596.706876	2536.779192
597.058162	2536.063348
597.409395	2539.166178
597.760573	2537.883204
598.111698	2536.164171
598.462768	2537.202648
598.813785	2539.261960
599.164748	2536.854809
599.515657	2535.700385
599.866511	2537.943698
600.217312	2538.062165
600.568060	2535.861702
600.918753	2537.134593
601.269392	2538.636857
601.619978	2535.849099
601.970510	2537.064017
602.320988	2534.608975
602.671412	2536.733821
603.021783	2535.503780
603.372100	2534.190559
603.722363	2536.857329
604.072572	2539.514018
604.422728	2537.250539
604.772830	2534.674510
605.122878	2536.033101
605.472872	2535.947401
605.822813	2532.675692
606.172701	2535.400436
606.522534	2537.910931
606.872314	2537.943698
607.222041	2536.476722
607.571714	2538.616692
607.921333	2536.484284
608.270899	2537.384130
608.620411	2537.900848
608.969870	2537.091743
609.319276	2538.430169
609.668627	2541.170037
610.017926	2541.376724
610.367171	2545.724719
610.716362	2542.326981
611.065500	2545.026519
611.414585	2540.330684
611.763616	2537.875643
612.112594	2540.852444
612.461518	2540.822197
612.810389	2539.624923
613.159207	2540.744059
613.507971	2538.611651
613.856682	2540.270191
614.205340	2536.786753
614.553945	2542.576518
614.902496	2537.679037
615.250994	2538.331867
615.599439	2537.759696
615.947830	2539.839172
616.296169	2535.186187
616.644454	2536.927906
616.992686	2538.818338
617.340864	2535.637370
617.688990	2535.125693
618.037063	2538.382278
618.385082	2538.001671
618.733048	2537.726928
619.080961	2537.691640
619.428821	2536.264994
619.776628	2536.058307
620.124382	2539.357742
620.472083	2538.533513
620.819731	2534.956814
621.167326	2537.618544
621.514868	2538.835982
621.862357	2540.418905
622.209793	2536.575025
622.557176	2536.098636
622.904506	2536.902700
623.251783	2534.735004
623.599007	2534.180477
623.946179	2531.672503
624.293297	2536.542257
624.640363	2532.330373
624.987376	2539.604758
625.334336	2535.632329
625.681243	2535.385313
626.028097	2536.496887
626.374899	2538.740200
626.721647	2537.182484
627.068343	2536.514531
627.414987	2538.215920
627.761577	2536.811959
628.108115	2537.752134
628.454600	2536.065868
628.801032	2538.442772
629.147412	2536.391023
629.493739	2538.631816
629.840014	2537.994110
630.186236	2538.226003
630.532405	2536.348173
630.878521	2539.506456
631.224585	2537.154757
631.570597	2537.366486
631.916556	2538.304141
632.262462	2536.925385
632.608316	2538.485622
632.954117	2537.416897
633.299866	2537.575694
633.645562	2537.951260
633.991206	2536.297761
634.336797	2537.643749
634.682336	2539.050231
635.027823	2535.589479
635.373257	2534.543440
635.718639	2538.344470
636.063968	2539.009902
636.409245	2538.304141
636.754470	2536.249870
637.099642	2534.883718
637.444762	2535.811290
637.789829	2538.231044
638.134845	2537.495035
638.479808	2536.229706
638.824719	2537.900848
639.169577	2535.433203
639.514383	2534.931609
639.859137	2538.006712
640.203839	2536.547298
640.548489	2534.051927
640.893086	2533.855322
641.237632	2532.247194
641.582125	2532.458923
641.926566	2531.009591
642.270955	2535.690302
642.615292	2539.075437
642.959576	2537.777340
643.303809	2532.690816
643.647990	2536.020498
643.992118	2539.057793
644.336195	2537.633667
644.680219	2536.524613
645.024192	2536.796836
645.368112	2536.607792
645.711981	2534.203162
646.055797	2536.673327
646.399562	2534.109901
646.743274	2536.779192
647.086935	2537.401774
647.430544	2536.617875
647.774101	2537.157278
648.117606	2533.812473
648.461059	2537.376568
648.804460	2535.730632
649.147810	2536.632998
649.491108	2536.005374
649.834354	2536.426311
650.177548	2539.080478
650.520690	2539.609799
650.863781	2535.261804
651.206820	2540.625592
651.549807	2533.477236
651.892742	2536.312885
652.235626	2536.421270
652.578458	2535.904551
652.921238	2533.600744
653.263967	2537.966383
653.606644	2534.230888
653.949269	2538.505787
654.291843	2535.851619
654.634365	2536.166691
654.976836	2535.249201
655.319255	2537.545447
655.661622	2533.961187
656.003938	2535.334901
656.346203	2536.466640
656.688416	2535.103008
657.030577	2537.308513
657.372687	2535.745755
657.714746	2535.607123
658.056753	2534.823224
658.398708	2530.951618
658.740612	2534.644263
659.082465	2532.920188
659.424266	2532.123686
659.766016	2530.805424
660.107715	2537.729449
660.449362	2537.051414
660.790958	2536.297761
661.132503	2535.251722
661.473996	2535.413039
661.815438	2536.529654
662.156829	2535.599562
662.498168	2536.098636
662.839456	2533.855322
663.180693	2537.714326
663.521879	2537.505118
663.863013	2535.130734
664.204097	2535.471012
664.545129	2533.383974
664.886110	2536.572504
665.227040	2536.023018
665.567918	2533.346166
665.908746	2533.164684
666.249522	2537.565612
666.590248	2533.746937
666.930922	2534.835827
667.271545	2536.141486
667.612118	2537.434542
667.952639	2537.240457
668.293109	2536.116280
668.633528	2534.649304
668.973896	2536.557381
669.314213	2534.127545
669.654480	2536.113759
669.994695	2535.871784
670.334859	2537.033770
670.674973	2534.165353
671.015035	2536.627957
671.355047	2536.345652
671.695008	2537.696682
672.034918	2534.800539
672.374777	2536.290200
672.714585	2537.865560
673.054342	2538.324305
673.394049	2535.433203
673.733705	2537.011085
674.073310	2535.244160
674.412864	2537.074099
674.752368	2536.353214
675.091820	2537.759696
675.431223	2532.610157
675.770574	2536.632998
676.109875	2531.952287
676.449125	2533.283151
676.788324	2532.849612
677.127473	2538.641898
677.466571	2532.358100
677.805619	2535.208872
678.144616	2536.635519
678.483562	2535.397915
678.822458	2534.160312
679.161303	2535.828934
679.500098	2535.536547
679.838842	2535.796167
680.177535	2534.341794
680.516179	2535.478574
680.854771	2533.391536
681.193314	2538.031918
681.531805	2536.945550
681.870247	2537.648791
682.208638	2534.054448
682.546978	2535.392874
682.885268	2533.389016
683.223508	2536.983358
683.561697	2535.221475
683.899836	2536.307844
684.237925	2536.237267
684.575963	2536.809438
684.913951	2533.948584
685.251889	2537.681558
685.589776	2537.570653
685.927614	2534.984541
686.265401	2536.118800
686.603137	2535.473533
686.940824	2536.645601
687.278460	2535.259284
687.616046	2536.254912
687.953582	2535.849099
688.291068	2536.350693
688.628504	2536.970755
688.965889	2535.413039
689.303224	2536.353214
689.640510	2534.243491
689.977745	2536.038142
690.314930	2534.843388
690.652065	2536.743903
690.989150	2534.122503
691.326185	2536.985879
691.663170	2535.962525
692.000105	2531.980013
692.336990	2538.442772
692.673825	2533.247863
693.010610	2536.759027
693.347345	2530.293747
693.684030	2531.128058
694.020665	2533.991433
694.357251	2530.974303
694.693786	2535.702905
695.030272	2537.106867
695.366707	2536.940508
695.703093	2535.450848
696.039429	2535.806249
696.375716	2535.360107
696.711952	2532.521937
697.048139	2532.221988
697.384276	2537.106867
697.720363	2534.487987
698.056400	2533.608306
698.392388	2531.531350
698.728326	2536.658204
699.064214	2533.376413
699.400053	2535.221475
699.735842	2532.146371
700.071581	2536.247350
700.407270	2534.591331
700.742910	2536.312885
701.078501	2534.775333
701.414042	2535.675179
701.749533	2535.292051
702.084974	2534.850950
702.420366	2536.486805
702.755709	2536.000333
703.091002	2536.370858
703.426246	2536.017977
703.761440	2534.921526
704.096584	2535.418080
704.431679	2534.389685
704.766725	2536.580066
705.101721	2534.571166
705.436668	2536.759027
705.771565	2534.954294
706.106413	2535.042514
706.441212	2538.649460
706.775961	2536.945550
707.110661	2535.312216
707.445311	2533.817514
707.779913	2533.769623
708.114465	2534.074612
708.448967	2535.392874
708.783421	2535.357586
709.117825	2534.170394
709.452180	2534.384643
709.786485	2536.839685
710.120742	2536.212062
710.454949	2536.438914
710.789107	2535.211393
711.123216	2532.690816
711.457275	2535.397915
711.791286	2528.829292
712.125247	2530.628984
712.459159	2533.557894
712.793023	2535.120652
713.126837	2536.544778
713.460602	2534.004036
713.794318	2534.858512
714.127985	2534.939170
714.461602	2533.021011
714.795171	2534.745086
715.128691	2535.377751
715.462162	2535.047555
715.795584	2534.921526
716.128957	2537.701723
716.462281	2536.537216
716.795556	2534.036804
717.128782	2534.026722
717.461960	2535.029911
717.795088	2535.586959
718.128167	2536.033101
718.461198	2531.952287
718.794180	2535.859181
719.127113	2535.574356
719.459997	2535.266845
719.792833	2534.127545
720.125619	2537.106867
720.458357	2533.978831
720.791046	2536.590148
721.123686	2533.608306
721.456278	2535.889428
721.788821	2536.421270
722.121315	2537.442103
722.453761	2535.544109
722.786158	2536.728780
723.118506	2534.117462
723.450805	2534.102339
723.783056	2534.982020
724.115259	2533.867925
724.447412	2532.595034
724.779518	2535.629808
725.111574	2534.906403
725.443582	2533.905734
725.775542	2534.447658
726.107453	2530.296268
726.439315	2533.860363
726.771129	2536.756506
727.102895	2532.582431
727.434612	2536.713657
727.766281	2535.062679
728.097901	2534.246012
728.429473	2526.475073
728.760996	2535.841537
729.092471	2527.758047
729.423897	2535.627288
729.755276	2533.323481
730.086606	2536.350693
730.417887	2533.434386
730.749120	2534.228368
731.080305	2532.214427
731.411442	2531.735517
731.742530	2532.680733
732.073570	2534.467822
732.404562	2536.038142
732.735506	2535.433203
733.066401	2533.298275
733.397249	2535.097967
733.728048	2533.215096
734.058798	2534.172915
734.389501	2531.024714
734.720156	2531.294416
735.050762	2534.137627
735.381320	2531.773326
735.711831	2534.011598
736.042293	2535.158461
736.372707	2536.864891
736.703073	2533.247863
737.033391	2534.034283
737.363661	2535.712987
737.693883	2533.260466
738.024056	2536.504449
738.354182	2530.404653
738.684260	2532.736186
739.014290	2531.037317
739.344272	2536.012936
739.674207	2535.551671
740.004093	2538.170550
740.333931	2534.475384
740.663722	2532.148892
740.993464	2534.097298
741.323159	2536.368337
741.652806	2533.174767
741.982405	2532.922709
742.311956	2532.806762
742.641460	2534.987061
742.970915	2533.814993
743.300323	2532.673172
743.629683	2532.111083
743.958996	2532.884900
744.288260	2533.104190
744.617477	2533.706608
744.946647	2528.569672
745.275768	2532.655528
745.604842	2532.872297
745.933869	2531.027235
746.262847	2530.611340
746.591778	2533.126876
746.920662	2536.549819
747.249498	2533.452030
747.578286	2533.129396
747.907027	2535.715508
748.235720	2531.344828
748.564365	2535.097967
748.892963	2533.031094
749.221514	2533.270548
749.550017	2531.438089
749.878473	2533.434386
750.206881	2533.673841
750.535242	2534.422452
750.863555	2533.399098
751.191821	2534.024201
751.520039	2532.542102
751.848210	2532.844571
752.176334	2533.522606
752.504411	2534.924047
752.832440	2532.032945
753.160421	2532.733666
753.488356	2535.183666
753.816243	2536.368337
754.144082	2533.565456
754.471875	2534.069571
754.799620	2533.872966
755.127318	2531.569159
755.454969	2532.892462
755.782572	2535.511341
756.110129	2533.661238
756.437638	2532.559746
756.765100	2530.432379
757.092515	2532.645445
757.419882	2530.276103
757.747203	2535.367668
758.074477	2534.551002
758.401703	2533.026053
758.728882	2535.881866
759.056014	2534.248532
759.383099	2534.891279
759.710138	2534.951773
760.037129	2536.360776
760.364073	2535.733152
760.690970	2534.654345
761.017820	2532.368182
761.344623	2533.825075
761.671379	2531.753161
761.998088	2528.350382
762.324751	2529.585465
762.651366	2528.912471
762.977935	2527.967255
763.304456	2529.358613
763.630931	2531.364992
763.957359	2532.627801
764.283740	2532.269879
764.610074	2534.107380
764.936362	2532.837009
765.262602	2533.739376
765.588796	2533.061341
765.914943	2532.968079
766.241044	2533.356248
766.567097	2533.099149
766.893104	2532.794159
767.219064	2534.863553
767.544978	2532.126207
767.870845	2533.381454
768.196665	2530.276103
768.522438	2533.878007
768.848165	2535.420601
769.173846	2533.336083
769.499479	2530.417255
769.825066	2530.752492
770.150607	2534.803059
770.476101	2533.104190
770.801548	2535.637370
771.126949	2534.004036
771.452303	2531.453212
771.777611	2535.609644
772.102872	2534.119983
772.428087	2535.682741
772.753256	2533.898172
773.078378	2530.870959
773.403453	2534.717360
773.728482	2535.183666
774.053465	2535.229037
774.378401	2531.097811
774.703291	2533.522606
775.028135	2533.570497
775.352932	2533.099149
775.677683	2533.257946
776.002388	2535.118131
776.327046	2536.446475
776.651658	2532.511855
776.976224	2531.314581
777.300743	2536.133924
777.625216	2531.163346
777.949643	2532.196783
778.274024	2532.330373
778.598359	2530.329035
778.922647	2530.878521
779.246889	2528.637728
779.571086	2527.926925
779.895236	2530.666792
780.219339	2534.614016
780.543397	2535.133255
780.867409	2532.504293
781.191374	2531.775846
781.515294	2529.988757
781.839167	2531.775846
782.162995	2532.847092
782.486776	2534.651825
782.810511	2533.943543
783.134201	2529.928263
783.457844	2534.218285
783.781441	2532.847092
784.104993	2530.833151
784.428498	2531.662420
784.751958	2530.939015
785.075372	2534.021680
785.398739	2531.881711
785.722061	2531.175949
786.045337	2532.012781
786.368568	2532.884900
786.691752	2528.378109
787.014891	2534.656866
787.337983	2533.575538
787.661030	2530.944056
787.984031	2534.931609
788.306987	2533.255425
788.629897	2532.703419
788.952760	2533.061341
789.275579	2534.901362
789.598351	2532.756351
789.921078	2531.168387
790.243759	2532.857174
790.566395	2533.820034
790.888984	2530.439941
791.211529	2532.516896
791.534027	2533.230219
791.856480	2530.707122
792.178888	2531.871628
792.501249	2530.807945
792.823566	2530.946577
793.145836	2534.387164
793.468062	2530.906247
793.790241	2531.969931
794.112375	2532.960517
794.434464	2535.528985
794.756507	2531.138140
795.078505	2530.576052
795.400457	2529.905578
795.722364	2527.594209
796.044226	2529.141843
796.366042	2526.376771
796.687812	2529.739220
797.009538	2528.423479
797.331218	2531.211237
797.652852	2531.995137
797.974442	2531.362472
798.295986	2530.424817
798.617484	2534.913965
798.938938	2534.626619
799.260346	2532.605116
799.581709	2530.061854
799.903026	2531.634694
800.224299	2531.183511
800.545526	2532.274921
800.866708	2531.375075
801.187845	2531.546474
801.508936	2529.595547
801.829983	2532.690816
802.150984	2533.003367
802.471940	2533.671320
802.792851	2530.392050
803.113717	2533.262987
803.434538	2531.974972
803.755314	2530.933974
804.076045	2533.409180
804.396731	2530.578572
804.717372	2532.713501
805.037967	2531.581762
805.358518	2528.199148
805.679024	2531.531350
805.999485	2532.083357
806.319901	2531.145702
806.640272	2531.589324
806.960598	2533.515044
807.280879	2530.029087
807.601115	2531.359951
807.921306	2533.540250
808.241453	2532.887421
808.561554	2530.243336
808.881611	2534.792977
809.201623	2530.719725
809.521590	2532.194262
809.841513	2533.038655
810.161390	2531.584282
810.481223	2532.773995
810.801011	2533.192411
811.120755	2532.554705
811.440453	2532.892462
811.760107	2530.271062
812.079716	2528.579755
812.399281	2530.321473
812.718801	2531.286854
813.038276	2525.852491
813.357707	2532.355579
813.677093	2532.466484
813.996434	2530.729807
814.315731	2531.579241
814.634983	2532.829448
814.954191	2531.042358
815.273354	2531.385157
815.592473	2532.305168
815.911547	2531.861546
816.230577	2529.575383
816.549562	2530.402132
816.868502	2532.363141
817.187399	2530.460105
817.506250	2531.440610
817.825058	2535.395395
818.143821	2528.983047
818.462539	2532.063192
818.781213	2532.617719
819.099843	2531.201155
819.418429	2532.408511
819.736970	2530.530681
820.055466	2531.269210
820.373919	2529.053623
820.692327	2530.477749
821.010691	2529.653521
821.329011	2533.865405
821.647286	2534.777853
821.965517	2532.216947
822.283704	2532.032945
822.601847	2532.751310
822.919945	2531.221319
823.237999	2532.574869
823.556010	2529.310722
823.873976	2530.893644
824.191897	2529.466998
824.509775	2531.249046
824.827609	2531.145702
825.145398	2529.741741
825.463144	2529.784591
825.780845	2530.644107
826.098502	2531.798532
826.416116	2533.343645
826.733685	2529.025897
827.051210	2533.958666
827.368692	2530.757533
827.686129	2532.562266
828.003522	2531.004550
828.320872	2524.965247
828.638177	2529.908099
828.955439	2524.592202
829.272656	2527.102697
829.589830	2526.333921
829.906960	2529.532533
830.224046	2530.323994
830.541088	2533.061341
830.858086	2532.378264
831.175041	2530.470188
831.491952	2532.022863
831.808819	2532.705939
832.125642	2531.614529
832.442421	2531.029756
832.759157	2529.502286
833.075849	2531.652338
833.392497	2531.425486
833.709101	2534.399767
834.025662	2530.752492
834.342179	2532.237112
834.658653	2530.379447
834.975083	2532.897503
835.291469	2536.552340
835.607811	2532.597554
835.924110	2531.612009
836.240366	2533.320960
836.556578	2530.296268
836.872746	2532.363141
837.188871	2530.376926
837.504952	2530.303829
837.820990	2529.950949
838.136984	2529.328366
838.452935	2531.294416
838.768842	2531.571680
839.084706	2531.717873
839.400526	2532.731145
839.716303	2530.409694
840.032037	2531.715353
840.347727	2532.794159
840.663373	2528.630166
840.978977	2531.518748
841.294537	2530.966741
841.610054	2529.729138
841.925527	2532.653007
842.240957	2530.608819
842.556344	2530.961700
842.871687	2531.067564
843.186987	2532.282482
843.502244	2529.900537
843.817458	2532.857174
844.132629	2529.666123
844.447756	2528.302491
844.762840	2527.127903
845.077881	2530.190403
845.392879	2526.154960
845.707833	2528.438603
846.022745	2527.236287
846.337613	2530.492873
846.652438	2530.636546
846.967221	2529.053623
847.281960	2529.093953
847.596656	2532.574869
847.911309	2530.326515
848.225919	2532.663089
848.540485	2529.469518
848.855009	2529.802235
849.169490	2529.217461
849.483928	2530.742410
849.798323	2529.260311
850.112675	2529.938346
850.426984	2531.937163
850.741251	2531.697708
851.055474	2531.884231
851.369654	2529.615712
851.683792	2530.913809
851.997887	2531.808614
852.311938	2530.003881
852.625947	2531.455733
852.939914	2529.293078
853.253837	2531.911958
853.567718	2531.455733
853.881555	2530.888603
854.195350	2530.576052
854.509103	2529.346010
854.822812	2531.438089
855.136479	2532.373223
855.450103	2527.720238
855.763685	2532.554705
856.077224	2532.189221
856.390720	2530.323994
856.704173	2529.739220
857.017584	2528.627646
857.330953	2530.260980
857.644278	2530.807945
857.957561	2530.755013
858.270802	2529.189734
858.584000	2532.093439
858.897155	2530.850795
859.210268	2528.173942
859.523339	2531.044879
859.836367	2530.497914
860.149352	2531.790970
860.462295	2530.608819
860.775195	2528.418438
861.088054	2524.473735
861.400869	2529.134282
861.713642	2526.051616
862.026373	2528.287368
862.339062	2529.482121
862.651708	2530.984385
862.964312	2530.318953
863.276873	2531.120496
863.589392	2529.567821
863.901869	2529.194776
864.214303	2530.540764
864.526696	2529.898017
864.839045	2528.940197
865.151353	2531.629653
865.463619	2529.015815
865.775842	2528.693181
866.088023	2529.693850
866.400162	2529.666123
866.712258	2530.518078
867.024313	2530.974303
867.336325	2530.313912
867.648296	2528.166380
867.960224	2532.209386
868.272110	2531.191073
868.583954	2530.142513
868.895755	2529.910619
869.207515	2528.143695
869.519233	2530.691998
869.830909	2530.467667
870.142542	2532.816845
870.454134	2528.521782
870.765684	2529.318284
871.077191	2531.309540
871.388657	2529.330887
871.700081	2529.255269
872.011463	2530.815507
872.322803	2531.102852
872.634101	2532.201824
872.945357	2528.567152
873.256571	2532.766433
873.567744	2527.810979
873.878874	2531.163346
874.189963	2528.534384
874.501010	2530.117307
874.812015	2528.854498
875.122979	2531.491021
875.433900	2528.390712
875.744780	2530.744930
876.055618	2531.397760
876.366415	2531.591844
876.677169	2533.237781
876.987882	2525.431554
877.298554	2524.466173
877.609183	2526.248221
877.919771	2526.036493
878.230317	2527.742923
878.540822	2532.521937
878.851285	2530.780218
879.161707	2528.887265
879.472087	2528.988088
879.782425	2529.963552
880.092722	2528.788963
880.402977	2530.805424
880.713191	2531.415404
881.023363	2529.935825
881.333494	2529.522451
881.643583	2531.148223
881.953631	2530.717204
882.263637	2527.873993
882.573602	2529.328366
882.883526	2530.616381
883.193408	2529.489683
883.503248	2529.093953
883.813048	2528.922553
884.122806	2529.749302
884.432522	2529.880372
884.742197	2528.189065
885.051831	2531.859025
885.361424	2529.053623
885.670975	2531.087729
885.980485	2528.753675
886.289954	2527.579086
886.599382	2528.909950
886.908768	2529.366175
887.218113	2527.087573
887.527417	2530.361803
887.836680	2527.324507
888.145901	2530.772657
888.455082	2530.311391
888.764221	2532.978162
889.073319	2526.878365
889.382376	2527.775691
889.691392	2530.825589
890.000366	2530.732327
890.309300	2530.192924
890.618193	2530.911288
890.927044	2528.519261
891.235855	2529.590506
891.544625	2528.786442
891.853353	2530.591175
892.162041	2527.856349
892.470687	2529.898017
892.779293	2526.691843
893.087858	2527.480783
893.396381	2525.199661
893.704864	2529.366175
894.013306	2527.107738
894.321707	2530.578572
894.630068	2527.034641
894.938387	2532.005219
895.246665	2531.022194
895.554903	2530.767616
895.863100	2530.802904
896.171256	2532.736186
896.479371	2527.352234
896.787446	2529.124199
897.095480	2527.823582
897.403473	2528.481452
897.711425	2524.246883
898.019336	2530.218130
898.327207	2529.719056
898.635038	2529.383819
898.942827	2529.651000
899.250576	2526.462470
899.558284	2527.339631
899.865952	2528.892306
900.173579	2531.551515
900.481165	2528.216792
900.788711	2529.570342
901.096216	2529.509848
901.403681	2527.868952
901.711105	2527.329549
902.018489	2529.005732
902.325832	2533.741896
902.633135	2530.394570
902.940397	2527.846267
903.247619	2527.984899
903.554800	2529.247708
903.861941	2530.117307
904.169041	2528.894827
904.476101	2529.325846
904.783121	2529.499765
905.090100	2527.682429
905.397039	2530.003881
905.703938	2528.065557
906.010796	2528.839374
906.317614	2529.436751
906.624391	2528.236956
906.931129	2528.897348
907.237826	2529.771988
907.544483	2529.466998
907.851099	2528.577234
908.157675	2528.788963
908.464211	2530.495393
908.770707	2522.472397
909.077163	2527.054806
909.383578	2524.811492
909.689954	2526.333921
909.996289	2524.680422
910.302584	2529.814837
910.608839	2526.114631
910.915054	2530.737369
911.221229	2525.020700
911.527363	2530.298788
911.833458	2528.085722
912.139513	2526.427182
912.445527	2528.675537
912.751502	2526.336441
913.057436	2529.658562
913.363331	2530.749972
913.669186	2527.203520
913.975000	2530.278624
914.280775	2527.987419
914.586510	2530.666793
914.892205	2528.975485
915.197859	2528.375588
915.503475	2530.593696
915.809050	2528.133613
916.114585	2529.149405
916.420081	2527.266534
916.725536	2525.451719
917.030952	2529.209899
917.336328	2528.151257
917.641665	2529.638397
917.946961	2526.712007
918.252218	2526.354085
918.557435	2528.340300
918.862612	2527.200999
919.167750	2526.545649
919.472848	2526.293592
919.777906	2527.584127
920.082925	2528.751154
920.387904	2527.760567
920.692843	2528.209230
920.997743	2528.446164
921.302603	2526.767460
921.607423	2527.495907
921.912204	2530.321473
922.216946	2527.359796
922.521647	2528.768798
922.826310	2527.768129
923.130932	2529.303160
923.435516	2528.794004
923.740059	2528.274765
924.044564	2529.058664
924.349028	2527.500948
924.653454	2524.632531
924.957840	2526.371729
925.262186	2524.698066
925.566493	2528.143695
925.870761	2525.275278
926.174989	2530.064375
926.479178	2526.439785
926.783328	2529.638397
927.087438	2527.216123
927.391509	2527.760567
927.695541	2526.775022
927.999533	2529.378778
928.303486	2528.478932
928.607400	2527.639580
928.911275	2527.964734
929.215110	2528.635208
929.518906	2527.022038
929.822663	2528.821730
930.126381	2528.269724
930.430060	2525.580268
930.733699	2529.446833
931.037299	2530.480270
931.340861	2527.526154
931.644383	2526.570855
931.947866	2527.206040
932.251309	2530.349200
932.554714	2527.344672
932.858080	2529.371216
933.161407	2526.913653
933.464694	2527.369878
933.767943	2526.832995
934.071153	2526.258303
934.374323	2529.519930
934.677455	2525.774353
934.980548	2530.480270
935.283602	2529.572862
935.586617	2528.468849
935.889593	2529.625794
936.192530	2528.312574
936.495428	2527.458098
936.798287	2524.698066
937.101108	2526.328880
937.403890	2526.701925
937.706632	2530.006401
938.009336	2528.975485
938.312002	2529.537574
938.614628	2528.746113
938.917216	2530.432379
939.219765	2529.910619
939.522275	2527.228726
939.824747	2530.923891
940.127179	2525.320649
940.429573	2527.269055
940.731929	2524.020031
941.034246	2524.506502
941.336524	2524.781245
941.638763	2526.522964
941.940964	2527.994981
942.243126	2529.819879
942.545250	2527.243849
942.847335	2525.260155
943.149381	2525.671009
943.451389	2525.610515
943.753359	2528.504138
944.055290	2527.422810
944.357182	2528.794004
944.659036	2532.191742
944.960851	2527.863911
945.262628	2528.163860
945.564367	2529.454395
945.866067	2525.774353
946.167729	2529.968593
946.469352	2530.560928
946.770937	2529.719056
947.072484	2526.248221
947.373992	2527.022038
947.675462	2525.449198
947.976893	2527.485824
948.278286	2528.277286
948.579641	2524.549352
948.880958	2529.149405
949.182236	2528.592358
949.483476	2526.517923
949.784678	2526.959024
950.085841	2525.940711
950.386967	2529.587986
950.688054	2526.280989
950.989103	2528.857018
951.290114	2527.294261
951.591087	2531.165867
951.892021	2527.105217
952.192917	2525.809641
952.493776	2526.840557
952.794596	2528.794004
953.095378	2527.137985
953.396122	2530.989426
953.696828	2528.451205
953.997496	2528.128572
954.298126	2528.113448
954.598718	2530.394570
954.899272	2531.042358
955.199788	2527.193437
955.500266	2528.294930
955.800706	2523.825947
956.101108	2522.958868
956.401472	2525.378622
956.701798	2522.225380
957.002087	2524.554393
957.302337	2527.979858
957.602550	2527.788294
957.902724	2527.684950
958.202861	2529.550177
958.502960	2529.945907
958.803022	2528.287368
959.103045	2529.192255
959.403031	2529.429189
959.702979	2526.039013
960.002889	2530.795342
960.302762	2526.832995
960.602596	2527.853829
960.902393	2527.440454
961.202153	2527.798376
961.501875	2525.144208
961.801559	2526.931297
962.101205	2526.890968
962.400814	2526.850639
962.700385	2525.431554
962.999918	2527.158149
963.299414	2526.583458
963.598873	2528.262162
963.898293	2525.880217
964.197677	2528.781401
964.497022	2526.691843
964.796331	2525.847449
965.095601	2527.090094
965.394835	2529.724097
965.694030	2527.679909
965.993189	2527.485824
966.292309	2527.533715
966.591393	2526.923736
966.890439	2526.419620
967.189447	2527.039682
967.488419	2524.007428
967.787353	2526.921215
968.086249	2529.572862
968.385108	2528.360465
968.683930	2526.959024
968.982714	2526.240659
969.281462	2529.512368
969.580172	2525.043385
969.878844	2527.296781
970.177480	2525.701256
970.476078	2528.100845
970.774639	2529.197296
971.073162	2526.664116
971.371649	2525.786956
971.670098	2522.454753
971.968510	2524.703107
972.266885	2523.362161
972.565223	2528.741072
972.863524	2527.873993
973.161788	2530.165198
973.460014	2525.227388
973.758204	2525.885258
974.056356	2527.470701
974.354471	2528.292409
974.652550	2527.006915
974.950591	2524.612367
975.248595	2529.996319
975.546563	2525.562624
975.844493	2527.753006
976.142386	2529.439272
976.440243	2527.374919
976.738062	2527.972296
977.035845	2525.348375
977.333590	2528.068078
977.631299	2526.127233
977.928971	2524.509023
978.226606	2527.899199
978.524204	2526.717048
978.821765	2526.414579
979.119290	2527.805938
979.416777	2526.737213
979.714228	2525.171935
980.011642	2524.297295
980.309020	2532.053110
980.606360	2524.531708
980.903664	2527.851308
981.200931	2528.433561
981.498162	2526.696884
981.795356	2526.349044
982.092513	2524.839219
982.389633	2523.379805
982.686717	2527.541277
982.983764	2528.554549
983.280775	2528.247039
983.577749	2527.879034
983.874686	2526.754857
984.171587	2527.362316
984.468451	2526.754857
984.765279	2526.089425
985.062070	2529.988757
985.358824	2527.700073
985.655543	2529.794673
985.952224	2526.081863
986.248869	2528.196627
986.545478	2519.367046
986.842050	2526.754857
987.138586	2523.026924
987.435086	2524.705628
987.731549	2522.618590
988.027975	2528.615043
988.324366	2526.359127
988.620719	2526.207892
988.917037	2523.894002
989.213318	2526.437264
989.509563	2526.303674
989.805772	2526.971627
990.101944	2526.510361
990.398080	2526.399456
990.694180	2527.662265
990.990244	2524.186389
991.286271	2526.429703
991.582262	2527.528674
991.878217	2527.440454
992.174136	2523.611698
992.470019	2524.907274
992.765865	2526.134795
993.061676	2527.203520
993.357450	2527.309384
993.653188	2526.497758
993.948890	2529.837523
994.244556	2526.457429
994.540186	2526.280989
994.835780	2528.178983
995.131337	2525.940711
995.426859	2524.869466
995.722345	2524.970289
996.017795	2523.344517
996.313208	2525.187058
996.608586	2524.314939
996.903928	2527.039682
997.199234	2526.122192
997.494504	2526.691843
997.789738	2524.861904
998.084936	2525.544980
998.380099	2524.007428
998.675225	2525.960875
998.970316	2527.080012
999.265371	2525.739065
999.560390	2526.588499
999.855373	2527.979858
1000.150320	2524.811492
1000.445232	2527.264014
1000.740108	2527.488345
1001.034948	2527.397604
1001.329752	2524.740916
1001.624521	2525.751668
1001.919254	2520.738240
1002.213951	2523.730165
1002.508613	2521.126409
1002.803239	2524.811492
1003.097829	2521.055833
1003.392384	2525.648324
1003.686903	2524.854342
1003.981386	2526.356606
1004.275834	2525.391225
1004.570246	2527.385001
1004.864623	2524.884589
1005.158964	2526.686802
1005.453270	2527.667306
1005.747540	2523.720082
1006.041775	2528.801566
1006.335974	2527.838705
1006.630138	2526.112110
1006.924266	2529.101514
1007.218359	2524.693025
1007.512416	2528.637728
1007.806438	2525.061029
1008.100425	2526.664116
1008.394376	2525.678571
1008.688292	2525.257634
1008.982172	2527.460619
1009.276017	2524.352747
1009.569827	2529.663603
1009.863602	2526.601102
1010.157341	2524.546832
1010.451045	2524.395597
1010.744714	2523.616739
1011.038347	2525.960875
1011.331945	2526.717048
1011.625508	2526.172604
1011.919036	2524.957686
1012.212528	2527.316946
1012.505986	2524.798889
1012.799408	2530.079498
1013.092795	2524.456091
1013.386147	2525.691174
1013.679464	2527.483304
1013.972745	2528.612522
1014.265992	2527.984899
1014.559204	2528.113448
1014.852380	2525.512213
1015.145521	2527.488345
1015.438628	2525.013138
1015.731699	2526.984230
1016.024736	2524.267048
1016.317737	2527.485824
1016.610703	2526.528005
1016.903635	2522.674043
1017.196531	2522.331245
1017.489393	2524.733354
1017.782219	2522.258148
1018.075011	2522.210257
1018.367768	2523.833508
1018.660490	2525.713859
1018.953177	2525.713859
1019.245829	2525.713859
