Dividing Wavelength (nm)	Counts (n)	Blue Motor Position (mm): 0.000000	Red Motor Position (mm): 37.500000	
326.493990	2141.083903
326.888308	2141.083903
327.282561	2141.083903
327.676750	2114.055756
328.070874	2118.509616
328.464933	2122.943311
328.858929	2129.917747
329.252859	2142.921403
329.646726	2156.678712
330.040528	2169.947029
330.434265	2190.903106
330.827938	2210.288863
331.221547	2227.834599
331.615091	2249.370408
332.008571	2269.441762
332.401986	2289.114865
332.795338	2310.857361
333.188625	2328.231698
333.581847	2348.648371
333.975006	2365.737883
334.368100	2386.303270
334.761129	2403.216341
335.154095	2421.591347
335.546996	2439.658842
335.939833	2454.678960
336.332606	2472.038173
336.725315	2485.077118
337.117960	2495.419045
337.510540	2500.540857
337.903056	2509.529234
338.295508	2515.656757
338.687896	2522.237983
339.080220	2531.637215
339.472480	2537.159799
339.864676	2539.375386
340.256807	2542.722712
340.648875	2545.031560
341.040879	2549.790410
341.432818	2548.303269
341.824694	2549.003990
342.216506	2547.403423
342.608253	2548.330996
342.999937	2549.435008
343.391557	2548.648588
343.783113	2546.243958
344.174605	2542.475695
344.566033	2540.910417
344.957397	2542.677342
345.348697	2538.616692
345.739934	2538.616692
346.131106	2535.564273
346.522215	2532.768954
346.913260	2531.029756
347.304241	2530.255938
347.695159	2528.065557
348.086012	2528.932636
348.476802	2527.516071
348.867528	2524.912315
349.258191	2523.780576
349.648789	2524.362830
350.039324	2520.859228
350.429796	2521.554907
350.820203	2520.271933
351.210548	2519.127591
351.600828	2520.660102
351.991045	2519.901408
352.381198	2520.103055
352.771288	2518.633558
353.161314	2518.933507
353.551276	2516.642302
353.941175	2519.692201
354.331010	2517.839577
354.720782	2515.813033
355.110490	2520.259330
355.500135	2517.199350
355.889717	2520.113137
356.279235	2519.634227
356.668689	2521.449043
357.058080	2517.509381
357.447408	2518.734381
357.836672	2516.357477
358.225873	2518.290760
358.615010	2518.318486
359.004084	2518.815040
359.393095	2525.560104
359.782043	2522.943745
360.170927	2524.632531
360.559748	2522.550535
360.948505	2524.471214
361.337199	2525.940711
361.725830	2526.928777
362.114398	2524.188910
362.502903	2525.108920
362.891344	2524.443488
363.279722	2528.267203
363.668037	2526.396935
364.056289	2525.446678
364.444478	2529.882893
364.832603	2529.207378
365.220665	2531.269210
365.608665	2530.253418
365.996601	2531.130579
366.384474	2531.420445
366.772284	2532.171577
367.160031	2530.344159
367.547715	2531.700229
367.935336	2531.435568
368.322893	2532.103521
368.710388	2532.917668
369.097820	2534.223327
369.485189	2533.411701
369.872495	2532.955476
370.259738	2533.731814
370.646918	2533.018491
371.034035	2538.962011
371.421090	2533.739376
371.808081	2534.762730
372.195010	2537.028729
372.581875	2536.149047
372.968678	2538.969573
373.355418	2537.875643
373.742096	2539.340098
374.128710	2538.798174
374.515262	2542.689944
374.901751	2542.591642
375.288177	2541.969059
375.674540	2542.919317
376.060841	2547.156407
376.447079	2546.054915
376.833254	2549.770245
377.219367	2548.285625
377.605417	2551.675801
377.991404	2551.915256
378.377329	2553.558672
378.763191	2557.742830
379.148991	2562.005125
379.534727	2569.619788
379.920402	2572.286559
380.306013	2576.372414
380.691563	2581.521953
381.077049	2586.379104
381.462474	2583.987077
381.847835	2593.961000
382.233134	2598.054417
382.618371	2604.355859
383.003545	2611.957919
383.388657	2617.699793
383.773706	2622.156173
384.158693	2626.761267
384.543618	2635.114459
384.928480	2641.683082
385.313280	2648.239103
385.698017	2657.605567
386.082692	2666.997237
386.467305	2671.622495
386.851856	2680.870492
387.236344	2692.976823
387.620770	2697.579396
388.005133	2706.761858
388.389435	2718.699310
388.773674	2722.626369
389.157851	2733.631208
389.541965	2744.522621
389.926018	2746.468506
390.310008	2759.550301
390.693936	2771.344080
391.077802	2777.713578
391.461606	2787.596760
391.845348	2796.287709
392.229027	2805.402115
392.612645	2818.904846
392.996200	2829.576969
393.379694	2842.114318
393.763125	2858.392204
394.146494	2867.849409
394.529801	2878.380379
394.913047	2892.656927
395.296230	2898.996178
395.679351	2902.225037
396.062410	2918.893612
396.445408	2917.068714
396.828343	2929.114551
397.211217	2937.064451
397.594028	2928.512133
397.976778	2944.727005
398.359466	2958.822071
398.742092	2954.844601
399.124656	2969.090901
399.507158	2981.434167
399.889598	2988.605208
400.271977	3002.697753
400.654294	3011.552540
401.036549	3018.786596
401.418742	3027.170035
401.800874	3052.703479
402.182944	3056.754046
402.564952	3085.458376
402.946898	3074.030080
403.328783	3084.404775
403.710606	3101.975717
404.092367	3125.822895
404.474067	3150.159065
404.855705	3139.066006
405.237282	3142.882160
405.618797	3169.875018
406.000250	3194.795962
406.381642	3227.427351
406.762972	3229.942887
407.144240	3216.873695
407.525447	3240.947725
407.906593	3241.232551
408.287677	3263.824482
408.668700	3282.141514
409.049661	3276.288734
409.430560	3296.350006
409.811399	3299.306643
410.192176	3320.038388
410.572891	3330.697908
410.953545	3364.382898
411.334138	3336.606140
411.714669	3386.712689
412.095139	3332.346365
412.475547	3381.994169
412.855894	3371.057386
413.236180	3401.168198
413.616405	3387.307545
413.996568	3408.369486
414.376670	3409.811256
414.756711	3404.961666
415.136691	3432.085594
415.516609	3453.056794
415.896466	3463.141622
416.276262	3486.943430
416.655997	3518.551465
417.035670	3523.779141
417.415283	3594.196499
417.794834	3615.898666
418.174324	3596.112137
418.553753	3596.195316
418.933121	3642.639467
419.312428	3631.102786
419.691674	3629.078763
420.070859	3664.659227
420.449983	3646.624499
420.829045	3693.338351
421.208047	3681.093388
421.586988	3724.601067
421.965867	3755.553751
422.344686	3760.975512
422.723444	3802.968324
423.102141	3705.106925
423.480777	3809.234478
423.859352	3777.253398
424.237866	3875.296278
424.616319	3859.290615
424.994712	3918.372938
425.373044	3909.220723
425.751314	3972.860249
426.129524	3907.536978
426.507673	4008.909541
426.885762	3981.672186
427.263789	4008.234026
427.641756	4013.227289
428.019662	4038.201165
428.397508	4040.323491
428.775292	4079.790684
429.153016	4090.059515
429.530679	4098.987398
429.908282	4108.908389
430.285824	4084.647836
430.663305	4160.439063
431.040726	4119.446921
431.418086	4110.849233
431.795385	4184.480326
432.172624	4218.533320
432.549802	4182.872198
432.926920	4199.288716
433.303977	4195.719579
433.680974	4237.314139
434.057910	4261.799023
434.434786	4264.516205
434.811601	4260.768107
435.188355	4366.637379
435.565050	4334.696628
435.941683	4333.877441
436.318257	4422.647119
436.694770	4426.740536
437.071222	4484.897807
437.447614	4421.258281
437.823946	4423.521759
438.200218	4438.120941
438.576429	4423.514197
438.952580	4446.378351
439.328670	4450.605358
439.704700	4493.046833
440.080670	4460.775886
440.456580	4521.645298
440.832429	4554.954722
441.208218	4458.288077
441.583947	4509.889327
441.959616	4523.177809
442.335224	4549.495153
442.710773	4573.990119
443.086261	4624.121874
443.461689	4580.581428
443.837057	4589.322789
444.212365	4664.042771
444.587612	4668.110982
444.962800	4637.909429
445.337927	4676.615409
445.712995	4566.647679
446.088002	4757.500722
446.462949	4781.070637
446.837837	4793.328202
447.212664	4783.560967
447.587431	5004.819730
447.962139	5304.539011
448.336786	5638.374301
448.711374	5631.598990
449.085901	5281.906751
449.460369	5211.431420
449.834776	5147.340711
450.209124	5380.572214
450.583412	5391.854316
450.957640	5514.903841
451.331808	5374.101893
451.705917	5225.944902
452.079965	5216.512903
452.453954	5250.674282
452.827883	5221.612030
453.201752	5228.639399
453.575562	5261.452269
453.949311	5394.110233
454.323001	5398.012086
454.696632	5398.044853
455.070202	5548.177977
455.443713	5569.207150
455.817164	5664.338764
456.190556	5739.517491
456.563888	5716.113935
456.937160	5791.390964
457.310373	5637.227439
457.683526	5694.046284
458.056619	5682.272669
458.429653	5663.050749
458.802628	5707.196133
459.175542	5740.339199
459.548398	5879.132247
459.921194	6066.413633
460.293930	6129.055011
460.666607	6376.207660
461.039224	6589.879487
461.411782	6715.918415
461.784280	6637.112578
462.156719	6641.689945
462.529099	6603.800633
462.901419	6458.325536
463.273680	6330.620506
463.645882	6316.780018
464.018024	6321.702705
464.390106	6383.484566
464.762130	6642.695656
465.134094	7022.629777
465.505999	7655.007239
465.877845	8361.406483
466.249631	8715.532417
466.621358	8646.987849
466.993026	8452.923590
467.364634	8238.689675
467.736184	7958.078887
468.107674	7799.642984
468.479105	7721.119451
468.850477	7650.790314
469.221790	7477.596432
469.593043	7263.695233
469.964238	7163.484657
470.335373	7130.069368
470.706449	7286.617360
471.077467	7466.621840
471.448425	8116.323227
471.819324	8704.809883
472.190164	8755.251669
472.560945	8268.124972
472.931667	7800.177346
473.302330	7606.662573
473.672934	7486.151270
474.043479	7563.374185
474.413965	7462.568752
474.784393	7416.537977
475.154761	7568.112870
475.525070	7586.835715
475.895321	7528.454113
476.265513	7628.851212
476.635645	7792.756768
477.005719	7781.731764
477.375734	7869.727625
477.745691	7977.363822
478.115588	8178.886467
478.485427	8410.252743
478.855207	8877.487047
479.224928	9314.663470
479.594591	9695.396614
479.964194	9707.724756
480.333739	9795.697932
480.703226	9796.285226
481.072653	9888.906346
481.442022	10005.528399
481.811333	10158.872737
482.180584	10004.724335
482.549777	9945.941960
482.918912	9876.220282
483.287988	9870.543943
483.657005	9778.494994
484.025964	9695.522643
484.394864	9755.981201
484.763706	9713.753976
485.132489	9621.319379
485.501213	9619.691086
485.869879	9673.943984
486.238487	9615.892577
486.607036	9684.326240
486.975527	9633.372778
487.343959	9687.484523
487.712333	9736.451771
488.080648	9770.845043
488.448905	9875.693481
488.817104	9884.346622
489.185244	10052.733763
489.553326	10251.864381
489.921350	10719.078520
490.289315	11347.367606
490.657222	11640.417441
491.025070	11814.201137
491.392861	11733.593087
491.760593	11583.099522
492.128267	11328.105357
492.495883	11088.615261
492.863440	10854.811587
493.230939	10628.922524
493.598380	10452.119177
493.965763	10429.209653
494.333088	10295.566144
494.700354	10221.199043
495.067563	10197.155259
495.434713	10202.703049
495.801805	10244.002702
496.168839	10208.386950
496.535815	10171.558801
496.902733	10214.433814
497.269593	10178.671869
497.636395	10181.875522
498.003139	10288.503487
498.369825	10212.732425
498.736453	10309.772116
499.103023	10252.469320
499.469535	10253.442263
499.835989	10304.506630
500.202385	10278.446386
500.568723	10296.075301
500.935003	10355.182829
501.301226	10326.954888
501.667390	10492.718109
502.033497	10597.349778
502.399546	10522.980156
502.765537	10432.153687
503.131470	10530.935097
503.497345	10623.591504
503.863163	10399.827288
504.228923	10531.671105
504.594625	10648.797273
504.960269	10551.762624
505.325856	10703.657630
505.691385	10579.488970
506.056856	10642.445420
506.422270	10739.555687
506.787625	10679.147540
507.152924	10739.306150
507.518164	10797.891919
507.883347	10671.656386
508.248472	10732.177958
508.613540	10848.941163
508.978550	10929.128277
509.343503	10903.998125
509.708398	10949.045876
510.073236	11080.970352
510.438016	11096.734040
510.802738	11002.484627
511.167403	11131.460028
511.532010	11187.540344
511.896561	11285.573142
512.261053	11487.574697
512.625488	11396.894422
512.989866	11388.112732
513.354186	11359.758762
513.718449	11377.039837
514.082655	11507.988850
514.446803	11474.029117
514.810894	11576.369581
515.174927	11576.188100
515.538904	11558.846530
515.902822	11714.214892
516.266684	11584.742938
516.630488	11682.024604
516.994235	11678.553770
517.357925	11791.180708
517.721558	11850.741941
518.085133	11913.227043
518.448651	11946.786004
518.812112	11903.774879
519.175516	11920.622416
519.538863	11999.156031
519.902152	12008.025941
520.265385	12114.863114
520.628560	12129.994138
520.991678	12077.503123
521.354739	12134.871454
521.717743	12207.262423
522.080690	12182.238136
522.443580	12312.178917
522.806413	12324.171822
523.169189	12311.447950
523.531908	12367.508101
523.894569	12333.918893
524.257174	12345.947086
524.619722	12451.057664
524.982213	12422.839806
525.344647	12421.284610
525.707025	12423.958942
526.069345	12528.353676
526.431608	12511.468332
526.793815	12595.469078
527.155964	12493.068120
527.518057	12518.483097
527.880093	12472.258237
528.242072	12582.861152
528.603995	12508.368022
528.965860	12517.860515
529.327669	12551.001060
529.689421	12498.817556
530.051117	12514.845905
530.412755	12546.832026
530.774337	12557.816700
531.135862	12515.097962
531.497331	12572.685583
531.858743	12535.255016
532.220098	12623.843213
532.581396	12541.440512
532.942638	12462.901855
533.303824	12530.702854
533.664953	12509.978671
534.026025	12462.591824
534.387040	12564.680231
534.747999	12535.686035
535.108902	12574.631469
535.469748	12465.591311
535.830537	12485.768529
536.191270	12526.677493
536.551947	12457.414559
536.912567	12510.691994
537.273131	12545.702807
537.633638	12427.102101
537.994089	12485.576965
538.354483	12406.919842
538.714821	12512.605112
539.075103	12605.248917
539.435328	12531.257381
539.795497	12514.530833
540.155609	12509.293074
540.515665	12607.396448
540.875665	12466.458389
541.235609	12556.400136
541.595496	12517.179959
541.955328	12684.251359
542.315102	12542.552086
542.674821	12467.885036
543.034483	12477.712765
543.394090	12485.455978
543.753640	12449.028600
544.113134	12691.460209
544.472571	12458.959673
544.831953	12730.566960
545.191278	12550.244887
545.550548	12484.825833
545.909761	12590.594282
546.268918	12628.029891
546.628019	12682.857480
546.987064	12581.570617
547.346053	12429.032863
547.704986	12618.441616
548.063863	12499.543482
548.422684	12546.683312
548.781449	12500.856703
549.140158	12595.224582
549.498811	12545.067622
549.857408	12418.615319
550.215949	12610.048095
550.574434	12574.505440
550.932864	12512.695853
551.291237	12692.939788
551.649555	12585.122110
552.007817	12649.245587
552.366022	12564.566805
552.724173	12593.170312
553.082267	12673.085203
553.440305	12752.722831
553.798288	12582.185638
554.156215	12644.706028
554.514086	12679.414372
554.871902	12632.314872
555.229661	12639.410296
555.587365	12584.408787
555.945014	12587.970362
556.302606	12565.509501
556.660143	12626.104170
557.017625	12648.350782
557.375050	12606.113474
557.732421	12685.231863
558.089735	12677.561748
558.446994	12643.110503
558.804197	12753.027821
559.161345	12727.320457
559.518437	12550.597768
559.875474	12623.961680
560.232455	12653.180207
560.589381	12693.174201
560.946251	12617.297274
561.303065	12778.503292
561.659825	12718.306874
562.016528	12624.155764
562.373177	12556.677399
562.729770	12667.164368
563.086307	12541.495964
563.442789	12639.125470
563.799216	12665.190756
564.155587	12593.727359
564.511904	12594.531423
564.868164	12600.190119
565.224370	12651.655258
565.580520	12581.227818
565.936615	12634.439718
566.292654	12552.599106
566.648638	12615.621091
567.004567	12597.588883
567.360441	12576.012745
567.716260	12529.593800
568.072023	12599.179367
568.427732	12567.750294
568.783385	12449.285699
569.138982	12540.515460
569.494525	12526.105322
569.850013	12453.568159
570.205445	12433.053183
570.560823	12431.192998
570.916145	12363.142462
571.271412	12363.480219
571.626625	12301.103502
571.981782	12280.780090
572.336884	12214.962786
572.691931	12270.118050
573.046923	12154.121100
573.401860	12119.972324
573.756743	12088.777664
574.111570	12088.714649
574.466342	12052.372971
574.821059	12085.309350
575.175722	11948.353803
575.530330	11947.776591
575.884882	11868.859848
576.239380	11843.575941
576.593823	11796.695731
576.948211	11778.928184
577.302544	11663.405102
577.656823	11638.721093
578.011047	11668.668067
578.365216	11590.855337
578.719330	11519.785150
579.073389	11465.156686
579.427394	11451.391816
579.781344	11413.172308
580.135239	11327.840697
580.489080	11314.952987
580.842866	11187.989007
581.196597	11238.960113
581.550273	11207.478107
581.903895	11147.808490
582.257463	11206.875689
582.610975	11052.850795
582.964434	11074.300905
583.317837	10985.730353
583.671186	10918.924982
584.024481	10931.563154
584.377721	10803.689246
584.730906	10834.410038
585.084037	10816.405557
585.437113	10715.063241
585.790135	10710.440503
586.143103	10600.041754
586.496016	10582.737993
586.848874	10561.605477
587.201679	10531.666064
587.554428	10395.290249
587.907124	10399.446681
588.259765	10319.075565
588.612352	10334.803965
588.964884	10193.253406
589.317362	10204.447288
589.669786	10167.767853
590.022155	10095.936452
590.374470	10134.907092
590.726731	10017.203711
591.078937	9884.265963
591.431090	9879.696158
591.783188	9798.190782
592.135232	9698.519609
592.487222	9716.597187
592.839157	9682.284573
593.191038	9606.758006
593.542866	9531.352427
593.894639	9391.248679
594.246358	9397.895440
594.598022	9366.040389
594.949633	9273.285679
595.301190	9228.999143
595.652692	9155.662957
596.004141	9187.442391
596.355535	9000.649997
596.706876	8951.319786
597.058162	8897.654182
597.409395	8924.831043
597.760573	8913.291842
598.111698	8805.617837
598.462768	8767.484028
598.813785	8740.092919
599.164748	8614.023744
599.515657	8629.653841
599.866511	8510.712857
600.217312	8558.666833
600.568060	8365.578038
600.918753	8438.289121
601.269392	8399.396619
601.619978	8300.461454
601.970510	8293.587841
602.320988	8285.718599
602.671412	8292.990464
603.021783	8205.206331
603.372100	8132.308726
603.722363	8096.594672
604.072572	8063.668375
604.422728	8034.333901
604.772830	7954.580327
605.122878	7920.933145
605.472872	7875.570322
605.822813	7868.298458
606.172701	7808.013820
606.522534	7795.292468
606.872314	7785.437012
607.222041	7706.875671
607.571714	7721.215233
607.921333	7603.259795
608.270899	7595.778722
608.620411	7587.831343
608.969870	7520.988164
609.319276	7470.460679
609.668627	7441.060670
610.017926	7454.802855
610.367171	7431.905934
610.716362	7386.646455
611.065500	7332.587642
611.414585	7310.517470
611.763616	7306.797099
612.112594	7244.485917
612.461518	7228.036632
612.810389	7205.422015
613.159207	7140.862479
613.507971	7099.141889
613.856682	7109.839218
614.205340	7052.218829
614.553945	7091.441527
614.902496	6986.335990
615.250994	6980.619321
615.599439	6939.349915
615.947830	6916.221102
616.296169	6867.493308
616.644454	6836.238155
616.992686	6804.761190
617.340864	6810.067004
617.688990	6720.276493
618.037063	6745.588126
618.385082	6699.113729
618.733048	6680.816861
619.080961	6635.300283
619.428821	6597.345436
619.776628	6563.922586
620.124382	6506.634913
620.472083	6478.490151
620.819731	6448.091994
621.167326	6384.749896
621.514868	6339.868503
621.862357	6254.489001
622.209793	6219.581531
622.557176	6150.212733
622.904506	6088.060348
623.251783	6020.786150
623.599007	5963.657274
623.946179	5910.962093
624.293297	5868.508015
624.640363	5785.681858
624.987376	5745.249283
625.334336	5690.610737
625.681243	5630.459690
626.028097	5584.602834
626.374899	5542.594899
626.721647	5497.068238
627.068343	5452.675837
627.414987	5399.776490
627.761577	5347.293037
628.108115	5331.610007
628.454600	5264.870172
628.801032	5242.789918
629.147412	5210.208940
629.493739	5173.985729
629.840014	5119.745435
630.186236	5106.857725
630.532405	5045.222057
630.878521	5035.031365
631.224585	4991.259026
631.570597	4942.742961
631.916556	4919.868726
632.262462	4888.162389
632.608316	4859.778172
632.954117	4828.195343
633.299866	4794.187719
633.645562	4765.427937
633.991206	4712.256366
634.336797	4659.263757
634.682336	4629.871310
635.027823	4588.329681
635.373257	4552.406419
635.718639	4508.795397
636.063968	4474.200479
636.409245	4419.428342
636.754470	4393.965474
637.099642	4356.633209
637.444762	4308.064213
637.789829	4289.006131
638.134845	4246.826796
638.479808	4222.286459
638.824719	4197.799055
639.169577	4157.532838
639.514383	4128.873879
639.859137	4095.977829
640.203839	4081.451744
640.548489	4047.048390
640.893086	4020.478989
641.237632	3989.145697
641.582125	3976.620950
641.926566	3951.137917
642.270955	3933.723252
642.615292	3912.565529
642.959576	3890.949061
643.303809	3873.489025
643.647990	3861.435626
643.992118	3837.661544
644.336195	3818.908452
644.680219	3803.124599
645.024192	3793.533804
645.368112	3791.111530
645.711981	3772.164353
646.055797	3787.557516
646.399562	3767.433230
646.743274	3784.505098
647.086935	3784.626085
647.430544	3770.556225
647.774101	3762.339144
648.117606	3751.704830
648.461059	3744.450610
648.804460	3718.705437
649.147810	3681.557174
649.491108	3658.249400
649.834354	3629.303094
650.177548	3587.534614
650.520690	3558.633679
650.863781	3541.024929
651.206820	3524.797454
651.549807	3493.436436
651.892742	3469.317036
652.235626	3447.196453
652.578458	3428.219029
652.921238	3403.514855
653.263967	3390.929614
653.606644	3372.584855
653.949269	3359.626569
654.291843	3341.543950
654.634365	3338.476408
654.976836	3315.287101
655.319255	3303.962148
655.661622	3292.264151
656.003938	3275.703961
656.346203	3260.056219
656.688416	3256.600508
657.030577	3239.689957
657.372687	3223.139849
657.714746	3216.815722
658.056753	3208.696944
658.398708	3188.340764
658.740612	3175.584125
659.082465	3171.218485
659.424266	3158.517298
659.766016	3149.367604
660.107715	3144.132366
660.449362	3136.842857
660.790958	3128.250211
661.132503	3118.961885
661.473996	3114.313941
661.815438	3107.026953
662.156829	3099.745006
662.498168	3085.380238
662.839456	3078.274732
663.180693	3073.863722
663.521879	3064.376271
663.863013	3055.526525
664.204097	3046.795247
664.545129	3046.071841
664.886110	3040.632436
665.227040	3036.871735
665.567918	3030.822351
665.908746	3023.941176
666.249522	3022.045702
666.590248	3012.006244
666.930922	3011.383662
667.271545	3002.901920
667.612118	2998.412773
667.952639	2990.369612
668.293109	2981.867706
668.633528	2975.611634
668.973896	2964.319449
669.314213	2958.653192
669.654480	2949.256482
669.994695	2942.453444
670.334859	2934.932043
670.674973	2927.665220
671.015035	2925.232863
671.355047	2918.326482
671.695008	2913.300452
672.034918	2904.561612
672.374777	2904.720408
672.714585	2899.326373
673.054342	2894.781773
673.394049	2889.019734
673.733705	2885.737943
674.073310	2878.839124
674.412864	2876.477343
674.752368	2865.626260
675.091820	2865.313708
675.431223	2852.907429
675.770574	2848.511542
676.109875	2837.383195
676.449125	2831.255673
676.788324	2825.496155
677.127473	2819.582881
677.466571	2812.114412
677.805619	2807.325316
678.144616	2802.982362
678.483562	2801.495221
678.822458	2794.099848
679.161303	2789.298149
679.500098	2787.372429
679.838842	2780.841614
680.177535	2781.507046
680.516179	2778.331119
680.854771	2776.221396
681.193314	2779.210801
681.531805	2783.611728
681.870247	2783.160545
682.208638	2789.872841
682.546978	2794.866104
682.885268	2792.075825
683.223508	2787.001904
683.561697	2782.815226
683.899836	2777.080913
684.237925	2767.167484
684.575963	2767.386774
684.913951	2764.412493
685.251889	2764.178080
685.589776	2762.940477
685.927614	2757.927049
686.265401	2759.580547
686.603137	2756.006369
686.940824	2758.209354
687.278460	2761.034920
687.616046	2762.358223
687.953582	2763.169849
688.291068	2760.745054
688.628504	2766.315529
688.965889	2762.368306
689.303224	2760.442585
689.640510	2756.361771
689.977745	2751.706265
690.314930	2741.482805
690.652065	2736.461816
690.989150	2729.358830
691.326185	2725.053685
691.663170	2714.986501
692.000105	2709.597507
692.336990	2704.760520
692.673825	2701.231712
693.010610	2698.373378
693.347345	2688.580937
693.684030	2684.187571
694.020665	2679.516942
694.357251	2678.798578
694.693786	2676.703978
695.030272	2677.623989
695.366707	2674.216169
695.703093	2669.359017
696.039429	2670.097546
696.375716	2668.086126
696.711952	2666.109993
697.048139	2663.274344
697.384276	2662.913902
697.720363	2665.192503
698.056400	2661.358706
698.392388	2658.770073
698.728326	2658.079435
699.064214	2656.083138
699.400053	2656.163797
699.735842	2653.423930
700.071581	2651.805719
700.407270	2648.544093
700.742910	2648.191212
701.078501	2646.676345
701.414042	2643.870943
701.749533	2642.439256
702.084974	2641.577218
702.420366	2641.617547
702.755709	2639.381796
703.091002	2637.138482
703.426246	2636.437762
703.761440	2634.159160
704.096584	2634.559932
704.431679	2634.091105
704.766725	2633.760909
705.101721	2630.731176
705.436668	2631.023563
705.771565	2629.148253
706.106413	2633.508852
706.441212	2630.390898
706.775961	2630.020373
707.110661	2632.140178
707.445311	2629.871659
707.779913	2629.327214
708.114465	2630.005250
708.448967	2630.763943
708.783421	2630.595065
709.117825	2631.709160
709.452180	2631.671351
709.786485	2633.639922
710.120742	2635.774850
710.454949	2636.173101
710.789107	2634.822072
711.123216	2636.024387
711.457275	2639.399440
711.791286	2638.597896
712.125247	2641.872126
712.459159	2640.432876
712.793023	2646.930924
713.126837	2639.593524
713.460602	2641.342805
713.794318	2640.543782
714.127985	2638.141672
714.461602	2632.382154
714.795171	2634.320477
715.128691	2629.891824
715.462162	2626.756226
715.795584	2627.766977
716.128957	2626.010135
716.462281	2624.374281
716.795556	2623.366050
717.128782	2620.396810
717.461960	2620.611059
717.795088	2617.392283
718.128167	2617.974536
718.461198	2616.542848
718.794180	2616.530245
719.127113	2613.127467
719.459997	2614.140738
719.792833	2611.776437
720.125619	2614.065121
720.458357	2609.371807
720.791046	2611.441201
721.123686	2611.665532
721.456278	2609.129832
721.788821	2608.774430
722.121315	2611.229472
722.453761	2607.357866
722.786158	2608.252671
723.118506	2608.303082
723.450805	2606.266456
723.783056	2607.347784
724.115259	2606.130345
724.447412	2607.917434
724.779518	2607.640171
725.111574	2608.908021
725.443582	2610.669904
725.775542	2605.409460
726.107453	2611.731067
726.439315	2608.971035
726.771129	2616.079062
727.102895	2609.875922
727.434612	2611.211828
727.766281	2613.555965
728.097901	2608.870212
728.429473	2610.390120
728.760996	2609.911210
729.092471	2609.991869
729.423897	2611.567229
729.755276	2613.331633
730.086606	2610.720316
730.417887	2611.904987
730.749120	2612.484719
731.080305	2614.849021
731.411442	2615.733743
731.742530	2614.052518
732.073570	2614.549072
732.404562	2614.070162
732.735506	2618.087962
733.066401	2615.005296
733.397249	2613.858434
733.728048	2612.502363
734.058798	2612.600666
734.389501	2608.388782
734.720156	2610.453134
735.050762	2604.726384
735.381320	2604.444079
735.711831	2604.461723
736.042293	2603.277052
736.372707	2602.977103
736.703073	2602.357041
737.033391	2600.022987
737.363661	2602.760334
737.693883	2600.932915
738.024056	2604.986003
738.354182	2601.371496
738.684260	2603.405601
739.014290	2604.996085
739.344272	2605.038935
739.674207	2601.749582
740.004093	2606.763010
740.333931	2605.270828
740.663722	2607.118411
740.993464	2608.625716
741.323159	2605.031373
741.652806	2605.711929
741.982405	2607.267125
742.311956	2605.348966
742.641460	2602.946856
742.970915	2601.217741
743.300323	2601.928543
743.629683	2602.470467
743.958996	2600.804366
744.288260	2597.527616
744.617477	2598.699684
744.946647	2594.578541
745.275768	2594.931422
745.604842	2595.979982
745.933869	2594.749940
746.262847	2590.679208
746.591778	2597.850250
746.920662	2595.833788
747.249498	2597.608274
747.578286	2597.701536
747.907027	2600.786722
748.235720	2597.265476
748.564365	2601.444592
748.892963	2599.037442
749.221514	2598.324118
749.550017	2598.689602
749.878473	2597.139447
750.206881	2598.361927
750.535242	2598.344283
750.863555	2596.332862
751.191821	2595.261617
751.520039	2594.505444
751.848210	2596.698346
752.176334	2592.620053
752.504411	2598.019128
752.832440	2594.180290
753.160421	2597.565425
753.488356	2596.584920
753.816243	2597.217585
754.144082	2596.042996
754.471875	2596.806731
754.799620	2597.043665
755.127318	2593.444281
755.454969	2594.021493
755.782572	2593.363623
756.110129	2593.623242
756.437638	2595.982502
756.765100	2595.727924
757.092515	2594.008891
757.419882	2592.778849
757.747203	2594.336566
758.074477	2591.934456
758.401703	2594.959148
758.728882	2594.150043
759.056014	2594.896134
759.383099	2593.991247
759.710138	2596.405959
760.037129	2594.392018
760.364073	2595.508634
760.690970	2598.485435
761.017820	2595.858994
761.344623	2595.417893
761.671379	2597.106680
761.998088	2596.569797
762.324751	2596.882348
762.651366	2602.835951
762.977935	2613.026643
763.304456	2618.297170
763.630931	2625.916874
763.957359	2624.742285
764.283740	2621.004269
764.610074	2616.472272
764.936362	2611.136211
765.262602	2605.810232
765.588796	2605.543051
765.914943	2599.939808
766.241044	2599.649942
766.567097	2593.870259
766.893104	2593.741709
767.219064	2592.690629
767.544978	2589.721389
767.870845	2590.515371
768.196665	2591.959662
768.522438	2591.299270
768.848165	2588.539239
769.173846	2592.594847
769.499479	2586.638724
769.825066	2588.292222
770.150607	2588.211564
770.476101	2587.760380
770.801548	2587.939341
771.126949	2586.943713
771.452303	2589.111410
771.777611	2584.576892
772.102872	2586.167376
772.428087	2584.584453
772.753256	2582.199988
773.078378	2584.806264
773.403453	2583.006572
773.728482	2580.377611
774.053465	2583.881212
774.378401	2582.792323
774.703291	2582.865420
775.028135	2584.236614
775.352932	2581.383321
775.677683	2583.263671
776.002388	2581.947930
776.327046	2583.293918
776.651658	2580.453228
776.976224	2579.538258
777.300743	2583.119998
777.625216	2581.718558
777.949643	2579.749987
778.274024	2582.686459
778.598359	2578.988773
778.922647	2578.328382
779.246889	2580.385172
779.571086	2576.508525
779.895236	2577.892322
780.219339	2583.828280
780.543397	2581.917683
780.867409	2582.615883
781.191374	2583.553537
781.515294	2578.845100
781.839167	2580.246541
782.162995	2580.317117
782.486776	2581.839545
782.810511	2582.073959
783.134201	2579.997003
783.457844	2579.452559
783.781441	2579.681931
784.104993	2577.617579
784.428498	2579.500450
784.751958	2580.798547
785.075372	2578.439287
785.398739	2581.907601
785.722061	2583.251068
786.045337	2580.969946
786.368568	2581.340471
786.691752	2580.445666
787.014891	2581.804257
787.337983	2582.472210
787.661030	2583.903898
787.984031	2583.097313
788.306987	2585.912797
788.629897	2584.667632
788.952760	2588.692994
789.275579	2587.528487
789.598351	2586.217787
789.921078	2583.911459
790.243759	2586.361460
790.566395	2582.711665
790.888984	2582.807447
791.211529	2580.637230
791.534027	2582.222673
791.856480	2581.562282
792.178888	2579.926427
792.501249	2580.241499
792.823566	2579.046746
793.145836	2580.299473
793.468062	2580.659915
793.790241	2580.559092
794.112375	2580.760738
794.434464	2579.157651
794.756507	2580.536407
795.078505	2581.864751
795.400457	2576.203535
795.722364	2577.862075
796.044226	2579.835687
796.366042	2578.088927
796.687812	2580.307034
797.009538	2584.329875
797.331218	2584.748291
797.652852	2582.323496
797.974442	2581.020358
798.295986	2581.567323
798.617484	2583.848445
798.938938	2582.391552
799.260346	2580.445666
799.581709	2577.683114
799.903026	2580.672518
800.224299	2581.030440
800.545526	2580.722930
800.866708	2579.956674
801.187845	2580.296952
801.508936	2580.007086
801.829983	2579.616396
802.150984	2579.709658
802.471940	2580.344843
802.792851	2582.948599
803.113717	2580.085224
803.434538	2578.968608
803.755314	2579.825604
804.076045	2577.826787
804.396731	2578.247723
804.717372	2577.022723
805.037967	2579.833166
805.358518	2578.383834
805.679024	2578.169585
805.999485	2579.795357
806.319901	2577.791499
806.640272	2578.807291
806.960598	2578.676221
807.280879	2576.684965
807.601115	2580.168403
807.921306	2581.282498
808.241453	2580.881726
808.561554	2580.445666
808.881611	2580.700244
809.201623	2578.487178
809.521590	2578.988773
809.841513	2580.627148
810.161390	2578.784606
810.481223	2576.604307
810.801011	2575.916189
811.120755	2580.269226
811.440453	2580.238979
811.760107	2578.585480
812.079716	2576.059862
812.399281	2573.902248
812.718801	2574.156827
813.038276	2574.323185
813.357707	2579.767631
813.677093	2575.916189
813.996434	2578.817373
814.315731	2577.680593
814.634983	2578.398958
814.954191	2582.134453
815.273354	2578.996334
815.592473	2579.427353
815.911547	2580.211252
816.230577	2578.671180
816.549562	2578.782085
816.868502	2578.875347
817.187399	2580.133115
817.506250	2580.148238
817.825058	2578.260326
818.143821	2579.918866
818.462539	2582.371387
818.781213	2581.441294
819.099843	2583.641758
819.418429	2589.539908
819.736970	2592.123499
820.055466	2595.012080
820.373919	2595.591813
820.692327	2600.307812
821.010691	2609.722167
821.329011	2625.120372
821.647286	2660.189158
821.965517	2692.540763
822.283704	2723.604353
822.601847	2743.118660
822.919945	2734.944429
823.237999	2721.484548
823.556010	2704.760520
823.873976	2689.198478
824.191897	2673.858247
824.509775	2661.487255
824.827609	2646.247847
825.145398	2637.146044
825.463144	2634.638070
825.780845	2630.579941
826.098502	2629.851494
826.416116	2636.281486
826.733685	2645.647950
827.051210	2649.476706
827.368692	2647.707261
827.686129	2642.111581
828.003522	2631.245373
828.320872	2619.683487
828.638177	2612.998917
828.955439	2606.773092
829.272656	2600.857298
829.589830	2594.538212
829.906960	2592.728437
830.224046	2591.246338
830.541088	2590.981678
830.858086	2585.902715
831.175041	2584.415575
831.491952	2584.569330
831.808819	2583.611511
832.125642	2584.218970
832.442421	2585.456573
832.759157	2587.049578
833.075849	2596.516865
833.392497	2605.106991
833.709101	2611.534462
834.025662	2612.915738
834.342179	2609.656632
834.658653	2608.587907
834.975083	2603.829058
835.291469	2597.555342
835.607811	2593.512337
835.924110	2591.826071
836.240366	2587.994794
836.556578	2585.138980
836.872746	2584.881882
837.188871	2581.592529
837.504952	2580.549010
837.820990	2579.921386
838.136984	2577.713361
838.452935	2579.649164
838.768842	2576.818556
839.084706	2580.813670
839.400526	2580.138156
839.716303	2584.443301
840.032037	2587.475555
840.347727	2588.889599
840.663373	2586.641244
840.978977	2583.530852
841.294537	2582.691500
841.610054	2581.859710
841.925527	2578.487178
842.240957	2576.833679
842.556344	2577.857034
842.871687	2576.659760
843.186987	2574.897876
843.502244	2572.828483
843.817458	2573.864440
844.132629	2574.023236
844.447756	2572.866291
844.762840	2570.565005
845.077881	2567.396639
845.392879	2566.363203
845.707833	2569.715570
846.022745	2569.556774
846.337613	2571.427042
846.652438	2570.501990
846.967221	2572.452917
847.281960	2569.980231
847.596656	2569.299675
847.911309	2569.876887
848.225919	2570.844789
848.540485	2569.433266
848.855009	2570.663307
849.169490	2569.057700
849.483928	2571.669017
849.798323	2567.744479
850.112675	2570.076013
850.426984	2569.866805
850.741251	2567.658779
851.055474	2569.675241
851.369654	2570.098698
851.683792	2571.873184
851.997887	2569.145920
852.311938	2569.939902
852.625947	2573.335119
852.939914	2571.192628
853.253837	2572.291600
853.567718	2570.650704
853.881555	2569.634912
854.195350	2571.361507
854.509103	2567.386557
854.822812	2569.511403
855.136479	2570.975859
855.450103	2571.202711
855.763685	2569.682803
856.077224	2566.937894
856.390720	2569.115673
856.704173	2569.758420
857.017584	2570.136507
857.330953	2568.137689
857.644278	2570.741445
857.957561	2573.713205
858.270802	2572.415108
858.584000	2570.832186
858.897155	2571.568194
859.210268	2571.595921
859.523339	2568.356979
859.836367	2569.612227
860.149352	2569.846640
860.462295	2571.802608
860.775195	2566.486711
861.088054	2567.134499
861.400869	2566.872359
861.713642	2565.944787
862.026373	2566.993347
862.339062	2570.549881
862.651708	2568.483008
862.964312	2568.341856
863.276873	2568.790518
863.589392	2569.904613
863.901869	2566.408573
864.214303	2570.675910
864.526696	2568.997206
864.839045	2573.002402
865.151353	2571.127093
865.463619	2570.968297
865.775842	2571.101887
866.088023	2570.945612
866.400162	2572.097515
866.712258	2571.921075
867.024313	2572.127762
867.336325	2570.431414
867.648296	2571.064079
867.960224	2570.837227
868.272110	2573.549368
868.583954	2568.344376
868.895755	2572.460478
869.207515	2572.422670
869.519233	2572.614234
869.830909	2574.686148
870.142542	2571.880746
870.454134	2570.323029
870.765684	2575.477609
871.077191	2570.801939
871.388657	2571.174984
871.700081	2570.872515
872.011463	2573.078020
872.322803	2573.166240
872.634101	2570.585169
872.945357	2573.211610
873.256571	2574.658422
873.567744	2572.800756
873.878874	2573.355283
874.189963	2572.694892
874.501010	2573.176322
874.812015	2573.408215
875.122979	2573.637588
875.433900	2573.960222
875.744780	2572.636919
876.055618	2572.422670
876.366415	2575.192784
876.677169	2575.608679
876.987882	2570.300344
877.298554	2572.105077
877.609183	2573.947619
877.919771	2572.369738
878.230317	2573.125911
878.540822	2577.252095
878.851285	2578.769482
879.161707	2579.810481
879.472087	2582.815008
879.782425	2586.346337
880.092722	2594.117275
880.402977	2603.103132
880.713191	2618.357664
881.023363	2633.092956
881.333494	2646.381438
881.643583	2652.259423
881.953631	2654.606080
882.263637	2652.098106
882.573602	2649.605256
882.883526	2642.008237
883.193408	2639.016312
883.503248	2635.633698
883.813048	2627.661113
884.122806	2623.867645
884.432522	2618.781121
884.742197	2613.044287
885.051831	2607.327619
885.361424	2602.362082
885.670975	2600.058275
885.980485	2591.833633
886.289954	2588.357757
886.599382	2586.096800
886.908768	2583.853486
887.218113	2581.416088
887.527417	2583.470358
887.836680	2581.093454
888.145901	2579.699575
888.455082	2578.761921
888.764221	2576.874009
889.073319	2575.117167
889.382376	2576.506004
889.691392	2572.863771
890.000366	2577.032805
890.309300	2575.936354
890.618193	2577.612538
890.927044	2577.985583
891.235855	2576.095150
891.544625	2577.529359
891.853353	2577.037846
892.162041	2575.167578
892.470687	2577.783937
892.779293	2573.113308
893.087858	2574.325705
893.396381	2575.361662
893.704864	2580.208732
894.013306	2583.828280
894.321707	2592.433530
894.630068	2595.359920
894.938387	2597.169694
895.246665	2597.020980
895.554903	2598.508120
895.863100	2596.375712
896.171256	2595.848912
896.479371	2590.495206
896.787446	2590.028900
897.095480	2588.365319
897.403473	2586.792479
897.711425	2583.616552
898.019336	2582.298290
898.327207	2582.358784
898.635038	2581.524473
898.942827	2578.212435
899.250576	2578.356108
899.558284	2579.041705
899.865952	2578.010789
900.173579	2575.840572
900.481165	2576.082547
900.788711	2575.636405
901.096216	2574.958370
901.403681	2573.627506
901.711105	2576.415264
902.018489	2574.577763
902.325832	2577.468865
902.633135	2572.710016
902.940397	2575.613720
903.247619	2579.455079
903.554800	2581.050605
903.861941	2589.224836
904.169041	2597.532657
904.476101	2603.624892
904.783121	2603.834099
905.090100	2603.647577
905.397039	2599.662545
905.703938	2596.756319
906.010796	2596.496700
906.317614	2590.787593
906.624391	2586.701738
906.931129	2587.215936
907.237826	2583.278795
907.544483	2584.478589
907.851099	2578.772003
908.157675	2577.471385
908.464211	2575.220510
908.770707	2571.994172
909.077163	2572.087433
909.383578	2569.597103
909.689954	2569.367731
909.996289	2568.356979
910.302584	2570.582649
910.608839	2569.531568
910.915054	2569.234140
911.221229	2569.324881
911.527363	2570.025601
911.833458	2568.684654
912.139513	2570.222206
912.445527	2568.598955
912.751502	2573.551888
913.057436	2569.140879
913.363331	2573.420818
913.669186	2573.821590
913.975000	2572.442834
914.280775	2574.179512
914.586510	2578.696386
914.892205	2581.761407
915.197859	2585.363312
915.503475	2592.738520
915.809050	2596.511823
916.114585	2598.828234
916.420081	2603.856785
916.725536	2601.119438
917.030952	2604.282762
917.336328	2601.767226
917.641665	2599.259252
917.946961	2596.952924
918.252218	2594.540732
918.557435	2595.357399
918.862612	2591.324476
919.167750	2589.272727
919.472848	2587.954465
919.777906	2585.070925
920.082925	2583.624114
920.387904	2582.268043
920.692843	2577.481468
920.997743	2579.555902
921.302603	2576.281673
921.607423	2576.233782
921.912204	2578.396437
922.216946	2574.388720
922.521647	2573.730849
922.826310	2570.645663
923.130932	2575.250757
923.435516	2571.003585
923.740059	2573.352763
924.044564	2571.258163
924.349028	2570.892680
924.653454	2565.665003
924.957840	2569.282031
925.262186	2565.564180
925.566493	2565.002091
925.870761	2562.660475
926.174989	2569.140879
926.479178	2565.788511
926.783328	2569.650035
927.087438	2566.658110
927.391509	2568.016701
927.695541	2568.805642
927.999533	2567.562997
928.303486	2567.326063
928.607400	2567.429407
928.911275	2566.625343
929.215110	2564.538305
929.518906	2566.096022
929.822663	2567.252967
930.126381	2568.417473
930.430060	2566.476629
930.733699	2567.096691
931.037299	2567.837740
931.340861	2564.918912
931.644383	2565.574262
931.947866	2566.763975
932.251309	2564.422359
932.554714	2568.359500
932.858080	2566.322874
933.161407	2567.232802
933.464694	2566.494273
933.767943	2568.515776
934.071153	2565.740620
934.374323	2563.015877
934.677455	2563.666186
934.980548	2565.760785
935.283602	2567.313460
935.586617	2566.164077
935.889593	2566.748851
936.192530	2562.915054
936.495428	2566.070816
936.798287	2563.015877
937.101108	2566.327915
937.403890	2567.242884
937.706632	2566.930333
938.009336	2569.380333
938.312002	2565.987637
938.614628	2567.515107
938.917216	2569.781105
939.219765	2567.598286
939.522275	2568.077195
939.824747	2568.611557
940.127179	2565.498645
940.429573	2565.049982
940.731929	2564.838254
941.034246	2564.918912
941.336524	2566.244736
941.638763	2566.093501
941.940964	2568.692216
942.243126	2569.367731
942.545250	2566.713563
942.847335	2567.315981
943.149381	2568.041907
943.451389	2567.794891
943.753359	2565.191135
944.055290	2567.376475
944.357182	2567.673903
944.659036	2565.612071
944.960851	2568.825807
945.262628	2565.629715
945.564367	2566.353121
945.866067	2570.108780
946.167729	2567.830179
946.469352	2568.286403
946.770937	2568.798080
947.072484	2564.639128
947.373992	2566.912689
947.675462	2566.219530
947.976893	2566.577452
948.278286	2564.349262
948.579641	2566.620302
948.880958	2567.890672
949.182236	2566.022925
949.483476	2563.537636
949.784678	2564.213151
950.085841	2566.786660
950.386967	2565.622153
950.688054	2564.213151
950.989103	2566.839592
951.290114	2563.560321
951.591087	2565.964952
951.892021	2566.489232
952.192917	2567.827658
952.493776	2563.535116
952.794596	2567.235322
953.095378	2566.287586
953.396122	2566.869839
953.696828	2568.336815
953.997496	2567.517627
954.298126	2564.064437
954.598718	2568.641804
954.899272	2563.782132
955.199788	2565.445713
955.500266	2568.722463
955.800706	2561.102759
956.101108	2560.671740
956.401472	2560.949004
956.701798	2561.448078
957.002087	2559.618139
957.302337	2565.740620
957.602550	2564.583676
957.902724	2565.176011
958.202861	2566.045610
958.502960	2562.042934
958.803022	2564.644169
959.103045	2564.560990
959.403031	2562.670558
959.702979	2562.506720
960.002889	2562.426062
960.302762	2561.498489
960.602596	2565.816238
960.902393	2561.997564
961.202153	2560.333983
961.501875	2560.407080
961.801559	2559.731565
962.101205	2561.914385
962.400814	2563.025959
962.700385	2560.064281
962.999918	2564.828172
963.299414	2564.573593
963.598873	2560.593602
963.898293	2563.756926
964.197677	2563.215002
964.497022	2562.259704
964.796331	2560.444888
965.095601	2562.373130
965.394835	2561.478325
965.694030	2563.031000
965.993189	2563.666186
966.292309	2561.899261
966.591393	2562.138716
966.890439	2562.264745
967.189447	2560.313818
967.488419	2560.155022
967.787353	2561.944632
968.086249	2559.303067
968.385108	2564.109807
968.683930	2560.631411
968.982714	2562.264745
969.281462	2561.596792
969.580172	2561.284240
969.878844	2561.909343
970.177480	2564.409756
970.476078	2562.990671
970.774639	2561.664848
971.073162	2561.831206
971.371649	2557.084959
971.670098	2558.194013
971.968510	2558.965310
972.266885	2558.153684
972.565223	2561.690053
972.863524	2561.952193
973.161788	2560.628890
973.460014	2562.478994
973.758204	2560.641493
974.056356	2564.014025
974.354471	2561.518654
974.652550	2561.916905
974.950591	2557.889023
975.248595	2561.075032
975.546563	2563.025959
975.844493	2563.882955
976.142386	2562.305074
976.440243	2564.059396
976.738062	2562.231977
977.035845	2560.097049
977.333590	2563.167111
977.631299	2562.521844
977.928971	2562.557132
978.226606	2560.369271
978.524204	2560.959086
978.821765	2562.710887
979.119290	2563.212482
979.416777	2561.498489
979.714228	2561.248952
980.011642	2560.782646
980.309020	2565.302040
980.606360	2561.049827
980.903664	2563.716597
981.200931	2561.621998
981.498162	2561.012018
981.795356	2561.672409
982.092513	2563.285578
982.389633	2563.608212
982.686717	2567.404201
982.983764	2566.416135
983.280775	2566.660631
983.577749	2568.034345
983.874686	2567.701629
984.171587	2565.410425
984.468451	2566.516958
984.765279	2567.626012
985.062070	2563.754406
985.358824	2565.279355
985.655543	2565.670044
985.952224	2563.562842
986.248869	2564.450085
986.545478	2559.403890
986.842050	2561.135526
987.138586	2557.032027
987.435086	2558.234342
987.731549	2557.372305
988.027975	2561.785835
988.324366	2560.303736
988.620719	2558.451112
988.917037	2562.287430
989.213318	2559.852553
989.509563	2561.253993
989.805772	2558.004970
990.101944	2558.294836
990.398080	2558.541853
990.694180	2558.249466
990.990244	2558.798952
991.286271	2558.551935
991.582262	2560.999415
991.878217	2560.344065
992.174136	2561.566545
992.470019	2561.339693
992.765865	2557.752912
993.061676	2558.864487
993.357450	2562.385732
993.653188	2559.451781
993.948890	2558.728375
994.244556	2560.691905
994.540186	2561.107800
994.835780	2560.575958
995.131337	2559.973540
995.426859	2561.785835
995.722345	2558.297357
996.017795	2565.503686
996.313208	2563.247770
996.608586	2562.453788
996.903928	2563.361196
997.199234	2562.723490
997.494504	2562.680640
997.789738	2563.940928
998.084936	2562.970506
998.380099	2561.201061
998.675225	2564.707184
998.970316	2562.783984
999.265371	2563.436813
999.560390	2563.507389
999.855373	2562.945301
1000.150320	2559.358520
1000.445232	2561.516133
1000.740108	2559.555125
1001.034948	2562.022769
1001.329752	2560.157542
1001.624521	2559.905485
1001.919254	2555.534804
1002.213951	2555.738971
1002.508613	2556.364074
1002.803239	2560.588561
1003.097829	2554.491286
1003.392384	2558.733417
1003.686903	2558.264589
1003.981386	2557.452963
1004.275834	2558.677964
1004.570246	2560.502862
1004.864623	2558.514126
1005.158964	2557.946997
1005.453270	2559.479507
1005.747540	2558.579661
1006.041775	2560.951524
1006.335974	2559.156873
1006.630138	2558.672923
1006.924266	2557.533622
1007.218359	2558.388097
1007.512416	2561.180897
1007.806438	2557.873900
1008.100425	2559.345917
1008.394376	2556.565720
1008.688292	2559.542522
1008.982172	2555.721327
1009.276017	2560.767522
1009.569827	2559.018242
1009.863602	2561.349775
1010.157341	2557.090000
1010.451045	2557.959599
1010.744714	2557.160577
1011.038347	2559.978582
1011.331945	2559.219888
1011.625508	2558.320042
1011.919036	2558.859445
1012.212528	2560.286092
1012.505986	2559.610577
1012.799408	2556.288457
1013.092795	2555.998591
1013.386147	2557.301729
1013.679464	2556.301060
1013.972745	2558.993036
1014.265992	2557.268961
1014.559204	2556.076728
1014.852380	2557.652089
1015.145521	2554.680329
1015.438628	2556.969013
1015.731699	2556.764846
1016.024736	2558.158725
1016.317737	2557.788200
1016.610703	2558.211657
1016.903635	2553.117571
1017.196531	2554.418189
1017.489393	2555.018086
1017.782219	2554.483724
1018.075011	2553.490617
1018.367768	2558.567058
1018.660490	2557.062274
1018.953177	2557.062274
1019.245829	2557.062274
