Dividing Wavelength (nm)	Counts (n)	Blue Motor Position (mm): 0.000000	Red Motor Position (mm): 43.000000	
326.493990	2139.417801
326.888308	2139.417801
327.282561	2139.417801
327.676750	2113.687752
328.070874	2115.006014
328.464933	2120.163114
328.858929	2130.177366
329.252859	2140.368059
329.646726	2156.479587
330.040528	2169.178253
330.434265	2188.553928
330.827938	2205.504808
331.221547	2227.010370
331.615091	2246.635582
332.008571	2268.713315
332.401986	2288.426747
332.795338	2308.856023
333.188625	2326.363951
333.581847	2347.458659
333.975006	2367.056144
334.368100	2386.603218
334.761129	2401.474622
335.154095	2420.071439
335.546996	2438.002823
335.939833	2462.850670
336.332606	2476.209728
336.725315	2487.799341
337.117960	2495.373674
337.510540	2506.930520
337.903056	2514.482168
338.295508	2520.687828
338.687896	2528.005063
339.080220	2534.548481
339.472480	2539.420756
339.864676	2546.851417
340.256807	2545.447456
340.648875	2549.177909
341.040879	2551.171686
341.432818	2553.170503
341.824694	2554.231666
342.216506	2552.825184
342.608253	2552.537838
342.999937	2554.309804
343.391557	2550.455842
343.783113	2550.700338
344.174605	2551.771583
344.566033	2548.414175
344.957397	2547.315203
345.348697	2544.275387
345.739934	2544.913093
346.131106	2542.032074
346.522215	2540.257588
346.913260	2535.208872
347.304241	2535.793646
347.695159	2534.971938
348.086012	2533.124355
348.476802	2530.253418
348.867528	2529.938346
349.258191	2532.048069
349.648789	2528.819210
350.039324	2526.883407
350.429796	2528.569673
350.820203	2522.724455
351.210548	2524.940042
351.600828	2522.989115
351.991045	2523.445340
352.381198	2523.679753
352.771288	2523.568848
353.161314	2522.381656
353.551276	2525.227387
353.941175	2523.152953
354.331010	2520.599608
354.720782	2521.474248
355.110490	2522.225380
355.500135	2522.714372
355.889717	2522.923580
356.279235	2524.183869
356.668689	2522.595905
357.058080	2524.166225
357.447408	2523.442819
357.836672	2524.002387
358.225873	2520.176151
358.615010	2521.403672
359.004084	2524.998015
359.393095	2527.720238
359.782043	2529.043541
360.170927	2529.126720
360.559748	2529.635877
360.948505	2527.246370
361.337199	2531.042358
361.725830	2530.966741
362.114398	2532.181659
362.502903	2530.772657
362.891344	2534.109901
363.279722	2533.247863
363.668037	2532.932791
364.056289	2534.301464
364.444478	2531.543953
364.832603	2535.259284
365.220665	2533.711649
365.608665	2535.712987
365.996601	2535.695343
366.384474	2533.416742
366.772284	2537.870601
367.160031	2536.907741
367.547715	2536.408667
367.935336	2536.993441
368.322893	2537.179963
368.710388	2535.922195
369.097820	2540.701209
369.485189	2539.166178
369.872495	2539.002340
370.259738	2539.824048
370.646918	2539.657690
371.034035	2539.140972
371.421090	2540.814635
371.808081	2540.315561
372.195010	2540.789429
372.581875	2541.976621
372.968678	2544.351005
373.355418	2542.780685
373.742096	2540.912938
374.128710	2546.256561
374.515262	2547.307641
374.901751	2547.695810
375.288177	2547.350491
375.674540	2548.401572
376.060841	2552.711758
376.447079	2553.233518
376.833254	2553.737633
377.219367	2552.293343
377.605417	2558.090669
377.991404	2556.797613
378.377329	2563.462019
378.763191	2563.094015
379.148991	2569.655076
379.534727	2574.575242
379.920402	2578.678742
380.306013	2580.362487
380.691563	2584.992787
381.077049	2589.280288
381.462474	2594.780187
381.847835	2597.933429
382.233134	2604.461723
382.618371	2610.712754
383.003545	2615.557303
383.388657	2619.375977
383.773706	2628.392080
384.158693	2633.075312
384.543618	2641.337763
384.928480	2646.716675
385.313280	2656.403252
385.698017	2662.848367
386.082692	2671.441014
386.467305	2674.896725
386.851856	2687.270237
387.236344	2698.285158
387.620770	2702.358410
388.005133	2711.185471
388.389435	2725.991339
388.773674	2729.426886
389.157851	2737.772516
389.541965	2748.129567
389.926018	2749.233579
390.310008	2765.834099
390.693936	2772.364914
391.077802	2783.682304
391.461606	2790.611370
391.845348	2801.633853
392.229027	2806.511169
392.612645	2824.185455
392.996200	2832.697443
393.379694	2846.593383
393.763125	2862.500744
394.146494	2871.002650
394.529801	2882.725854
394.913047	2898.439130
395.296230	2899.764954
395.679351	2904.153278
396.062410	2922.712286
396.445408	2919.291863
396.828343	2932.948349
397.211217	2941.213321
397.594028	2933.941456
397.976778	2946.738425
398.359466	2961.874490
398.742092	2957.869293
399.124656	2976.274546
399.507158	2989.336175
399.889598	2994.042092
400.271977	3006.932323
400.654294	3014.279804
401.036549	3029.113400
401.418742	3032.818648
401.800874	3051.954868
402.182944	3064.953483
402.564952	3090.260075
402.946898	3081.306986
403.328783	3089.904674
403.710606	3106.880759
404.092367	3129.187865
404.474067	3155.177534
404.855705	3146.060607
405.237282	3144.243271
405.618797	3176.849454
406.000250	3199.791745
406.381642	3228.836353
406.762972	3233.882548
407.144240	3223.845611
407.525447	3243.347315
407.906593	3246.737491
408.287677	3264.729369
408.668700	3287.046557
409.049661	3286.338275
409.430560	3300.952580
409.811399	3304.138589
410.192176	3324.774552
410.572891	3330.647496
410.953545	3370.437324
411.334138	3337.972293
411.714669	3390.158318
412.095139	3337.833661
412.475547	3389.676887
412.855894	3376.378323
413.236180	3406.927716
413.616405	3389.407186
413.996568	3414.459200
414.376670	3416.962133
414.756711	3411.109353
415.136691	3438.855864
415.516609	3459.953093
415.896466	3468.160091
416.276262	3492.244203
416.655997	3520.172196
417.035670	3530.932539
417.415283	3598.957869
417.794834	3618.013430
418.174324	3599.860235
418.553753	3600.288733
418.933121	3647.599962
419.312428	3635.395329
419.691674	3631.934577
420.070859	3668.936646
420.449983	3650.634737
420.829045	3696.055533
421.208047	3681.935261
421.586988	3729.536356
421.965867	3760.788989
422.344686	3765.510030
422.723444	3806.482008
423.102141	3711.952812
423.480777	3812.531393
423.859352	3779.534520
424.237866	3877.474057
424.616319	3858.476469
424.994712	3921.753032
425.373044	3912.258018
425.751314	3974.503666
426.129524	3908.928336
426.507673	4009.980786
426.885762	3988.061849
427.263789	4012.889532
427.641756	4014.482536
428.019662	4043.164181
428.397508	4049.722722
428.775292	4085.104060
429.153016	4089.376438
429.530679	4101.848253
429.908282	4112.399388
430.285824	4090.331737
430.663305	4161.374198
431.040726	4119.623361
431.418086	4110.650108
431.795385	4186.615255
432.172624	4218.193043
432.549802	4186.985780
432.926920	4209.776836
433.303977	4199.949107
433.680974	4242.009974
434.057910	4265.703397
434.434786	4269.348151
434.811601	4263.999487
435.188355	4370.093090
435.565050	4340.567052
435.941683	4334.515147
436.318257	4430.465949
436.694770	4432.986526
437.071222	4484.781861
437.447614	4426.294394
437.823946	4425.699538
438.200218	4440.669244
438.576429	4425.258437
438.952580	4448.420018
439.328670	4455.079382
439.704700	4499.302904
440.080670	4461.627841
440.456580	4523.876009
440.832429	4557.341709
441.208218	4460.067604
441.583947	4512.704812
441.959616	4525.564795
442.335224	4553.160072
442.710773	4574.254780
443.086261	4632.190240
443.461689	4583.112087
443.837057	4590.885546
444.212365	4668.703318
444.587612	4670.568545
444.962800	4637.629645
445.337927	4676.693547
445.712995	4568.296136
446.088002	4759.330661
446.462949	4785.247233
446.837837	4798.278616
447.212664	4787.528355
447.587431	5011.221995
447.962139	5306.348785
448.336786	5648.290251
448.711374	5632.587057
449.085901	5280.805259
449.460369	5216.245722
449.834776	5149.876411
450.209124	5383.541454
450.583412	5394.420264
450.957640	5518.588924
451.331808	5380.141195
451.705917	5231.177620
452.079965	5224.056990
452.453954	5258.558647
452.827883	5228.480603
453.201752	5234.479576
453.575562	5258.412453
453.949311	5399.143825
454.323001	5403.534670
454.696632	5392.151744
455.070202	5546.942894
455.443713	5577.903140
455.817164	5670.239435
456.190556	5742.335496
456.563888	5716.764243
456.937160	5794.551768
457.310373	5639.135515
457.683526	5694.651222
458.056619	5686.320715
458.429653	5670.393190
458.802628	5712.368357
459.175542	5744.140229
459.548398	5884.743051
459.921194	6068.561165
460.293930	6125.937057
460.666607	6379.459205
461.039224	6587.815134
461.411782	6717.939918
461.784280	6636.558051
462.156719	6644.472662
462.529099	6600.639830
462.901419	6465.761238
463.273680	6329.115722
463.645882	6324.480381
464.018024	6320.071892
464.390106	6387.255349
464.762130	6644.011397
465.134094	7025.329315
465.505999	7656.391036
465.877845	8361.769446
466.249631	8719.580464
466.621358	8651.575299
466.993026	8458.141184
467.364634	8244.053463
467.736184	7958.746840
468.107674	7801.614075
468.479105	7718.767753
468.850477	7651.531363
469.221790	7478.909653
469.593043	7262.165243
469.964238	7159.360993
470.335373	7133.273022
470.706449	7288.366640
471.077467	7464.464226
471.448425	8123.000236
471.819324	8705.508083
472.190164	8753.096575
472.560945	8268.465250
472.931667	7801.329250
473.302330	7604.822552
473.672934	7485.301836
474.043479	7563.777478
474.413965	7464.960780
474.784393	7421.107783
475.154761	7573.355670
475.525070	7575.362049
475.895321	7531.264556
476.265513	7631.034032
476.635645	7793.959083
477.005719	7782.545911
477.375734	7866.453396
477.745691	7974.006413
478.115588	8181.906118
478.485427	8415.596367
478.855207	8876.551912
479.224928	9310.590217
479.594591	9700.876348
479.964194	9706.587976
480.333739	9793.416809
480.703226	9790.387076
481.072653	9893.171162
481.442022	10007.643163
481.811333	10164.065125
482.180584	10006.607206
482.549777	9947.214852
482.918912	9875.277586
483.287988	9862.402479
483.657005	9776.067678
484.025964	9691.071304
484.394864	9754.242003
484.763706	9713.907731
485.132489	9624.500347
485.501213	9617.556158
485.869879	9674.561525
486.238487	9620.724523
486.607036	9690.247075
486.975527	9631.963775
487.343959	9687.615593
487.712333	9744.694058
488.080648	9772.412842
488.448905	9878.539213
488.817104	9887.275532
489.185244	10049.081447
489.553326	10261.679508
489.921350	10723.943233
490.289315	11348.035559
490.657222	11643.709314
491.025070	11830.408447
491.392861	11740.910322
491.760593	11584.284193
492.128267	11332.324803
492.495883	11098.017013
492.863440	10862.358194
493.230939	10638.092383
493.598380	10459.950609
493.965763	10433.842473
494.333088	10303.800869
494.700354	10230.323531
495.067563	10198.773470
495.434713	10202.428306
495.801805	10252.761707
496.168839	10209.584224
496.535815	10178.578607
496.902733	10223.119722
497.269593	10181.099184
497.636395	10187.720740
498.003139	10296.816350
498.369825	10223.727181
498.736453	10317.469957
499.103023	10260.726730
499.469535	10271.741651
499.835989	10316.877622
500.202385	10288.669846
500.568723	10306.361775
500.935003	10365.824705
501.301226	10338.660448
501.667390	10506.719914
502.033497	10607.739596
502.399546	10535.091528
502.765537	10438.936559
503.131470	10538.980778
503.497345	10639.889555
503.863163	10405.879193
504.228923	10540.646879
504.594625	10655.053345
504.960269	10564.418440
505.325856	10719.794364
505.691385	10602.758936
506.056856	10663.083903
506.422270	10757.902966
506.787625	10701.981447
507.152924	10755.014385
507.518164	10818.232975
507.883347	10687.828407
508.248472	10754.490105
508.613540	10864.414985
508.978550	10935.535584
509.343503	10914.806359
509.708398	10972.179731
510.073236	11109.029414
510.438016	11109.258786
510.802738	11029.006138
511.167403	11153.515076
511.532010	11210.696884
511.896561	11310.683129
512.261053	11505.105310
512.625488	11420.572722
512.989866	11407.682491
513.354186	11380.893800
513.718449	11402.074208
514.082655	11540.945393
514.446803	11489.034111
514.810894	11597.227355
515.174927	11597.058477
515.538904	11586.398957
515.902822	11744.262689
516.266684	11617.333997
516.630488	11713.317567
516.994235	11705.039992
517.357925	11816.562918
517.721558	11873.384283
518.085133	11943.660489
518.448651	11973.481434
518.812112	11933.134559
519.175516	11941.644027
519.538863	12028.823221
519.902152	12039.240766
520.265385	12142.763380
520.628560	12164.518480
520.991678	12103.278543
521.354739	12157.198724
521.717743	12233.572205
522.080690	12207.058257
522.443580	12333.165241
522.806413	12348.543280
523.169189	12345.241325
523.531908	12399.373235
523.894569	12364.044828
524.257174	12380.489072
524.619722	12479.404073
524.982213	12468.298411
525.344647	12461.835651
525.707025	12466.077782
526.069345	12562.094119
526.431608	12537.432794
526.793815	12629.695992
527.155964	12524.388809
527.518057	12555.134806
527.880093	12504.239317
528.242072	12622.809776
528.603995	12553.307388
528.965860	12564.894480
529.327669	12593.470261
529.689421	12540.409596
530.051117	12550.620453
530.412755	12589.394488
530.774337	12598.914707
531.135862	12562.116804
531.497331	12620.274076
531.858743	12573.509812
532.220098	12655.312615
532.581396	12574.248341
532.942638	12505.320644
533.303824	12568.143504
533.664953	12557.123541
534.026025	12511.796007
534.387040	12613.279475
534.747999	12587.708222
535.108902	12630.794964
535.469748	12503.551199
535.830537	12542.514278
536.191270	12574.797827
536.551947	12497.859737
536.912567	12565.680900
537.273131	12600.293462
537.633638	12478.476500
537.994089	12538.930017
538.354483	12451.274434
538.714821	12577.010893
539.075103	12663.854851
539.435328	12600.240530
539.795497	12575.977457
540.155609	12568.458576
540.515665	12675.562930
540.875665	12539.514791
541.235609	12628.591979
541.595496	12595.030498
541.955328	12759.127617
542.315102	12613.629835
542.674821	12544.477807
543.034483	12562.850292
543.394090	12557.723439
543.753640	12533.089840
544.113134	12782.798355
544.472571	12545.183568
544.831953	12817.766319
545.191278	12635.473154
545.550548	12570.974112
545.909761	12679.926049
546.268918	12727.383471
546.628019	12796.369141
546.987064	12684.021987
547.346053	12532.963812
547.704986	12732.724574
548.063863	12618.751647
548.422684	12661.364521
548.781449	12625.121145
549.140158	12718.183366
549.498811	12671.207373
549.857408	12544.926470
550.215949	12746.461718
550.574434	12705.381355
550.932864	12644.000266
551.291237	12844.169362
551.649555	12733.954615
552.007817	12794.289665
552.366022	12711.947458
552.724173	12758.643666
553.082267	12842.215915
553.440305	12939.497581
553.798288	12766.228082
554.156215	12835.332219
554.514086	12873.735729
554.871902	12831.019512
555.229661	12845.215401
555.587365	12796.238071
555.945014	12810.970843
556.302606	12789.767750
556.660143	12850.904343
557.017625	12889.433882
557.375050	12847.977954
557.732421	12944.316924
558.089735	12945.000001
558.446994	12910.924321
558.804197	13038.168085
559.161345	13029.068803
559.518437	12840.973270
559.875474	12933.556581
560.232455	12971.612252
560.589381	13011.971729
560.946251	12951.309005
561.303065	13130.746355
561.659825	13074.678642
562.016528	12982.092811
562.373177	12924.747165
562.729770	13058.652814
563.086307	12929.800922
563.442789	13039.524156
563.799216	13082.999067
564.155587	13023.221064
564.511904	13043.733519
564.868164	13057.619378
565.224370	13120.207823
565.580520	13059.275397
565.936615	13127.842651
566.292654	13065.297055
566.648638	13140.710196
567.004567	13138.948312
567.360441	13137.458652
567.716260	13104.381121
568.072023	13192.808000
568.427732	13165.172395
568.783385	13066.900142
569.138982	13183.323069
569.494525	13181.069673
569.850013	13130.554791
570.205445	13125.458185
570.560823	13139.712047
570.916145	13090.822937
571.271412	13105.260802
571.626625	13059.852609
571.981782	13053.959500
572.336884	12999.255419
572.691931	13089.681116
573.046923	12992.011281
573.401860	12957.292854
573.756743	12952.120630
574.111570	12982.601967
574.466342	12952.070219
574.821059	13014.283098
575.175722	12881.960372
575.530330	12903.329823
575.884882	12838.785410
576.239380	12835.803567
576.593823	12823.369561
576.948211	12814.539980
577.302544	12691.994571
577.656823	12712.328065
578.011047	12763.760437
578.365216	12701.539996
578.719330	12651.614929
579.073389	12616.125206
579.427394	12626.978810
579.781344	12612.465328
580.135239	12550.900237
580.489080	12568.463617
580.842866	12443.868979
581.196597	12546.040565
581.550273	12535.502033
581.903895	12497.461486
582.257463	12605.480810
582.610975	12449.225205
582.964434	12526.763192
583.317837	12442.160028
583.671186	12399.201835
584.024481	12447.480966
584.377721	12343.242507
584.730906	12410.219277
585.084037	12421.710587
585.437113	12339.958195
585.790135	12370.749563
586.143103	12274.919749
586.496016	12292.941874
586.848874	12307.160448
587.201679	12298.240127
587.554428	12177.441478
587.907124	12219.870349
588.259765	12166.635764
588.612352	12229.698078
588.964884	12088.505442
589.317362	12153.145637
589.669786	12144.063998
590.022155	12093.672624
590.374470	12196.116432
590.726731	12071.126064
591.078937	11963.522635
591.431090	11998.354487
591.783188	11917.131417
592.135232	11843.676764
592.487222	11906.663461
592.839157	11910.628328
593.191038	11850.323525
593.542866	11794.311265
593.894639	11657.302786
594.246358	11712.730272
594.598022	11720.279400
594.949633	11630.955195
595.301190	11611.866866
595.652692	11573.478479
596.004141	11660.692962
596.355535	11446.988368
596.706876	11430.486151
597.058162	11389.322609
597.409395	11480.950621
597.760573	11512.846002
598.111698	11404.098231
598.462768	11402.840463
598.813785	11415.150961
599.164748	11284.922833
599.515657	11353.759789
599.866511	11236.310987
600.217312	11365.026768
600.568060	11125.085489
600.918753	11290.760489
601.269392	11292.093875
601.619978	11191.827845
601.970510	11236.343754
602.320988	11279.715321
602.671412	11350.140241
603.021783	11270.668971
603.372100	11192.946981
603.722363	11209.706297
604.072572	11214.901206
604.422728	11225.449821
604.772830	11166.700214
605.122878	11168.152066
605.472872	11151.196145
605.822813	11207.468025
606.172701	11164.479586
606.522534	11207.072294
606.872314	11251.152144
607.222041	11181.274190
607.571714	11256.498287
607.921333	11123.805036
608.270899	11182.899962
608.620411	11239.262582
608.969870	11179.295537
609.319276	11170.201295
609.668627	11183.580517
610.017926	11268.644948
610.367171	11290.763010
610.716362	11283.609613
611.065500	11254.557443
611.414585	11271.215936
611.763616	11331.286325
612.112594	11287.710591
612.461518	11326.293062
612.810389	11365.515760
613.159207	11307.587861
613.507971	11302.902108
613.856682	11408.189127
614.205340	11358.662311
614.553945	11494.902014
614.902496	11368.641275
615.250994	11432.260637
615.599439	11420.761765
615.947830	11447.671444
616.296169	11415.123234
616.644454	11431.353229
616.992686	11439.598036
617.340864	11532.014989
617.688990	11415.541650
618.037063	11545.086701
618.385082	11518.938236
618.733048	11559.438866
619.080961	11547.098121
619.428821	11523.011488
619.776628	11534.742253
620.124382	11466.540483
620.472083	11492.958650
620.819731	11511.167297
621.167326	11439.582913
621.514868	11420.240005
621.862357	11315.068933
622.209793	11304.593416
622.557176	11231.882333
622.904506	11170.226501
623.251783	11084.131155
623.599007	11026.541013
623.946179	10979.781791
624.293297	10944.995309
624.640363	10811.205606
624.987376	10802.368464
625.334336	10729.256609
625.681243	10651.743828
626.028097	10624.020002
626.374899	10575.335059
626.721647	10554.129445
627.068343	10509.268217
627.414987	10447.256984
627.761577	10375.183607
628.108115	10418.489639
628.454600	10296.024889
628.801032	10311.102980
629.147412	10297.398603
629.493739	10261.664384
629.840014	10181.580614
630.186236	10231.409900
630.532405	10120.736408
630.878521	10154.398713
631.224585	10097.920146
631.570597	10026.340802
631.916556	10027.938848
632.262462	10006.798769
632.608316	9987.488630
632.954117	9966.116658
633.299866	9940.484911
633.645562	9919.904401
633.991206	9821.528804
634.336797	9720.688083
634.682336	9707.543274
635.027823	9652.269543
635.373257	9607.829251
635.718639	9538.374754
636.063968	9506.358386
636.409245	9397.015759
636.754470	9378.912976
637.099642	9327.077311
637.444762	9228.094255
637.789829	9228.250531
638.134845	9153.598604
638.479808	9129.348134
638.824719	9103.618085
639.169577	9019.214046
639.514383	9005.696192
639.859137	8940.100698
640.203839	8971.378537
640.548489	8885.172286
640.893086	8894.165704
641.237632	8822.319179
641.582125	8823.982760
641.926566	8804.806211
642.270955	8788.266185
642.615292	8779.822252
642.959576	8757.444571
643.303809	8737.451354
643.647990	8752.733612
643.992118	8732.732834
644.336195	8697.643883
644.680219	8698.004326
645.024192	8720.961740
645.368112	8784.772666
645.711981	8767.410932
646.055797	8888.466680
646.399562	8842.909772
646.743274	8993.204212
647.086935	9041.518631
647.430544	9017.205146
647.774101	9036.202734
648.117606	9050.696052
648.461059	9110.474054
648.804460	9033.871201
649.147810	8919.126977
649.491108	8881.504846
649.834354	8818.485382
650.177548	8684.390690
650.520690	8589.838808
650.863781	8581.349505
651.206820	8549.945637
651.549807	8464.354407
651.892742	8370.268832
652.235626	8329.813572
652.578458	8289.512068
652.921238	8178.614245
653.263967	8204.261115
653.606644	8141.148389
653.949269	8116.305583
654.291843	8048.131539
654.634365	8104.458872
654.976836	8022.701439
655.319255	8009.423039
655.661622	7995.438879
656.003938	7952.205943
656.346203	7914.074656
656.688416	7934.700537
657.030577	7891.255873
657.372687	7849.557969
657.714746	7876.248358
658.056753	7882.993422
658.398708	7782.039275
658.740612	7776.562061
659.082465	7810.259654
659.424266	7761.862056
659.766016	7765.045545
660.107715	7735.217038
660.449362	7743.056032
660.790958	7743.976042
661.132503	7721.926036
661.473996	7709.255095
661.815438	7722.800676
662.156829	7742.405723
662.498168	7685.082763
662.839456	7677.679828
663.180693	7689.902106
663.521879	7699.959208
663.863013	7680.404572
664.204097	7663.796491
664.545129	7726.352169
664.886110	7705.504477
665.227040	7705.312913
665.567918	7705.882563
665.908746	7708.294756
666.249522	7716.854635
666.590248	7707.188222
666.930922	7712.438584
667.271545	7692.359668
667.612118	7702.847789
667.952639	7662.465626
668.293109	7657.822723
668.633528	7624.445244
668.973896	7610.811443
669.314213	7601.024043
669.654480	7562.257570
669.994695	7555.590644
670.334859	7521.353648
670.674973	7489.344841
671.015035	7504.932089
671.355047	7488.656724
671.695008	7468.441697
672.034918	7439.288704
672.374777	7436.100174
672.714585	7406.279229
673.054342	7423.368740
673.394049	7386.422124
673.733705	7410.745691
674.073310	7355.935746
674.412864	7364.384720
674.752368	7291.267824
675.091820	7338.831111
675.431223	7260.683144
675.770574	7216.537760
676.109875	7184.750764
676.449125	7141.422047
676.788324	7127.102649
677.127473	7046.025772
677.466571	7028.779985
677.805619	6974.592622
678.144616	6960.474871
678.483562	6942.636748
678.822458	6886.805969
679.161303	6869.119081
679.500098	6840.434915
679.838842	6815.622356
680.177535	6816.381050
680.516179	6838.844431
680.854771	6840.908784
681.193314	6919.487769
681.531805	7027.219748
681.870247	7116.271730
682.208638	7229.203659
682.546978	7280.036133
682.885268	7300.412477
683.223508	7232.281283
683.561697	7181.257244
683.899836	7146.594271
684.237925	7069.134421
684.575963	7034.655449
684.913951	6962.007381
685.251889	6959.262473
685.589776	6944.096162
685.927614	6918.933242
686.265401	6920.027173
686.603137	6909.193733
686.940824	6948.366019
687.278460	6979.943807
687.616046	6971.116746
687.953582	7044.591564
688.291068	7013.076790
688.628504	7051.807975
688.965889	7045.690535
689.303224	6997.469378
689.640510	6958.478574
689.977745	6871.755604
690.314930	6768.890860
690.652065	6705.120264
690.989150	6614.540811
691.326185	6496.517317
691.663170	6400.974849
692.000105	6309.901364
692.336990	6210.237752
692.673825	6147.545963
693.010610	6077.357978
693.347345	5992.608620
693.684030	5896.481378
694.020665	5855.025449
694.357251	5761.270070
694.693786	5749.377988
695.030272	5710.762750
695.366707	5622.499708
695.703093	5584.950673
696.039429	5569.408796
696.375716	5523.481364
696.711952	5507.818499
697.048139	5479.671216
697.384276	5450.263645
697.720363	5453.442093
698.056400	5428.657260
698.392388	5394.533690
698.728326	5387.839037
699.064214	5359.797619
699.400053	5352.009036
699.735842	5300.609432
700.071581	5259.289614
700.407270	5221.284355
700.742910	5193.237896
701.078501	5153.818593
701.414042	5117.348366
701.749533	5075.070729
702.084974	5022.927554
702.420366	5045.922778
702.755709	4991.818594
703.091002	4947.670689
703.426246	4944.086429
703.761440	4926.810395
704.096584	4885.712388
704.431679	4876.666037
704.766725	4857.338253
705.101721	4841.355275
705.436668	4845.725956
705.771565	4802.586282
706.106413	4835.905788
706.441212	4826.841793
706.775961	4829.100230
707.110661	4822.355166
707.445311	4862.825549
707.779913	4832.014017
708.114465	4849.615206
708.448967	4869.270665
708.783421	4937.812713
709.117825	4959.666115
709.452180	4971.921160
709.786485	5007.713352
710.120742	5085.382409
710.454949	5077.059464
710.789107	5117.915496
711.123216	5193.898287
711.457275	5198.021951
711.791286	5263.993011
712.125247	5269.099700
712.459159	5240.213888
712.793023	5319.599458
713.126837	5201.331468
713.460602	5230.585284
713.794318	5195.680335
714.127985	5159.331095
714.461602	5059.322165
714.795171	5052.869488
715.128691	4944.252787
715.462162	4876.703846
715.795584	4823.872554
716.128957	4789.852327
716.462281	4740.295264
716.795556	4712.639494
717.128782	4646.703722
717.461960	4586.421605
717.795088	4571.061209
718.128167	4520.274104
718.461198	4466.069098
718.794180	4444.921457
719.127113	4401.224736
719.459997	4375.769429
719.792833	4332.612111
720.125619	4319.731963
720.458357	4279.863998
720.791046	4259.497737
721.123686	4235.554776
721.456278	4202.454560
721.788821	4191.174978
722.121315	4161.855628
722.453761	4161.616173
722.786158	4143.972134
723.118506	4139.344355
723.450805	4121.178557
723.783056	4129.894712
724.115259	4115.335860
724.447412	4100.711473
724.779518	4123.162251
725.111574	4119.709061
725.443582	4137.373264
725.775542	4128.447901
726.107453	4171.559849
726.439315	4152.995800
726.771129	4187.512580
727.102895	4218.142631
727.434612	4236.578131
727.766281	4247.527517
728.097901	4272.148512
728.429473	4277.908030
728.760996	4279.644708
729.092471	4284.874905
729.423897	4272.597175
729.755276	4252.304010
730.086606	4252.820728
730.417887	4297.918891
730.749120	4339.110159
731.080305	4355.488868
731.411442	4389.677973
731.742530	4393.370618
732.073570	4399.311618
732.404562	4425.606276
732.735506	4420.181995
733.066401	4402.371598
733.397249	4362.541442
733.728048	4304.152277
734.058798	4216.383268
734.389501	4143.402484
734.720156	4095.196450
735.050762	4031.183879
735.381320	3983.469358
735.711831	3953.381231
736.042293	3909.087133
736.372707	3900.645721
736.703073	3873.040362
737.033391	3882.225344
737.363661	3868.558776
737.693883	3870.713870
738.024056	3882.179974
738.354182	3889.164493
738.684260	3910.695261
739.014290	3928.074639
739.344272	3944.622226
739.674207	3970.710197
740.004093	3983.305520
740.333931	3983.328205
740.663722	3990.779031
740.993464	3990.216942
741.323159	3972.288078
741.652806	3947.732618
741.982405	3925.591870
742.311956	3892.025347
742.641460	3880.259294
742.970915	3847.194366
743.300323	3815.286383
743.629683	3791.645892
743.958996	3757.227414
744.288260	3729.690111
744.617477	3697.272972
744.946647	3681.915096
745.275768	3652.885612
745.604842	3632.254690
745.933869	3609.834158
746.262847	3601.591872
746.591778	3600.608847
746.920662	3581.255857
747.249498	3573.568097
747.578286	3578.750403
747.907027	3587.814398
748.235720	3601.430555
748.564365	3603.169753
748.892963	3595.849997
749.221514	3601.760750
749.550017	3587.711054
749.878473	3580.476999
750.206881	3565.691294
750.535242	3551.722257
750.863555	3540.256153
751.191821	3526.944986
751.520039	3526.108154
751.848210	3515.083151
752.176334	3512.043335
752.504411	3502.238291
752.832440	3490.230263
753.160421	3489.337978
753.488356	3479.409426
753.816243	3468.865852
754.144082	3455.302628
754.471875	3446.909107
754.799620	3438.908796
755.127318	3430.999225
755.454969	3425.151487
755.782572	3420.967329
756.110129	3418.900456
756.437638	3407.827562
756.765100	3402.408321
757.092515	3403.169536
757.419882	3398.725758
757.747203	3399.098804
758.074477	3403.885379
758.401703	3396.870614
758.728882	3408.908889
759.056014	3411.220258
759.383099	3419.565888
759.710138	3422.393976
760.037129	3429.164245
760.364073	3433.776901
760.690970	3428.077877
761.017820	3427.989657
761.344623	3438.190431
761.671379	3455.035447
761.998088	3484.392606
762.324751	3567.932087
762.651366	3754.585850
762.977935	4040.767112
763.304456	4267.039303
763.630931	4390.610586
763.957359	4344.020242
764.283740	4212.909913
764.610074	4074.419335
764.936362	3910.430600
765.262602	3781.409829
765.588796	3642.072337
765.914943	3542.151627
766.241044	3450.261474
766.567097	3382.175650
766.893104	3321.777586
767.219064	3285.750980
767.544978	3243.806060
767.870845	3212.679455
768.196665	3195.310160
768.522438	3172.037673
768.848165	3154.428922
769.173846	3137.616674
769.499479	3127.983029
769.825066	3108.435955
770.150607	3091.631269
770.476101	3084.324117
770.801548	3071.839699
771.126949	3058.026938
771.452303	3051.841442
771.777611	3035.591282
772.102872	3030.262783
772.428087	3019.527646
772.753256	3008.875688
773.078378	2999.514265
773.403453	2989.726865
773.728482	2977.915441
774.053465	2968.881693
774.378401	2963.686784
774.703291	2952.492902
775.028135	2943.950667
775.352932	2941.172991
775.677683	2931.872063
776.002388	2922.291350
776.327046	2923.523912
776.651658	2916.675504
776.976224	2909.494381
777.300743	2903.623957
777.625216	2897.561969
777.949643	2896.281516
778.274024	2895.810168
778.598359	2885.075031
778.922647	2885.624517
779.246889	2879.333157
779.571086	2879.219731
779.895236	2878.970194
780.219339	2882.115874
780.543397	2881.354660
780.867409	2880.779968
781.191374	2881.823487
781.515294	2878.350132
781.839167	2884.149980
782.162995	2880.472458
782.486776	2876.673948
782.810511	2872.240254
783.134201	2866.160622
783.457844	2863.672813
783.781441	2859.390352
784.104993	2856.511854
784.428498	2853.804754
784.751958	2850.931296
785.075372	2849.602952
785.398739	2842.736901
785.722061	2844.854185
786.045337	2843.462827
786.368568	2846.348887
786.691752	2848.793847
787.014891	2861.369005
787.337983	2875.771582
787.661030	2908.218969
787.984031	2938.110490
788.306987	2964.188379
788.629897	2973.559884
788.952760	2970.391519
789.275579	2960.291567
789.598351	2939.287600
789.921078	2921.386463
790.243759	2899.001219
790.566395	2883.262737
790.888984	2865.593492
791.211529	2852.345340
791.534027	2838.802280
791.856480	2826.433809
792.178888	2819.676142
792.501249	2813.510811
792.823566	2807.037970
793.145836	2802.952115
793.468062	2799.314922
793.790241	2792.504323
794.112375	2794.150260
794.434464	2802.233750
794.756507	2800.749130
795.078505	2810.297076
795.400457	2819.068683
795.722364	2834.038390
796.044226	2851.097654
796.366042	2861.061495
796.687812	2859.178624
797.009538	2864.822196
797.331218	2861.202647
797.652852	2857.101669
797.974442	2848.148579
798.295986	2843.472909
798.617484	2832.208451
798.938938	2823.847697
799.260346	2823.477172
799.581709	2808.573001
799.903026	2807.728608
800.224299	2796.915333
800.545526	2792.279992
800.866708	2784.204063
801.187845	2782.192643
801.508936	2775.185439
801.829983	2773.080757
802.150984	2766.358379
802.471940	2762.368306
802.792851	2762.217071
803.113717	2760.936618
803.434538	2756.265989
803.755314	2753.866400
804.076045	2754.574682
804.396731	2749.415061
804.717372	2745.614031
805.037967	2748.610997
805.358518	2750.534197
805.679024	2755.348499
805.999485	2754.206678
806.319901	2757.564086
806.640272	2757.740526
806.960598	2758.910074
807.280879	2762.184303
807.601115	2762.527102
807.921306	2758.274889
808.241453	2757.720362
808.561554	2761.826382
808.881611	2756.858324
809.201623	2758.242121
809.521590	2753.097624
809.841513	2752.903539
810.161390	2750.990421
810.481223	2747.592684
810.801011	2744.421798
811.120755	2744.157137
811.440453	2737.301168
811.760107	2737.528020
812.079716	2731.771022
812.399281	2724.567213
812.718801	2724.758777
813.038276	2721.920608
813.357707	2723.475804
813.677093	2720.330124
813.996434	2717.504557
814.315731	2717.416337
814.634983	2715.445246
814.954191	2718.588405
815.273354	2718.137222
815.592473	2719.279043
815.911547	2725.187275
816.230577	2731.148440
816.549562	2732.242370
816.868502	2733.633729
817.187399	2734.873852
817.506250	2742.155799
817.825058	2739.819224
818.143821	2747.340626
818.462539	2751.292891
818.781213	2763.759664
819.099843	2779.601490
819.418429	2812.358908
819.736970	2841.874863
820.055466	2876.845348
820.373919	2917.736667
820.692327	2976.042653
821.010691	3082.766400
821.329011	3356.516177
821.647286	3892.965523
821.965517	4609.570583
822.283704	5138.861490
822.601847	5387.014809
822.919945	5151.787008
823.237999	4846.787118
823.556010	4531.667112
823.873976	4244.376796
824.191897	3994.111233
824.509775	3795.330976
824.827609	3596.752364
825.145398	3446.077317
825.463144	3348.588963
825.780845	3311.715443
826.098502	3329.331755
826.416116	3432.993002
826.733685	3555.135118
827.051210	3613.221813
827.368692	3575.763520
827.686129	3459.378401
828.003522	3330.851663
828.320872	3214.096019
828.638177	3120.199488
828.955439	3043.369783
829.272656	2977.250009
829.589830	2920.635331
829.906960	2870.498535
830.224046	2829.579489
830.541088	2797.815179
830.858086	2775.072013
831.175041	2756.659199
831.491952	2744.787282
831.808819	2742.803587
832.125642	2743.249730
832.442421	2759.396545
832.759157	2800.890283
833.075849	2879.696120
833.392497	2976.796305
833.709101	3057.875703
834.025662	3074.168712
834.342179	3037.295192
834.658653	2977.890235
834.975083	2924.595157
835.291469	2878.266953
835.607811	2839.596262
835.924110	2809.863537
836.240366	2780.188784
836.556578	2756.044178
836.872746	2730.223388
837.188871	2709.705892
837.504952	2692.870959
837.820990	2681.321675
838.136984	2670.868843
838.452935	2667.017401
838.768842	2666.256187
839.084706	2670.566373
839.400526	2697.798687
839.716303	2742.370048
840.032037	2782.230452
840.347727	2788.897378
840.663373	2767.827875
840.978977	2740.310737
841.294537	2717.857438
841.610054	2699.747092
841.925527	2687.280319
842.240957	2674.891683
842.556344	2666.745179
842.871687	2654.283447
843.186987	2647.687097
843.502244	2636.841054
843.817458	2629.506175
844.132629	2627.845115
844.447756	2620.691718
844.762840	2616.074021
845.077881	2615.839607
845.392879	2613.649226
845.707833	2610.528752
846.022745	2605.222937
846.337613	2609.583535
846.652438	2608.184615
846.967221	2610.317023
847.281960	2605.117073
847.596656	2608.166971
847.911309	2606.586569
848.225919	2602.692278
848.540485	2602.288986
848.855009	2604.988524
849.169490	2603.811414
849.483928	2602.835951
849.798323	2604.035746
850.112675	2602.346959
850.426984	2601.739500
850.741251	2602.137751
851.055474	2599.047524
851.369654	2602.069696
851.683792	2601.263111
851.997887	2600.789242
852.311938	2598.805548
852.625947	2602.036928
852.939914	2596.673140
853.253837	2603.486260
853.567718	2599.924685
853.881555	2598.908892
854.195350	2598.351845
854.509103	2600.239757
854.822812	2597.625918
855.136479	2600.842175
855.450103	2600.595158
855.763685	2599.854108
856.077224	2596.032914
856.390720	2599.236567
856.704173	2600.701022
857.017584	2599.050044
857.330953	2599.271855
857.644278	2601.978955
857.957561	2602.316712
858.270802	2599.362596
858.584000	2599.317226
858.897155	2599.483584
859.210268	2599.901999
859.523339	2599.700353
859.836367	2600.723707
860.149352	2598.692122
860.462295	2598.286310
860.775195	2593.565269
861.088054	2596.297574
861.400869	2593.000660
861.713642	2591.911771
862.026373	2593.582913
862.339062	2597.623398
862.651708	2596.385795
862.964312	2599.501228
863.276873	2599.221444
863.589392	2601.552977
863.901869	2601.263111
864.214303	2600.075919
864.526696	2603.723194
864.839045	2604.486929
865.151353	2604.431476
865.463619	2604.703698
865.775842	2603.967690
866.088023	2603.710591
866.400162	2607.924996
866.712258	2605.540530
867.024313	2606.241250
867.336325	2606.092536
867.648296	2603.151023
867.960224	2601.714294
868.272110	2603.521548
868.583954	2606.271497
868.895755	2606.677310
869.207515	2602.672113
869.519233	2606.546240
869.830909	2603.841661
870.142542	2608.308123
870.454134	2604.270159
870.765684	2605.810232
871.077191	2604.968359
871.388657	2606.642022
871.700081	2607.529265
872.011463	2610.319544
872.322803	2610.720316
872.634101	2610.284256
872.945357	2611.352980
873.256571	2612.779627
873.567744	2614.029833
873.878874	2615.532097
874.189963	2614.985132
874.501010	2616.066459
874.812015	2615.370780
875.122979	2617.830863
875.433900	2614.851541
875.744780	2614.118053
876.055618	2616.310955
876.366415	2616.810029
876.677169	2616.910852
876.987882	2612.638475
877.298554	2611.849534
877.609183	2614.193671
877.919771	2619.396141
878.230317	2620.721965
878.540822	2625.695063
878.851285	2629.004581
879.161707	2633.448358
879.472087	2647.566109
879.782425	2666.730055
880.092722	2704.884028
880.402977	2771.757455
880.713191	2895.996691
881.023363	3054.664488
881.333494	3171.339473
881.643583	3226.645972
881.953631	3211.842624
882.263637	3164.957372
882.573602	3116.958026
882.883526	3070.947415
883.193408	3026.867566
883.503248	2984.141266
883.813048	2945.619289
884.122806	2906.583114
884.432522	2869.208000
884.742197	2829.813903
885.051831	2792.300157
885.361424	2756.989394
885.670975	2731.307236
885.980485	2707.157589
886.289954	2686.428364
886.599382	2674.122907
886.908768	2667.705519
887.218113	2653.877634
887.527417	2645.703403
887.836680	2637.834162
888.145901	2632.586320
888.455082	2627.857718
888.764221	2624.681791
889.073319	2622.035185
889.382376	2620.212808
889.691392	2616.651233
890.000366	2613.543362
890.309300	2614.410440
890.618193	2616.106788
890.927044	2613.145111
891.235855	2613.324072
891.544625	2614.518825
891.853353	2615.864813
892.162041	2615.675770
892.470687	2620.369084
892.779293	2624.376801
893.087858	2630.453912
893.396381	2638.003040
893.704864	2651.137767
894.013306	2671.206600
894.321707	2700.931764
894.630068	2719.952037
894.938387	2728.113665
895.246665	2724.773901
895.554903	2719.284084
895.863100	2702.890252
896.171256	2694.403469
896.479371	2685.004238
896.787446	2673.906138
897.095480	2665.908347
897.403473	2659.324600
897.711425	2656.259579
898.019336	2648.120636
898.327207	2641.388175
898.635038	2637.110756
898.942827	2630.471556
899.250576	2622.516616
899.558284	2617.505709
899.865952	2618.206429
900.173579	2612.663680
900.481165	2610.619492
900.788711	2610.995058
901.096216	2606.009357
901.403681	2605.089347
901.711105	2605.608586
902.018489	2604.333174
902.325832	2609.308792
902.633135	2603.466095
902.940397	2609.707044
903.247619	2621.541152
903.554800	2646.240286
903.861941	2682.808816
904.169041	2719.889023
904.476101	2742.485995
904.783121	2742.838876
905.090100	2729.618450
905.397039	2713.080944
905.703938	2699.689119
906.010796	2686.055319
906.317614	2678.647343
906.624391	2665.419355
906.931129	2657.799651
907.237826	2652.030051
907.544483	2642.751807
907.851099	2632.273769
908.157675	2624.011318
908.464211	2614.808691
908.770707	2601.777309
909.077163	2597.923347
909.383578	2596.012749
909.689954	2595.301947
909.996289	2589.260124
910.302584	2593.078798
910.608839	2588.239290
910.915054	2589.701225
911.221229	2586.822726
911.527363	2589.736513
911.833458	2588.153590
912.139513	2589.534867
912.445527	2590.177614
912.751502	2591.548807
913.057436	2592.178952
913.363331	2590.835484
913.669186	2596.733634
913.975000	2602.596496
914.280775	2607.090685
914.586510	2617.142746
914.892205	2629.682616
915.197859	2646.762045
915.503475	2673.598627
915.809050	2695.530167
916.114585	2710.454503
916.420081	2718.384238
916.725536	2720.299877
917.030952	2715.326778
917.336328	2711.697148
917.641665	2703.527958
917.946961	2695.998995
918.252218	2688.190247
918.557435	2679.469051
918.862612	2673.202897
919.167750	2663.637307
919.472848	2658.308808
919.777906	2647.092241
920.082925	2639.132259
920.387904	2631.711680
920.692843	2624.951493
920.997743	2617.999742
921.302603	2610.599328
921.607423	2608.439193
921.912204	2605.190170
922.216946	2604.023143
922.521647	2598.916454
922.826310	2597.567945
923.130932	2594.838160
923.435516	2594.195413
923.740059	2593.025866
924.044564	2589.663416
924.349028	2587.619228
924.653454	2583.505647
924.957840	2583.792992
925.262186	2583.185533
925.566493	2579.850810
925.870761	2577.307548
926.174989	2580.165882
926.479178	2581.844586
926.783328	2580.813670
927.087438	2578.787127
927.391509	2580.435584
927.695541	2576.009451
927.999533	2579.891139
928.303486	2577.917527
928.607400	2577.163875
928.911275	2575.820407
929.215110	2575.858216
929.518906	2577.047928
929.822663	2575.439800
930.126381	2572.306723
930.430060	2577.083217
930.733699	2576.485840
931.037299	2575.840572
931.340861	2574.106415
931.644383	2572.604151
931.947866	2575.522979
932.251309	2575.001220
932.554714	2575.815366
932.858080	2580.002045
933.161407	2576.586663
933.464694	2576.228741
933.767943	2575.578432
934.071153	2575.059193
934.374323	2573.095664
934.677455	2574.350911
934.980548	2573.874522
935.283602	2574.507187
935.586617	2572.901579
935.889593	2575.129769
936.192530	2574.098853
936.495428	2575.260839
936.798287	2577.746128
937.101108	2574.970973
937.403890	2576.223700
937.706632	2575.979204
938.009336	2577.206725
938.312002	2579.346695
938.614628	2578.363670
938.917216	2582.812488
939.219765	2579.351736
939.522275	2581.703434
939.824747	2582.933476
940.127179	2579.865933
940.429573	2578.310738
940.731929	2577.294945
941.034246	2576.253947
941.336524	2576.707651
941.638763	2581.277457
941.940964	2580.985070
942.243126	2579.692014
942.545250	2579.583629
942.847335	2579.729822
943.149381	2577.612538
943.451389	2579.331571
943.753359	2581.963053
944.055290	2577.637743
944.357182	2577.236972
944.659036	2576.682445
944.960851	2578.280491
945.262628	2576.316961
945.564367	2576.967270
945.866067	2575.948957
946.167729	2575.563309
946.469352	2577.184040
946.770937	2574.703792
947.072484	2574.224882
947.373992	2575.059193
947.675462	2571.585838
947.976893	2575.948957
948.278286	2576.064903
948.579641	2574.237485
948.880958	2576.538772
949.182236	2574.749162
949.483476	2574.169430
949.784678	2573.955181
950.085841	2574.078689
950.386967	2576.105233
950.688054	2575.112125
950.989103	2574.786971
951.290114	2575.618761
951.591087	2574.832341
951.892021	2575.371745
952.192917	2577.867116
952.493776	2576.067424
952.794596	2578.265367
953.095378	2575.434759
953.396122	2575.712023
953.696828	2577.796540
953.997496	2576.758062
954.298126	2578.235120
954.598718	2573.882084
954.899272	2576.349729
955.199788	2578.706468
955.500266	2574.199677
955.800706	2571.376630
956.101108	2569.599624
956.401472	2568.596434
956.701798	2566.789180
957.002087	2567.933522
957.302337	2571.555591
957.602550	2571.908472
957.902724	2572.241188
958.202861	2571.439645
958.502960	2569.566856
958.803022	2568.069633
959.103045	2569.849161
959.403031	2570.126424
959.702979	2568.591393
960.002889	2569.135838
960.302762	2567.983934
960.602596	2567.961249
960.902393	2566.075857
961.202153	2570.108780
961.501875	2567.222720
961.801559	2567.694067
962.101205	2566.164077
962.400814	2566.030487
962.700385	2564.407235
962.999918	2566.978224
963.299414	2564.359344
963.598873	2567.240364
963.898293	2566.864798
964.197677	2567.764644
964.497022	2566.791701
964.796331	2564.066957
965.095601	2566.257339
965.394835	2564.508058
965.694030	2564.215671
965.993189	2565.584345
966.292309	2566.353121
966.591393	2565.440672
966.890439	2567.202555
967.189447	2564.324056
967.488419	2569.551733
967.787353	2565.264231
968.086249	2565.481001
968.385108	2565.977555
968.683930	2565.808676
968.982714	2564.417318
969.281462	2567.454613
969.580172	2566.025446
969.878844	2565.919581
970.177480	2564.873542
970.476078	2561.866494
970.774639	2566.595096
971.073162	2566.703481
971.371649	2560.880948
971.670098	2563.199879
971.968510	2562.554611
972.266885	2563.792214
972.565223	2568.137689
972.863524	2564.994530
973.161788	2566.022925
973.460014	2564.757595
973.758204	2566.736248
974.056356	2565.677606
974.354471	2567.068964
974.652550	2565.395301
974.950591	2564.424879
975.248595	2568.200703
975.546563	2564.863460
975.844493	2565.367575
976.142386	2565.372616
976.440243	2565.407904
976.738062	2563.275496
977.035845	2565.785991
977.333590	2564.903789
977.631299	2567.535271
977.928971	2565.894376
978.226606	2566.111145
978.524204	2566.960580
978.821765	2565.460836
979.119290	2564.119889
979.416777	2563.073850
979.714228	2565.400342
980.011642	2563.767009
980.309020	2567.356310
980.606360	2566.317832
980.903664	2567.295816
981.200931	2567.010991
981.498162	2564.936556
981.795356	2567.331104
982.092513	2568.359500
982.389633	2572.223544
982.686717	2572.137845
982.983764	2574.209759
983.280775	2578.000707
983.577749	2579.397106
983.874686	2578.030953
984.171587	2577.330233
984.468451	2577.806622
984.765279	2575.603638
985.062070	2572.299162
985.358824	2575.278483
985.655543	2573.141034
985.952224	2573.710685
986.248869	2570.131465
986.545478	2565.972513
986.842050	2567.341187
987.138586	2564.666855
987.435086	2562.957903
987.731549	2560.056719
988.027975	2564.203068
988.324366	2562.267265
988.620719	2562.849519
988.917037	2560.349106
989.213318	2562.627708
989.509563	2561.407749
989.805772	2562.267265
990.101944	2564.858418
990.398080	2560.260886
990.694180	2560.810372
990.990244	2561.448078
991.286271	2562.133675
991.582262	2562.831875
991.878217	2563.404046
992.174136	2559.789538
992.470019	2563.260373
992.765865	2562.231977
993.061676	2558.632593
993.357450	2562.330280
993.653188	2564.061916
993.948890	2563.179714
994.244556	2564.621484
994.540186	2564.757595
994.835780	2562.862122
995.131337	2565.846485
995.426859	2565.980075
995.722345	2563.469581
996.017795	2564.651731
996.313208	2569.246743
996.608586	2567.578121
996.903928	2572.291600
997.199234	2569.012329
997.494504	2568.067113
997.789738	2570.355797
998.084936	2567.096691
998.380099	2565.428069
998.675225	2566.496793
998.970316	2568.891342
999.265371	2563.953531
999.560390	2567.436969
999.855373	2566.973183
1000.150320	2563.038562
1000.445232	2564.646690
1000.740108	2560.399518
1001.034948	2562.978068
1001.329752	2562.110990
1001.624521	2563.482183
1001.919254	2557.934394
1002.213951	2557.616801
1002.508613	2559.272820
1002.803239	2557.573951
1003.097829	2556.631255
1003.392384	2560.969168
1003.686903	2562.557132
1003.981386	2561.460681
1004.275834	2558.093190
1004.570246	2559.968499
1004.864623	2562.587379
1005.158964	2561.564024
1005.453270	2559.540001
1005.747540	2557.868859
1006.041775	2558.650238
1006.335974	2558.781308
1006.630138	2557.379867
1006.924266	2561.443037
1007.218359	2561.228788
1007.512416	2561.611915
1007.806438	2558.083108
1008.100425	2561.685012
1008.394376	2558.166287
1008.688292	2557.838612
1008.982172	2557.911708
1009.276017	2555.665874
1009.569827	2558.594785
1009.863602	2561.377502
1010.157341	2558.957748
1010.451045	2559.575289
1010.744714	2558.821637
1011.038347	2560.424724
1011.331945	2558.786349
1011.625508	2558.297357
1011.919036	2559.197203
1012.212528	2556.343910
1012.505986	2558.330124
1012.799408	2556.633776
1013.092795	2556.853066
1013.386147	2561.284240
1013.679464	2557.969682
1013.972745	2558.130999
1014.265992	2557.062274
1014.559204	2559.890361
1014.852380	2556.941286
1015.145521	2559.739127
1015.438628	2558.201575
1015.731699	2558.980433
1016.024736	2558.027655
1016.317737	2556.427089
1016.610703	2561.344734
1016.903635	2555.716286
1017.196531	2553.646892
1017.489393	2552.179917
1017.782219	2554.113199
1018.075011	2556.863148
1018.367768	2557.702501
1018.660490	2558.231822
1018.953177	2558.231822
1019.245829	2558.231822
