Dividing Wavelength (nm)	Counts (n)	Blue Motor Position (mm): 7.500000	Red Motor Position (mm): 0.000000	
326.493990	2134.928654
326.888308	2134.928654
327.282561	2134.928654
327.676750	2124.846346
328.070874	2066.873077
328.464933	2069.393654
328.858929	2061.831923
329.252859	2152.572692
329.646726	2094.599423
330.040528	2066.873077
330.434265	2092.078846
330.827938	2150.052115
331.221547	2139.969808
331.615091	2175.257885
332.008571	2208.025385
332.401986	2205.504808
332.795338	2223.148846
333.188625	2248.354615
333.581847	2260.957500
333.975006	2283.642692
334.368100	2205.504808
334.761129	2311.369038
335.154095	2318.930769
335.546996	2359.260000
335.939833	2326.492500
336.332606	2326.492500
336.725315	2384.465769
337.117960	2414.712692
337.510540	2384.465769
337.903056	2462.603654
338.295508	2402.109808
338.687896	2422.274423
339.080220	2477.727115
339.472480	2442.439038
339.864676	2434.877308
340.256807	2424.795000
340.648875	2475.206538
341.040879	2502.932885
341.432818	2485.288846
341.824694	2407.150962
342.216506	2472.685962
342.608253	2518.056346
342.999937	2520.576923
343.391557	2497.891731
343.783113	2513.015192
344.174605	2460.083077
344.566033	2452.521346
344.957397	2480.247692
345.348697	2452.521346
345.739934	2576.029615
346.131106	2455.041923
346.522215	2540.741538
346.913260	2460.083077
347.304241	2450.000769
347.695159	2482.768269
348.086012	2487.809423
348.476802	2439.918462
348.867528	2465.124231
349.258191	2460.083077
349.648789	2399.589231
350.039324	2457.562500
350.429796	2394.548077
350.820203	2497.891731
351.210548	2384.465769
351.600828	2470.165385
351.991045	2462.603654
352.381198	2412.192115
352.771288	2467.644808
353.161314	2432.356731
353.551276	2444.959615
353.941175	2424.795000
354.331010	2439.918462
354.720782	2482.768269
355.110490	2434.877308
355.500135	2371.862885
355.889717	2442.439038
356.279235	2515.535769
356.668689	2439.918462
357.058080	2407.150962
357.447408	2389.506923
357.836672	2470.165385
358.225873	2477.727115
358.615010	2475.206538
359.004084	2502.932885
359.393095	2470.165385
359.782043	2394.548077
360.170927	2513.015192
360.559748	2442.439038
360.948505	2429.836154
361.337199	2389.506923
361.725830	2397.068654
362.114398	2500.412308
362.502903	2434.877308
362.891344	2535.700385
363.279722	2510.494615
363.668037	2497.891731
364.056289	2404.630385
364.444478	2497.891731
364.832603	2447.480192
365.220665	2424.795000
365.608665	2452.521346
365.996601	2502.932885
366.384474	2507.974038
366.772284	2417.233269
367.160031	2462.603654
367.547715	2434.877308
367.935336	2480.247692
368.322893	2457.562500
368.710388	2437.397885
369.097820	2455.041923
369.485189	2452.521346
369.872495	2485.288846
370.259738	2402.109808
370.646918	2417.233269
371.034035	2502.932885
371.421090	2455.041923
371.808081	2427.315577
372.195010	2545.782692
372.581875	2326.492500
372.968678	2419.753846
373.355418	2447.480192
373.742096	2487.809423
374.128710	2442.439038
374.515262	2381.945192
374.901751	2434.877308
375.288177	2452.521346
375.674540	2417.233269
376.060841	2495.371154
376.447079	2439.918462
376.833254	2502.932885
377.219367	2475.206538
377.605417	2472.685962
377.991404	2422.274423
378.377329	2515.535769
378.763191	2510.494615
379.148991	2502.932885
379.534727	2450.000769
379.920402	2500.412308
380.306013	2417.233269
380.691563	2439.918462
381.077049	2515.535769
381.462474	2480.247692
381.847835	2465.124231
382.233134	2417.233269
382.618371	2465.124231
383.003545	2482.768269
383.388657	2444.959615
383.773706	2336.574808
384.158693	2371.862885
384.543618	2538.220962
384.928480	2505.453462
385.313280	2412.192115
385.698017	2447.480192
386.082692	2495.371154
386.467305	2507.974038
386.851856	2497.891731
387.236344	2475.206538
387.620770	2417.233269
388.005133	2402.109808
388.389435	2507.974038
388.773674	2422.274423
389.157851	2437.397885
389.541965	2432.356731
389.926018	2439.918462
390.310008	2543.262115
390.693936	2374.383462
391.077802	2462.603654
391.461606	2450.000769
391.845348	2444.959615
392.229027	2495.371154
392.612645	2447.480192
392.996200	2505.453462
393.379694	2465.124231
393.763125	2497.891731
394.146494	2427.315577
394.529801	2457.562500
394.913047	2492.850577
395.296230	2477.727115
395.679351	2346.657115
396.062410	2467.644808
396.445408	2432.356731
396.828343	2424.795000
397.211217	2422.274423
397.594028	2523.097500
397.976778	2452.521346
398.359466	2465.124231
398.742092	2402.109808
399.124656	2450.000769
399.507158	2414.712692
399.889598	2485.288846
400.271977	2467.644808
400.654294	2460.083077
401.036549	2470.165385
401.418742	2447.480192
401.800874	2467.644808
402.182944	2598.714808
402.564952	2515.535769
402.946898	2515.535769
403.328783	2523.097500
403.710606	2507.974038
404.092367	2447.480192
404.474067	2422.274423
404.855705	2482.768269
405.237282	2434.877308
405.618797	2502.932885
406.000250	2497.891731
406.381642	2480.247692
406.762972	2470.165385
407.144240	2417.233269
407.525447	2475.206538
407.906593	2437.397885
408.287677	2480.247692
408.668700	2429.836154
409.049661	2502.932885
409.430560	2482.768269
409.811399	2518.056346
410.192176	2429.836154
410.572891	2490.330000
410.953545	2525.618077
411.334138	2455.041923
411.714669	2492.850577
412.095139	2424.795000
412.475547	2414.712692
412.855894	2487.809423
413.236180	2472.685962
413.616405	2515.535769
413.996568	2417.233269
414.376670	2472.685962
414.756711	2432.356731
415.136691	2505.453462
415.516609	2528.138654
415.896466	2442.439038
416.276262	2450.000769
416.655997	2490.330000
417.035670	2452.521346
417.415283	2513.015192
417.794834	2475.206538
418.174324	2439.918462
418.553753	2455.041923
418.933121	2485.288846
419.312428	2505.453462
419.691674	2573.509038
420.070859	2414.712692
420.449983	2447.480192
420.829045	2467.644808
421.208047	2472.685962
421.586988	2490.330000
421.965867	2558.385577
422.344686	2467.644808
422.723444	2518.056346
423.102141	2520.576923
423.480777	2515.535769
423.859352	2492.850577
424.237866	2497.891731
424.616319	2523.097500
424.994712	2429.836154
425.373044	2507.974038
425.751314	2485.288846
426.129524	2442.439038
426.507673	2535.700385
426.885762	2470.165385
427.263789	2447.480192
427.641756	2452.521346
428.019662	2419.753846
428.397508	2497.891731
428.775292	2465.124231
429.153016	2513.015192
429.530679	2510.494615
429.908282	2500.412308
430.285824	2467.644808
430.663305	2442.439038
431.040726	2470.165385
431.418086	2470.165385
431.795385	2535.700385
432.172624	2402.109808
432.549802	2530.659231
432.926920	2560.906154
433.303977	2475.206538
433.680974	2578.550192
434.057910	2510.494615
434.434786	2535.700385
434.811601	2455.041923
435.188355	2462.603654
435.565050	2452.521346
435.941683	2591.153077
436.318257	2447.480192
436.694770	2518.056346
437.071222	2500.412308
437.447614	2515.535769
437.823946	2480.247692
438.200218	2472.685962
438.576429	2523.097500
438.952580	2384.465769
439.328670	2427.315577
439.704700	2560.906154
440.080670	2540.741538
440.456580	2485.288846
440.832429	2518.056346
441.208218	2502.932885
441.583947	2439.918462
441.959616	2460.083077
442.335224	2457.562500
442.710773	2487.809423
443.086261	2515.535769
443.461689	2535.700385
443.837057	2429.836154
444.212365	2472.685962
444.587612	2432.356731
444.962800	2513.015192
445.337927	2447.480192
445.712995	2525.618077
446.088002	2460.083077
446.462949	2565.947308
446.837837	2520.576923
447.212664	2462.603654
447.587431	2533.179808
447.962139	2404.630385
448.336786	2442.439038
448.711374	2525.618077
449.085901	2450.000769
449.460369	2495.371154
449.834776	2442.439038
450.209124	2500.412308
450.583412	2472.685962
450.957640	2500.412308
451.331808	2462.603654
451.705917	2505.453462
452.079965	2500.412308
452.453954	2570.988462
452.827883	2470.165385
453.201752	2465.124231
453.575562	2482.768269
453.949311	2450.000769
454.323001	2525.618077
454.696632	2495.371154
455.070202	2533.179808
455.443713	2455.041923
455.817164	2520.576923
456.190556	2492.850577
456.563888	2497.891731
456.937160	2540.741538
457.310373	2482.768269
457.683526	2439.918462
458.056619	2490.330000
458.429653	2427.315577
458.802628	2399.589231
459.175542	2384.465769
459.548398	2414.712692
459.921194	2560.906154
460.293930	2417.233269
460.666607	2525.618077
461.039224	2412.192115
461.411782	2553.344423
461.784280	2455.041923
462.156719	2518.056346
462.529099	2497.891731
462.901419	2500.412308
463.273680	2535.700385
463.645882	2578.550192
464.018024	2452.521346
464.390106	2497.891731
464.762130	2434.877308
465.134094	2457.562500
465.505999	2477.727115
465.877845	2480.247692
466.249631	2477.727115
466.621358	2523.097500
466.993026	2437.397885
467.364634	2502.932885
467.736184	2455.041923
468.107674	2477.727115
468.479105	2485.288846
468.850477	2467.644808
469.221790	2495.371154
469.593043	2543.262115
469.964238	2497.891731
470.335373	2543.262115
470.706449	2452.521346
471.077467	2452.521346
471.448425	2455.041923
471.819324	2487.809423
472.190164	2444.959615
472.560945	2444.959615
472.931667	2465.124231
473.302330	2452.521346
473.672934	2518.056346
474.043479	2462.603654
474.413965	2447.480192
474.784393	2482.768269
475.154761	2500.412308
475.525070	2533.179808
475.895321	2510.494615
476.265513	2477.727115
476.635645	2540.741538
477.005719	2465.124231
477.375734	2475.206538
477.745691	2520.576923
478.115588	2497.891731
478.485427	2490.330000
478.855207	2427.315577
479.224928	2502.932885
479.594591	2550.823846
479.964194	2452.521346
480.333739	2510.494615
480.703226	2447.480192
481.072653	2525.618077
481.442022	2409.671538
481.811333	2505.453462
482.180584	2470.165385
482.549777	2392.027500
482.918912	2513.015192
483.287988	2525.618077
483.657005	2452.521346
484.025964	2455.041923
484.394864	2550.823846
484.763706	2465.124231
485.132489	2523.097500
485.501213	2455.041923
485.869879	2437.397885
486.238487	2525.618077
486.607036	2523.097500
486.975527	2439.918462
487.343959	2553.344423
487.712333	2437.397885
488.080648	2482.768269
488.448905	2545.782692
488.817104	2520.576923
489.185244	2500.412308
489.553326	2548.303269
489.921350	2495.371154
490.289315	2452.521346
490.657222	2444.959615
491.025070	2480.247692
491.392861	2543.262115
491.760593	2477.727115
492.128267	2490.330000
492.495883	2502.932885
492.863440	2570.988462
493.230939	2439.918462
493.598380	2392.027500
493.965763	2505.453462
494.333088	2399.589231
494.700354	2550.823846
495.067563	2470.165385
495.434713	2540.741538
495.801805	2472.685962
496.168839	2525.618077
496.535815	2470.165385
496.902733	2500.412308
497.269593	2465.124231
497.636395	2616.358846
498.003139	2502.932885
498.369825	2555.865000
498.736453	2586.111923
499.103023	2432.356731
499.469535	2467.644808
499.835989	2475.206538
500.202385	2528.138654
500.568723	2518.056346
500.935003	2439.918462
501.301226	2548.303269
501.667390	2518.056346
502.033497	2513.015192
502.399546	2487.809423
502.765537	2495.371154
503.131470	2543.262115
503.497345	2407.150962
503.863163	2455.041923
504.228923	2412.192115
504.594625	2467.644808
504.960269	2444.959615
505.325856	2437.397885
505.691385	2452.521346
506.056856	2495.371154
506.422270	2528.138654
506.787625	2487.809423
507.152924	2427.315577
507.518164	2495.371154
507.883347	2548.303269
508.248472	2432.356731
508.613540	2578.550192
508.978550	2502.932885
509.343503	2528.138654
509.708398	2477.727115
510.073236	2485.288846
510.438016	2467.644808
510.802738	2434.877308
511.167403	2507.974038
511.532010	2487.809423
511.896561	2497.891731
512.261053	2487.809423
512.625488	2518.056346
512.989866	2487.809423
513.354186	2502.932885
513.718449	2482.768269
514.082655	2417.233269
514.446803	2518.056346
514.810894	2523.097500
515.174927	2555.865000
515.538904	2515.535769
515.902822	2497.891731
516.266684	2553.344423
516.630488	2535.700385
516.994235	2523.097500
517.357925	2513.015192
517.721558	2427.315577
518.085133	2379.424615
518.448651	2507.974038
518.812112	2485.288846
519.175516	2535.700385
519.538863	2578.550192
519.902152	2495.371154
520.265385	2477.727115
520.628560	2528.138654
520.991678	2507.974038
521.354739	2402.109808
521.717743	2502.932885
522.080690	2507.974038
522.443580	2513.015192
522.806413	2497.891731
523.169189	2475.206538
523.531908	2495.371154
523.894569	2613.838269
524.257174	2530.659231
524.619722	2518.056346
524.982213	2462.603654
525.344647	2497.891731
525.707025	2414.712692
526.069345	2555.865000
526.431608	2432.356731
526.793815	2606.276538
527.155964	2472.685962
527.518057	2538.220962
527.880093	2457.562500
528.242072	2545.782692
528.603995	2497.891731
528.965860	2455.041923
529.327669	2543.262115
529.689421	2563.426731
530.051117	2548.303269
530.412755	2507.974038
530.774337	2513.015192
531.135862	2475.206538
531.497331	2490.330000
531.858743	2432.356731
532.220098	2502.932885
532.581396	2485.288846
532.942638	2608.797115
533.303824	2470.165385
533.664953	2545.782692
534.026025	2500.412308
534.387040	2492.850577
534.747999	2437.397885
535.108902	2460.083077
535.469748	2523.097500
535.830537	2586.111923
536.191270	2470.165385
536.551947	2437.397885
536.912567	2404.630385
537.273131	2450.000769
537.633638	2492.850577
537.994089	2576.029615
538.354483	2502.932885
538.714821	2507.974038
539.075103	2394.548077
539.435328	2510.494615
539.795497	2507.974038
540.155609	2520.576923
540.515665	2533.179808
540.875665	2543.262115
541.235609	2565.947308
541.595496	2548.303269
541.955328	2530.659231
542.315102	2495.371154
542.674821	2545.782692
543.034483	2538.220962
543.394090	2528.138654
543.753640	2434.877308
544.113134	2447.480192
544.472571	2482.768269
544.831953	2497.891731
545.191278	2497.891731
545.550548	2502.932885
545.909761	2437.397885
546.268918	2515.535769
546.628019	2412.192115
546.987064	2507.974038
547.346053	2505.453462
547.704986	2457.562500
548.063863	2432.356731
548.422684	2475.206538
548.781449	2523.097500
549.140158	2482.768269
549.498811	2543.262115
549.857408	2444.959615
550.215949	2558.385577
550.574434	2434.877308
550.932864	2450.000769
551.291237	2465.124231
551.649555	2487.809423
552.007817	2528.138654
552.366022	2422.274423
552.724173	2535.700385
553.082267	2457.562500
553.440305	2538.220962
553.798288	2518.056346
554.156215	2515.535769
554.514086	2598.714808
554.871902	2497.891731
555.229661	2538.220962
555.587365	2523.097500
555.945014	2502.932885
556.302606	2497.891731
556.660143	2553.344423
557.017625	2487.809423
557.375050	2540.741538
557.732421	2520.576923
558.089735	2573.509038
558.446994	2570.988462
558.804197	2472.685962
559.161345	2515.535769
559.518437	2586.111923
559.875474	2480.247692
560.232455	2450.000769
560.589381	2505.453462
560.946251	2538.220962
561.303065	2513.015192
561.659825	2576.029615
562.016528	2465.124231
562.373177	2518.056346
562.729770	2457.562500
563.086307	2485.288846
563.442789	2502.932885
563.799216	2482.768269
564.155587	2477.727115
564.511904	2457.562500
564.868164	2543.262115
565.224370	2550.823846
565.580520	2475.206538
565.936615	2442.439038
566.292654	2477.727115
566.648638	2404.630385
567.004567	2550.823846
567.360441	2523.097500
567.716260	2475.206538
568.072023	2452.521346
568.427732	2467.644808
568.783385	2480.247692
569.138982	2555.865000
569.494525	2507.974038
569.850013	2545.782692
570.205445	2472.685962
570.560823	2555.865000
570.916145	2447.480192
571.271412	2472.685962
571.626625	2543.262115
571.981782	2455.041923
572.336884	2523.097500
572.691931	2497.891731
573.046923	2530.659231
573.401860	2475.206538
573.756743	2487.809423
574.111570	2510.494615
574.466342	2507.974038
574.821059	2555.865000
575.175722	2442.439038
575.530330	2518.056346
575.884882	2545.782692
576.239380	2432.356731
576.593823	2502.932885
576.948211	2570.988462
577.302544	2467.644808
577.656823	2523.097500
578.011047	2490.330000
578.365216	2535.700385
578.719330	2455.041923
579.073389	2407.150962
579.427394	2379.424615
579.781344	2475.206538
580.135239	2507.974038
580.489080	2523.097500
580.842866	2412.192115
581.196597	2429.836154
581.550273	2528.138654
581.903895	2487.809423
582.257463	2465.124231
582.610975	2465.124231
582.964434	2475.206538
583.317837	2538.220962
583.671186	2497.891731
584.024481	2518.056346
584.377721	2543.262115
584.730906	2472.685962
585.084037	2523.097500
585.437113	2447.480192
585.790135	2467.644808
586.143103	2626.441154
586.496016	2530.659231
586.848874	2570.988462
587.201679	2452.521346
587.554428	2376.904038
587.907124	2386.986346
588.259765	2465.124231
588.612352	2439.918462
588.964884	2490.330000
589.317362	2523.097500
589.669786	2472.685962
590.022155	2462.603654
590.374470	2545.782692
590.726731	2495.371154
591.078937	2434.877308
591.431090	2495.371154
591.783188	2485.288846
592.135232	2523.097500
592.487222	2462.603654
592.839157	2523.097500
593.191038	2432.356731
593.542866	2583.591346
593.894639	2470.165385
594.246358	2530.659231
594.598022	2470.165385
594.949633	2520.576923
595.301190	2470.165385
595.652692	2490.330000
596.004141	2429.836154
596.355535	2470.165385
596.706876	2530.659231
597.058162	2490.330000
597.409395	2515.535769
597.760573	2485.288846
598.111698	2530.659231
598.462768	2470.165385
598.813785	2439.918462
599.164748	2477.727115
599.515657	2427.315577
599.866511	2490.330000
600.217312	2470.165385
600.568060	2510.494615
600.918753	2467.644808
601.269392	2528.138654
601.619978	2505.453462
601.970510	2505.453462
602.320988	2424.795000
602.671412	2528.138654
603.021783	2397.068654
603.372100	2407.150962
603.722363	2507.974038
604.072572	2578.550192
604.422728	2467.644808
604.772830	2507.974038
605.122878	2422.274423
605.472872	2553.344423
605.822813	2497.891731
606.172701	2452.521346
606.522534	2442.439038
606.872314	2480.247692
607.222041	2530.659231
607.571714	2497.891731
607.921333	2490.330000
608.270899	2530.659231
608.620411	2470.165385
608.969870	2480.247692
609.319276	2502.932885
609.668627	2495.371154
610.017926	2525.618077
610.367171	2525.618077
610.716362	2434.877308
611.065500	2465.124231
611.414585	2457.562500
611.763616	2528.138654
612.112594	2417.233269
612.461518	2507.974038
612.810389	2422.274423
613.159207	2523.097500
613.507971	2477.727115
613.856682	2497.891731
614.205340	2447.480192
614.553945	2550.823846
614.902496	2555.865000
615.250994	2482.768269
615.599439	2427.315577
615.947830	2518.056346
616.296169	2520.576923
616.644454	2538.220962
616.992686	2444.959615
617.340864	2533.179808
617.688990	2472.685962
618.037063	2460.083077
618.385082	2437.397885
618.733048	2417.233269
619.080961	2525.618077
619.428821	2555.865000
619.776628	2606.276538
620.124382	2477.727115
620.472083	2452.521346
620.819731	2392.027500
621.167326	2497.891731
621.514868	2462.603654
621.862357	2482.768269
622.209793	2470.165385
622.557176	2565.947308
622.904506	2442.439038
623.251783	2500.412308
623.599007	2485.288846
623.946179	2434.877308
624.293297	2538.220962
624.640363	2515.535769
624.987376	2455.041923
625.334336	2563.426731
625.681243	2422.274423
626.028097	2543.262115
626.374899	2563.426731
626.721647	2543.262115
627.068343	2475.206538
627.414987	2485.288846
627.761577	2475.206538
628.108115	2510.494615
628.454600	2570.988462
628.801032	2477.727115
629.147412	2548.303269
629.493739	2548.303269
629.840014	2480.247692
630.186236	2439.918462
630.532405	2507.974038
630.878521	2548.303269
631.224585	2568.467885
631.570597	2560.906154
631.916556	2560.906154
632.262462	2538.220962
632.608316	2518.056346
632.954117	2462.603654
633.299866	2520.576923
633.645562	2540.741538
633.991206	2558.385577
634.336797	2548.303269
634.682336	2450.000769
635.027823	2429.836154
635.373257	2540.741538
635.718639	2472.685962
636.063968	2563.426731
636.409245	2505.453462
636.754470	2510.494615
637.099642	2540.741538
637.444762	2470.165385
637.789829	2460.083077
638.134845	2467.644808
638.479808	2409.671538
638.824719	2470.165385
639.169577	2520.576923
639.514383	2460.083077
639.859137	2487.809423
640.203839	2530.659231
640.548489	2475.206538
640.893086	2490.330000
641.237632	2419.753846
641.582125	2583.591346
641.926566	2450.000769
642.270955	2538.220962
642.615292	2409.671538
642.959576	2409.671538
643.303809	2485.288846
643.647990	2495.371154
643.992118	2583.591346
644.336195	2424.795000
644.680219	2465.124231
645.024192	2533.179808
645.368112	2467.644808
645.711981	2480.247692
646.055797	2497.891731
646.399562	2487.809423
646.743274	2419.753846
647.086935	2497.891731
647.430544	2460.083077
647.774101	2578.550192
648.117606	2583.591346
648.461059	2470.165385
648.804460	2437.397885
649.147810	2500.412308
649.491108	2497.891731
649.834354	2550.823846
650.177548	2596.194231
650.520690	2518.056346
650.863781	2505.453462
651.206820	2492.850577
651.549807	2545.782692
651.892742	2467.644808
652.235626	2507.974038
652.578458	2427.315577
652.921238	2455.041923
653.263967	2492.850577
653.606644	2492.850577
653.949269	2528.138654
654.291843	2548.303269
654.634365	2568.467885
654.976836	2510.494615
655.319255	2530.659231
655.661622	2472.685962
656.003938	2538.220962
656.346203	2558.385577
656.688416	2515.535769
657.030577	2510.494615
657.372687	2490.330000
657.714746	2502.932885
658.056753	2558.385577
658.398708	2452.521346
658.740612	2500.412308
659.082465	2485.288846
659.424266	2485.288846
659.766016	2492.850577
660.107715	2535.700385
660.449362	2545.782692
660.790958	2502.932885
661.132503	2472.685962
661.473996	2485.288846
661.815438	2472.685962
662.156829	2513.015192
662.498168	2480.247692
662.839456	2490.330000
663.180693	2392.027500
663.521879	2500.412308
663.863013	2510.494615
664.204097	2510.494615
664.545129	2480.247692
664.886110	2500.412308
665.227040	2520.576923
665.567918	2480.247692
665.908746	2505.453462
666.249522	2515.535769
666.590248	2475.206538
666.930922	2530.659231
667.271545	2576.029615
667.612118	2457.562500
667.952639	2518.056346
668.293109	2538.220962
668.633528	2470.165385
668.973896	2518.056346
669.314213	2558.385577
669.654480	2447.480192
669.994695	2543.262115
670.334859	2424.795000
670.674973	2497.891731
671.015035	2437.397885
671.355047	2407.150962
671.695008	2545.782692
672.034918	2598.714808
672.374777	2507.974038
672.714585	2477.727115
673.054342	2578.550192
673.394049	2553.344423
673.733705	2492.850577
674.073310	2533.179808
674.412864	2422.274423
674.752368	2447.480192
675.091820	2505.453462
675.431223	2470.165385
675.770574	2495.371154
676.109875	2490.330000
676.449125	2528.138654
676.788324	2568.467885
677.127473	2470.165385
677.466571	2432.356731
677.805619	2515.535769
678.144616	2518.056346
678.483562	2513.015192
678.822458	2465.124231
679.161303	2565.947308
679.500098	2538.220962
679.838842	2477.727115
680.177535	2586.111923
680.516179	2477.727115
680.854771	2442.439038
681.193314	2462.603654
681.531805	2482.768269
681.870247	2588.632500
682.208638	2452.521346
682.546978	2409.671538
682.885268	2515.535769
683.223508	2475.206538
683.561697	2462.603654
683.899836	2601.235385
684.237925	2475.206538
684.575963	2487.809423
684.913951	2422.274423
685.251889	2586.111923
685.589776	2581.070769
685.927614	2477.727115
686.265401	2548.303269
686.603137	2465.124231
686.940824	2502.932885
687.278460	2505.453462
687.616046	2487.809423
687.953582	2528.138654
688.291068	2583.591346
688.628504	2490.330000
688.965889	2502.932885
689.303224	2492.850577
689.640510	2487.809423
689.977745	2515.535769
690.314930	2586.111923
690.652065	2429.836154
690.989150	2495.371154
691.326185	2553.344423
691.663170	2507.974038
692.000105	2543.262115
692.336990	2424.795000
692.673825	2497.891731
693.010610	2460.083077
693.347345	2553.344423
693.684030	2555.865000
694.020665	2533.179808
694.357251	2513.015192
694.693786	2495.371154
695.030272	2525.618077
695.366707	2402.109808
695.703093	2480.247692
696.039429	2540.741538
696.375716	2381.945192
696.711952	2487.809423
697.048139	2500.412308
697.384276	2570.988462
697.720363	2409.671538
698.056400	2581.070769
698.392388	2538.220962
698.728326	2470.165385
699.064214	2540.741538
699.400053	2500.412308
699.735842	2530.659231
700.071581	2457.562500
700.407270	2515.535769
700.742910	2530.659231
701.078501	2434.877308
701.414042	2444.959615
701.749533	2487.809423
702.084974	2467.644808
702.420366	2500.412308
702.755709	2467.644808
703.091002	2513.015192
703.426246	2472.685962
703.761440	2497.891731
704.096584	2490.330000
704.431679	2487.809423
704.766725	2596.194231
705.101721	2540.741538
705.436668	2487.809423
705.771565	2460.083077
706.106413	2477.727115
706.441212	2467.644808
706.775961	2470.165385
707.110661	2497.891731
707.445311	2581.070769
707.779913	2563.426731
708.114465	2437.397885
708.448967	2626.441154
708.783421	2467.644808
709.117825	2520.576923
709.452180	2465.124231
709.786485	2543.262115
710.120742	2437.397885
710.454949	2492.850577
710.789107	2545.782692
711.123216	2528.138654
711.457275	2424.795000
711.791286	2533.179808
712.125247	2495.371154
712.459159	2568.467885
712.793023	2447.480192
713.126837	2553.344423
713.460602	2490.330000
713.794318	2507.974038
714.127985	2467.644808
714.461602	2467.644808
714.795171	2530.659231
715.128691	2515.535769
715.462162	2457.562500
715.795584	2472.685962
716.128957	2563.426731
716.462281	2480.247692
716.795556	2497.891731
717.128782	2513.015192
717.461960	2581.070769
717.795088	2439.918462
718.128167	2480.247692
718.461198	2518.056346
718.794180	2530.659231
719.127113	2520.576923
719.459997	2465.124231
719.792833	2495.371154
720.125619	2543.262115
720.458357	2490.330000
720.791046	2470.165385
721.123686	2518.056346
721.456278	2502.932885
721.788821	2490.330000
722.121315	2429.836154
722.453761	2616.358846
722.786158	2518.056346
723.118506	2495.371154
723.450805	2550.823846
723.783056	2480.247692
724.115259	2502.932885
724.447412	2518.056346
724.779518	2558.385577
725.111574	2480.247692
725.443582	2465.124231
725.775542	2460.083077
726.107453	2507.974038
726.439315	2477.727115
726.771129	2465.124231
727.102895	2613.838269
727.434612	2475.206538
727.766281	2422.274423
728.097901	2442.439038
728.429473	2492.850577
728.760996	2495.371154
729.092471	2497.891731
729.423897	2480.247692
729.755276	2510.494615
730.086606	2480.247692
730.417887	2573.509038
730.749120	2482.768269
731.080305	2510.494615
731.411442	2611.317692
731.742530	2450.000769
732.073570	2460.083077
732.404562	2515.535769
732.735506	2444.959615
733.066401	2520.576923
733.397249	2470.165385
733.728048	2505.453462
734.058798	2553.344423
734.389501	2472.685962
734.720156	2475.206538
735.050762	2470.165385
735.381320	2548.303269
735.711831	2480.247692
736.042293	2581.070769
736.372707	2452.521346
736.703073	2515.535769
737.033391	2533.179808
737.363661	2510.494615
737.693883	2424.795000
738.024056	2515.535769
738.354182	2397.068654
738.684260	2384.465769
739.014290	2465.124231
739.344272	2518.056346
739.674207	2452.521346
740.004093	2543.262115
740.333931	2528.138654
740.663722	2361.780577
740.993464	2528.138654
741.323159	2555.865000
741.652806	2545.782692
741.982405	2497.891731
742.311956	2455.041923
742.641460	2482.768269
742.970915	2482.768269
743.300323	2518.056346
743.629683	2482.768269
743.958996	2432.356731
744.288260	2495.371154
744.617477	2465.124231
744.946647	2477.727115
745.275768	2540.741538
745.604842	2500.412308
745.933869	2507.974038
746.262847	2518.056346
746.591778	2447.480192
746.920662	2470.165385
747.249498	2450.000769
747.578286	2457.562500
747.907027	2518.056346
748.235720	2412.192115
748.564365	2465.124231
748.892963	2450.000769
749.221514	2497.891731
749.550017	2467.644808
749.878473	2520.576923
750.206881	2462.603654
750.535242	2455.041923
750.863555	2528.138654
751.191821	2467.644808
751.520039	2535.700385
751.848210	2550.823846
752.176334	2543.262115
752.504411	2523.097500
752.832440	2513.015192
753.160421	2497.891731
753.488356	2490.330000
753.816243	2470.165385
754.144082	2520.576923
754.471875	2480.247692
754.799620	2548.303269
755.127318	2520.576923
755.454969	2495.371154
755.782572	2485.288846
756.110129	2480.247692
756.437638	2563.426731
756.765100	2495.371154
757.092515	2437.397885
757.419882	2452.521346
757.747203	2495.371154
758.074477	2510.494615
758.401703	2482.768269
758.728882	2518.056346
759.056014	2550.823846
759.383099	2452.521346
759.710138	2510.494615
760.037129	2485.288846
760.364073	2513.015192
760.690970	2545.782692
761.017820	2465.124231
761.344623	2490.330000
761.671379	2447.480192
761.998088	2470.165385
762.324751	2538.220962
762.651366	2482.768269
762.977935	2505.453462
763.304456	2397.068654
763.630931	2450.000769
763.957359	2558.385577
764.283740	2450.000769
764.610074	2538.220962
764.936362	2477.727115
765.262602	2500.412308
765.588796	2427.315577
765.914943	2535.700385
766.241044	2477.727115
766.567097	2457.562500
766.893104	2470.165385
767.219064	2513.015192
767.544978	2467.644808
767.870845	2523.097500
768.196665	2427.315577
768.522438	2495.371154
768.848165	2414.712692
769.173846	2472.685962
769.499479	2470.165385
769.825066	2543.262115
770.150607	2442.439038
770.476101	2538.220962
770.801548	2535.700385
771.126949	2485.288846
771.452303	2520.576923
771.777611	2500.412308
772.102872	2497.891731
772.428087	2497.891731
772.753256	2578.550192
773.078378	2424.795000
773.403453	2490.330000
773.728482	2487.809423
774.053465	2553.344423
774.378401	2462.603654
774.703291	2558.385577
775.028135	2404.630385
775.352932	2492.850577
775.677683	2576.029615
776.002388	2500.412308
776.327046	2442.439038
776.651658	2482.768269
776.976224	2510.494615
777.300743	2457.562500
777.625216	2500.412308
777.949643	2510.494615
778.274024	2490.330000
778.598359	2470.165385
778.922647	2543.262115
779.246889	2545.782692
779.571086	2500.412308
779.895236	2460.083077
780.219339	2495.371154
780.543397	2591.153077
780.867409	2457.562500
781.191374	2500.412308
781.515294	2424.795000
781.839167	2467.644808
782.162995	2510.494615
782.486776	2467.644808
782.810511	2545.782692
783.134201	2452.521346
783.457844	2497.891731
783.781441	2439.918462
784.104993	2518.056346
784.428498	2513.015192
784.751958	2505.453462
785.075372	2467.644808
785.398739	2581.070769
785.722061	2467.644808
786.045337	2586.111923
786.368568	2452.521346
786.691752	2447.480192
787.014891	2505.453462
787.337983	2518.056346
787.661030	2487.809423
787.984031	2450.000769
788.306987	2482.768269
788.629897	2523.097500
788.952760	2467.644808
789.275579	2538.220962
789.598351	2444.959615
789.921078	2444.959615
790.243759	2465.124231
790.566395	2507.974038
790.888984	2492.850577
791.211529	2502.932885
791.534027	2412.192115
791.856480	2462.603654
792.178888	2397.068654
792.501249	2495.371154
792.823566	2535.700385
793.145836	2465.124231
793.468062	2465.124231
793.790241	2457.562500
794.112375	2437.397885
794.434464	2543.262115
794.756507	2437.397885
795.078505	2482.768269
795.400457	2422.274423
795.722364	2462.603654
796.044226	2570.988462
796.366042	2452.521346
796.687812	2500.412308
797.009538	2535.700385
797.331218	2535.700385
797.652852	2505.453462
797.974442	2480.247692
798.295986	2520.576923
798.617484	2492.850577
798.938938	2417.233269
799.260346	2482.768269
799.581709	2591.153077
799.903026	2480.247692
800.224299	2485.288846
800.545526	2497.891731
800.866708	2515.535769
801.187845	2444.959615
801.508936	2510.494615
801.829983	2427.315577
802.150984	2593.673654
802.471940	2457.562500
802.792851	2583.591346
803.113717	2515.535769
803.434538	2487.809423
803.755314	2505.453462
804.076045	2442.439038
804.396731	2510.494615
804.717372	2442.439038
805.037967	2502.932885
805.358518	2492.850577
805.679024	2510.494615
805.999485	2450.000769
806.319901	2525.618077
806.640272	2485.288846
806.960598	2530.659231
807.280879	2419.753846
807.601115	2470.165385
807.921306	2432.356731
808.241453	2528.138654
808.561554	2490.330000
808.881611	2495.371154
809.201623	2480.247692
809.521590	2480.247692
809.841513	2523.097500
810.161390	2520.576923
810.481223	2407.150962
810.801011	2439.918462
811.120755	2450.000769
811.440453	2490.330000
811.760107	2439.918462
812.079716	2487.809423
812.399281	2535.700385
812.718801	2465.124231
813.038276	2475.206538
813.357707	2490.330000
813.677093	2593.673654
813.996434	2437.397885
814.315731	2563.426731
814.634983	2452.521346
814.954191	2485.288846
815.273354	2460.083077
815.592473	2487.809423
815.911547	2530.659231
816.230577	2490.330000
816.549562	2487.809423
816.868502	2540.741538
817.187399	2427.315577
817.506250	2490.330000
817.825058	2455.041923
818.143821	2518.056346
818.462539	2480.247692
818.781213	2538.220962
819.099843	2429.836154
819.418429	2553.344423
819.736970	2553.344423
820.055466	2485.288846
820.373919	2543.262115
820.692327	2450.000769
821.010691	2545.782692
821.329011	2455.041923
821.647286	2457.562500
821.965517	2455.041923
822.283704	2394.548077
822.601847	2502.932885
822.919945	2502.932885
823.237999	2528.138654
823.556010	2497.891731
823.873976	2457.562500
824.191897	2490.330000
824.509775	2550.823846
824.827609	2422.274423
825.145398	2538.220962
825.463144	2507.974038
825.780845	2495.371154
826.098502	2560.906154
826.416116	2424.795000
826.733685	2573.509038
827.051210	2392.027500
827.368692	2447.480192
827.686129	2465.124231
828.003522	2477.727115
828.320872	2480.247692
828.638177	2419.753846
828.955439	2497.891731
829.272656	2507.974038
829.589830	2543.262115
829.906960	2530.659231
830.224046	2424.795000
830.541088	2654.167500
830.858086	2513.015192
831.175041	2520.576923
831.491952	2450.000769
831.808819	2543.262115
832.125642	2490.330000
832.442421	2520.576923
832.759157	2460.083077
833.075849	2500.412308
833.392497	2465.124231
833.709101	2500.412308
834.025662	2525.618077
834.342179	2505.453462
834.658653	2470.165385
834.975083	2523.097500
835.291469	2480.247692
835.607811	2533.179808
835.924110	2528.138654
836.240366	2490.330000
836.556578	2475.206538
836.872746	2470.165385
837.188871	2475.206538
837.504952	2487.809423
837.820990	2485.288846
838.136984	2482.768269
838.452935	2424.795000
838.768842	2538.220962
839.084706	2487.809423
839.400526	2507.974038
839.716303	2535.700385
840.032037	2417.233269
840.347727	2482.768269
840.663373	2467.644808
840.978977	2523.097500
841.294537	2467.644808
841.610054	2487.809423
841.925527	2510.494615
842.240957	2523.097500
842.556344	2465.124231
842.871687	2553.344423
843.186987	2477.727115
843.502244	2429.836154
843.817458	2480.247692
844.132629	2422.274423
844.447756	2495.371154
844.762840	2502.932885
845.077881	2530.659231
845.392879	2424.795000
845.707833	2465.124231
846.022745	2462.603654
846.337613	2555.865000
846.652438	2455.041923
846.967221	2437.397885
847.281960	2462.603654
847.596656	2414.712692
847.911309	2492.850577
848.225919	2492.850577
848.540485	2457.562500
848.855009	2505.453462
849.169490	2462.603654
849.483928	2555.865000
849.798323	2404.630385
850.112675	2513.015192
850.426984	2533.179808
850.741251	2455.041923
851.055474	2492.850577
851.369654	2381.945192
851.683792	2525.618077
851.997887	2505.453462
852.311938	2346.657115
852.625947	2550.823846
852.939914	2475.206538
853.253837	2518.056346
853.567718	2477.727115
853.881555	2533.179808
854.195350	2560.906154
854.509103	2457.562500
854.822812	2492.850577
855.136479	2497.891731
855.450103	2465.124231
855.763685	2460.083077
856.077224	2528.138654
856.390720	2394.548077
856.704173	2457.562500
857.017584	2457.562500
857.330953	2500.412308
857.644278	2497.891731
857.957561	2518.056346
858.270802	2457.562500
858.584000	2447.480192
858.897155	2500.412308
859.210268	2492.850577
859.523339	2492.850577
859.836367	2558.385577
860.149352	2477.727115
860.462295	2500.412308
860.775195	2460.083077
861.088054	2540.741538
861.400869	2467.644808
861.713642	2457.562500
862.026373	2520.576923
862.339062	2545.782692
862.651708	2374.383462
862.964312	2507.974038
863.276873	2477.727115
863.589392	2530.659231
863.901869	2497.891731
864.214303	2422.274423
864.526696	2518.056346
864.839045	2447.480192
865.151353	2570.988462
865.463619	2588.632500
865.775842	2500.412308
866.088023	2392.027500
866.400162	2553.344423
866.712258	2470.165385
867.024313	2603.755962
867.336325	2535.700385
867.648296	2439.918462
867.960224	2510.494615
868.272110	2500.412308
868.583954	2560.906154
868.895755	2497.891731
869.207515	2555.865000
869.519233	2434.877308
869.830909	2530.659231
870.142542	2596.194231
870.454134	2482.768269
870.765684	2507.974038
871.077191	2492.850577
871.388657	2520.576923
871.700081	2427.315577
872.011463	2535.700385
872.322803	2487.809423
872.634101	2570.988462
872.945357	2424.795000
873.256571	2432.356731
873.567744	2518.056346
873.878874	2497.891731
874.189963	2500.412308
874.501010	2417.233269
874.812015	2495.371154
875.122979	2492.850577
875.433900	2507.974038
875.744780	2560.906154
876.055618	2502.932885
876.366415	2553.344423
876.677169	2450.000769
876.987882	2538.220962
877.298554	2500.412308
877.609183	2540.741538
877.919771	2470.165385
878.230317	2424.795000
878.540822	2507.974038
878.851285	2429.836154
879.161707	2439.918462
879.472087	2520.576923
879.782425	2467.644808
880.092722	2533.179808
880.402977	2480.247692
880.713191	2525.618077
881.023363	2465.124231
881.333494	2467.644808
881.643583	2424.795000
881.953631	2485.288846
882.263637	2538.220962
882.573602	2523.097500
882.883526	2518.056346
883.193408	2452.521346
883.503248	2528.138654
883.813048	2563.426731
884.122806	2465.124231
884.432522	2518.056346
884.742197	2490.330000
885.051831	2502.932885
885.361424	2510.494615
885.670975	2497.891731
885.980485	2533.179808
886.289954	2439.918462
886.599382	2500.412308
886.908768	2505.453462
887.218113	2528.138654
887.527417	2555.865000
887.836680	2550.823846
888.145901	2500.412308
888.455082	2518.056346
888.764221	2588.632500
889.073319	2487.809423
889.382376	2490.330000
889.691392	2404.630385
890.000366	2472.685962
890.309300	2482.768269
890.618193	2523.097500
890.927044	2581.070769
891.235855	2457.562500
891.544625	2485.288846
891.853353	2500.412308
892.162041	2530.659231
892.470687	2570.988462
892.779293	2457.562500
893.087858	2447.480192
893.396381	2540.741538
893.704864	2470.165385
894.013306	2490.330000
894.321707	2533.179808
894.630068	2482.768269
894.938387	2500.412308
895.246665	2495.371154
895.554903	2530.659231
895.863100	2510.494615
896.171256	2470.165385
896.479371	2455.041923
896.787446	2492.850577
897.095480	2555.865000
897.403473	2540.741538
897.711425	2485.288846
898.019336	2462.603654
898.327207	2460.083077
898.635038	2427.315577
898.942827	2470.165385
899.250576	2482.768269
899.558284	2480.247692
899.865952	2480.247692
900.173579	2528.138654
900.481165	2470.165385
900.788711	2429.836154
901.096216	2475.206538
901.403681	2485.288846
901.711105	2407.150962
902.018489	2490.330000
902.325832	2424.795000
902.633135	2528.138654
902.940397	2462.603654
903.247619	2442.439038
903.554800	2505.453462
903.861941	2492.850577
904.169041	2553.344423
904.476101	2450.000769
904.783121	2490.330000
905.090100	2477.727115
905.397039	2576.029615
905.703938	2414.712692
906.010796	2586.111923
906.317614	2510.494615
906.624391	2528.138654
906.931129	2442.439038
907.237826	2457.562500
907.544483	2497.891731
907.851099	2444.959615
908.157675	2412.192115
908.464211	2470.165385
908.770707	2452.521346
909.077163	2497.891731
909.383578	2507.974038
909.689954	2586.111923
909.996289	2429.836154
910.302584	2424.795000
910.608839	2487.809423
910.915054	2417.233269
911.221229	2462.603654
911.527363	2455.041923
911.833458	2442.439038
912.139513	2442.439038
912.445527	2482.768269
912.751502	2444.959615
913.057436	2402.109808
913.363331	2455.041923
913.669186	2500.412308
913.975000	2530.659231
914.280775	2457.562500
914.586510	2520.576923
914.892205	2492.850577
915.197859	2540.741538
915.503475	2490.330000
915.809050	2502.932885
916.114585	2419.753846
916.420081	2409.671538
916.725536	2500.412308
917.030952	2515.535769
917.336328	2515.535769
917.641665	2470.165385
917.946961	2490.330000
918.252218	2565.947308
918.557435	2472.685962
918.862612	2528.138654
919.167750	2429.836154
919.472848	2510.494615
919.777906	2427.315577
920.082925	2510.494615
920.387904	2361.780577
920.692843	2475.206538
920.997743	2414.712692
921.302603	2477.727115
921.607423	2505.453462
921.912204	2480.247692
922.216946	2588.632500
922.521647	2467.644808
922.826310	2518.056346
923.130932	2497.891731
923.435516	2455.041923
923.740059	2533.179808
924.044564	2513.015192
924.349028	2528.138654
924.653454	2482.768269
924.957840	2397.068654
925.262186	2515.535769
925.566493	2470.165385
925.870761	2563.426731
926.174989	2475.206538
926.479178	2568.467885
926.783328	2497.891731
927.087438	2505.453462
927.391509	2525.618077
927.695541	2452.521346
927.999533	2492.850577
928.303486	2578.550192
928.607400	2442.439038
928.911275	2548.303269
929.215110	2455.041923
929.518906	2520.576923
929.822663	2437.397885
930.126381	2495.371154
930.430060	2482.768269
930.733699	2492.850577
931.037299	2505.453462
931.340861	2507.974038
931.644383	2442.439038
931.947866	2465.124231
932.251309	2545.782692
932.554714	2553.344423
932.858080	2477.727115
933.161407	2429.836154
933.464694	2523.097500
933.767943	2518.056346
934.071153	2545.782692
934.374323	2432.356731
934.677455	2409.671538
934.980548	2475.206538
935.283602	2538.220962
935.586617	2513.015192
935.889593	2495.371154
936.192530	2535.700385
936.495428	2447.480192
936.798287	2467.644808
937.101108	2455.041923
937.403890	2543.262115
937.706632	2487.809423
938.009336	2482.768269
938.312002	2447.480192
938.614628	2447.480192
938.917216	2465.124231
939.219765	2447.480192
939.522275	2485.288846
939.824747	2422.274423
940.127179	2427.315577
940.429573	2497.891731
940.731929	2442.439038
941.034246	2507.974038
941.336524	2470.165385
941.638763	2487.809423
941.940964	2472.685962
942.243126	2404.630385
942.545250	2518.056346
942.847335	2515.535769
943.149381	2513.015192
943.451389	2455.041923
943.753359	2437.397885
944.055290	2412.192115
944.357182	2447.480192
944.659036	2520.576923
944.960851	2472.685962
945.262628	2518.056346
945.564367	2379.424615
945.866067	2507.974038
946.167729	2505.453462
946.469352	2550.823846
946.770937	2457.562500
947.072484	2485.288846
947.373992	2507.974038
947.675462	2568.467885
947.976893	2550.823846
948.278286	2412.192115
948.579641	2533.179808
948.880958	2513.015192
949.182236	2417.233269
949.483476	2490.330000
949.784678	2490.330000
950.085841	2535.700385
950.386967	2455.041923
950.688054	2538.220962
950.989103	2505.453462
951.290114	2550.823846
951.591087	2487.809423
951.892021	2558.385577
952.192917	2437.397885
952.493776	2432.356731
952.794596	2555.865000
953.095378	2497.891731
953.396122	2447.480192
953.696828	2407.150962
953.997496	2490.330000
954.298126	2518.056346
954.598718	2523.097500
954.899272	2533.179808
955.199788	2523.097500
955.500266	2525.618077
955.800706	2502.932885
956.101108	2495.371154
956.401472	2455.041923
956.701798	2465.124231
957.002087	2452.521346
957.302337	2510.494615
957.602550	2407.150962
957.902724	2573.509038
958.202861	2507.974038
958.502960	2545.782692
958.803022	2399.589231
959.103045	2482.768269
959.403031	2525.618077
959.702979	2538.220962
960.002889	2482.768269
960.302762	2404.630385
960.602596	2560.906154
960.902393	2538.220962
961.202153	2482.768269
961.501875	2475.206538
961.801559	2543.262115
962.101205	2510.494615
962.400814	2507.974038
962.700385	2490.330000
962.999918	2447.480192
963.299414	2429.836154
963.598873	2450.000769
963.898293	2523.097500
964.197677	2455.041923
964.497022	2477.727115
964.796331	2439.918462
965.095601	2505.453462
965.394835	2545.782692
965.694030	2442.439038
965.993189	2467.644808
966.292309	2510.494615
966.591393	2538.220962
966.890439	2497.891731
967.189447	2530.659231
967.488419	2543.262115
967.787353	2500.412308
968.086249	2513.015192
968.385108	2432.356731
968.683930	2525.618077
968.982714	2465.124231
969.281462	2545.782692
969.580172	2470.165385
969.878844	2490.330000
970.177480	2467.644808
970.476078	2472.685962
970.774639	2563.426731
971.073162	2439.918462
971.371649	2455.041923
971.670098	2497.891731
971.968510	2535.700385
972.266885	2455.041923
972.565223	2515.535769
972.863524	2492.850577
973.161788	2573.509038
973.460014	2558.385577
973.758204	2507.974038
974.056356	2533.179808
974.354471	2460.083077
974.652550	2485.288846
974.950591	2538.220962
975.248595	2543.262115
975.546563	2460.083077
975.844493	2500.412308
976.142386	2523.097500
976.440243	2533.179808
976.738062	2495.371154
977.035845	2485.288846
977.333590	2475.206538
977.631299	2439.918462
977.928971	2480.247692
978.226606	2523.097500
978.524204	2492.850577
978.821765	2538.220962
979.119290	2495.371154
979.416777	2490.330000
979.714228	2399.589231
980.011642	2565.947308
980.309020	2543.262115
980.606360	2477.727115
980.903664	2470.165385
981.200931	2505.453462
981.498162	2482.768269
981.795356	2455.041923
982.092513	2472.685962
982.389633	2399.589231
982.686717	2538.220962
982.983764	2525.618077
983.280775	2553.344423
983.577749	2429.836154
983.874686	2409.671538
984.171587	2412.192115
984.468451	2482.768269
984.765279	2520.576923
985.062070	2404.630385
985.358824	2510.494615
985.655543	2490.330000
985.952224	2475.206538
986.248869	2510.494615
986.545478	2427.315577
986.842050	2525.618077
987.138586	2540.741538
987.435086	2492.850577
987.731549	2570.988462
988.027975	2452.521346
988.324366	2432.356731
988.620719	2520.576923
988.917037	2535.700385
989.213318	2394.548077
989.509563	2470.165385
989.805772	2434.877308
990.101944	2460.083077
990.398080	2533.179808
990.694180	2477.727115
990.990244	2505.453462
991.286271	2487.809423
991.582262	2500.412308
991.878217	2525.618077
992.174136	2407.150962
992.470019	2407.150962
992.765865	2457.562500
993.061676	2490.330000
993.357450	2477.727115
993.653188	2487.809423
993.948890	2523.097500
994.244556	2452.521346
994.540186	2404.630385
994.835780	2457.562500
995.131337	2548.303269
995.426859	2510.494615
995.722345	2490.330000
996.017795	2447.480192
996.313208	2427.315577
996.608586	2573.509038
996.903928	2364.301154
997.199234	2576.029615
997.494504	2502.932885
997.789738	2513.015192
998.084936	2429.836154
998.380099	2497.891731
998.675225	2497.891731
998.970316	2419.753846
999.265371	2394.548077
999.560390	2450.000769
999.855373	2588.632500
1000.150320	2548.303269
1000.445232	2495.371154
1000.740108	2513.015192
1001.034948	2565.947308
1001.329752	2492.850577
1001.624521	2412.192115
1001.919254	2513.015192
1002.213951	2429.836154
1002.508613	2497.891731
1002.803239	2480.247692
1003.097829	2485.288846
1003.392384	2444.959615
1003.686903	2525.618077
1003.981386	2548.303269
1004.275834	2480.247692
1004.570246	2583.591346
1004.864623	2513.015192
1005.158964	2502.932885
1005.453270	2457.562500
1005.747540	2576.029615
1006.041775	2520.576923
1006.335974	2470.165385
1006.630138	2535.700385
1006.924266	2452.521346
1007.218359	2392.027500
1007.512416	2505.453462
1007.806438	2470.165385
1008.100425	2477.727115
1008.394376	2540.741538
1008.688292	2505.453462
1008.982172	2533.179808
1009.276017	2485.288846
1009.569827	2583.591346
1009.863602	2495.371154
1010.157341	2513.015192
1010.451045	2535.700385
1010.744714	2533.179808
1011.038347	2510.494615
1011.331945	2452.521346
1011.625508	2485.288846
1011.919036	2482.768269
1012.212528	2480.247692
1012.505986	2475.206538
1012.799408	2450.000769
1013.092795	2457.562500
1013.386147	2616.358846
1013.679464	2495.371154
1013.972745	2417.233269
1014.265992	2525.618077
1014.559204	2422.274423
1014.852380	2513.015192
1015.145521	2583.591346
1015.438628	2462.603654
1015.731699	2502.932885
1016.024736	2429.836154
1016.317737	2550.823846
1016.610703	2389.506923
1016.903635	2520.576923
1017.196531	2460.083077
1017.489393	2475.206538
1017.782219	2570.988462
1018.075011	2419.753846
1018.367768	2485.288846
1018.660490	2465.124231
1018.953177	2465.124231
1019.245829	2465.124231
