Dividing Wavelength (nm)	Counts (n)	Blue Motor Position (mm): 4.200000	Red Motor Position (mm): 0.000000	
326.493990	2094.599423
326.888308	2094.599423
327.282561	2094.599423
327.676750	2061.831923
328.070874	2147.531538
328.464933	2079.475962
328.858929	2071.914231
329.252859	2107.202308
329.646726	2084.517115
330.040528	2117.284615
330.434265	2127.366923
330.827938	2134.928654
331.221547	2162.655000
331.615091	2165.175577
332.008571	2172.737308
332.401986	2202.984231
332.795338	2200.463654
333.188625	2220.628269
333.581847	2281.122115
333.975006	2281.122115
334.368100	2301.286731
334.761129	2233.231154
335.154095	2349.177692
335.546996	2334.054231
335.939833	2344.136538
336.332606	2313.889615
336.725315	2346.657115
337.117960	2374.383462
337.510540	2356.739423
337.903056	2457.562500
338.295508	2462.603654
338.687896	2381.945192
339.080220	2437.397885
339.472480	2427.315577
339.864676	2523.097500
340.256807	2570.988462
340.648875	2495.371154
341.040879	2528.138654
341.432818	2533.179808
341.824694	2490.330000
342.216506	2399.589231
342.608253	2407.150962
342.999937	2417.233269
343.391557	2450.000769
343.783113	2515.535769
344.174605	2450.000769
344.566033	2528.138654
344.957397	2462.603654
345.348697	2434.877308
345.739934	2437.397885
346.131106	2545.782692
346.522215	2447.480192
346.913260	2490.330000
347.304241	2482.768269
347.695159	2518.056346
348.086012	2462.603654
348.476802	2507.974038
348.867528	2429.836154
349.258191	2404.630385
349.648789	2533.179808
350.039324	2485.288846
350.429796	2432.356731
350.820203	2460.083077
351.210548	2402.109808
351.600828	2460.083077
351.991045	2467.644808
352.381198	2475.206538
352.771288	2520.576923
353.161314	2500.412308
353.551276	2439.918462
353.941175	2452.521346
354.331010	2457.562500
354.720782	2359.260000
355.110490	2465.124231
355.500135	2450.000769
355.889717	2490.330000
356.279235	2356.739423
356.668689	2414.712692
357.058080	2442.439038
357.447408	2369.342308
357.836672	2470.165385
358.225873	2422.274423
358.615010	2402.109808
359.004084	2450.000769
359.393095	2485.288846
359.782043	2470.165385
360.170927	2465.124231
360.559748	2439.918462
360.948505	2520.576923
361.337199	2437.397885
361.725830	2439.918462
362.114398	2432.356731
362.502903	2465.124231
362.891344	2490.330000
363.279722	2427.315577
363.668037	2470.165385
364.056289	2510.494615
364.444478	2407.150962
364.832603	2505.453462
365.220665	2442.439038
365.608665	2525.618077
365.996601	2439.918462
366.384474	2321.451346
366.772284	2457.562500
367.160031	2434.877308
367.547715	2407.150962
367.935336	2500.412308
368.322893	2455.041923
368.710388	2482.768269
369.097820	2402.109808
369.485189	2407.150962
369.872495	2434.877308
370.259738	2457.562500
370.646918	2465.124231
371.034035	2485.288846
371.421090	2518.056346
371.808081	2513.015192
372.195010	2492.850577
372.581875	2397.068654
372.968678	2447.480192
373.355418	2462.603654
373.742096	2465.124231
374.128710	2465.124231
374.515262	2412.192115
374.901751	2467.644808
375.288177	2525.618077
375.674540	2492.850577
376.060841	2502.932885
376.447079	2480.247692
376.833254	2518.056346
377.219367	2422.274423
377.605417	2434.877308
377.991404	2455.041923
378.377329	2460.083077
378.763191	2502.932885
379.148991	2414.712692
379.534727	2507.974038
379.920402	2397.068654
380.306013	2419.753846
380.691563	2399.589231
381.077049	2397.068654
381.462474	2412.192115
381.847835	2477.727115
382.233134	2444.959615
382.618371	2394.548077
383.003545	2417.233269
383.388657	2434.877308
383.773706	2538.220962
384.158693	2417.233269
384.543618	2442.439038
384.928480	2351.698269
385.313280	2361.780577
385.698017	2507.974038
386.082692	2422.274423
386.467305	2505.453462
386.851856	2555.865000
387.236344	2399.589231
387.620770	2407.150962
388.005133	2490.330000
388.389435	2502.932885
388.773674	2472.685962
389.157851	2500.412308
389.541965	2457.562500
389.926018	2485.288846
390.310008	2450.000769
390.693936	2515.535769
391.077802	2450.000769
391.461606	2487.809423
391.845348	2376.904038
392.229027	2475.206538
392.612645	2447.480192
392.996200	2520.576923
393.379694	2412.192115
393.763125	2492.850577
394.146494	2412.192115
394.529801	2457.562500
394.913047	2429.836154
395.296230	2535.700385
395.679351	2485.288846
396.062410	2455.041923
396.445408	2422.274423
396.828343	2444.959615
397.211217	2412.192115
397.594028	2487.809423
397.976778	2472.685962
398.359466	2570.988462
398.742092	2397.068654
399.124656	2475.206538
399.507158	2462.603654
399.889598	2550.823846
400.271977	2475.206538
400.654294	2502.932885
401.036549	2467.644808
401.418742	2480.247692
401.800874	2409.671538
402.182944	2452.521346
402.564952	2465.124231
402.946898	2472.685962
403.328783	2414.712692
403.710606	2510.494615
404.092367	2404.630385
404.474067	2402.109808
404.855705	2470.165385
405.237282	2457.562500
405.618797	2439.918462
406.000250	2523.097500
406.381642	2470.165385
406.762972	2414.712692
407.144240	2457.562500
407.525447	2490.330000
407.906593	2424.795000
408.287677	2450.000769
408.668700	2467.644808
409.049661	2538.220962
409.430560	2470.165385
409.811399	2472.685962
410.192176	2485.288846
410.572891	2402.109808
410.953545	2523.097500
411.334138	2434.877308
411.714669	2409.671538
412.095139	2502.932885
412.475547	2520.576923
412.855894	2419.753846
413.236180	2457.562500
413.616405	2525.618077
413.996568	2495.371154
414.376670	2555.865000
414.756711	2500.412308
415.136691	2492.850577
415.516609	2472.685962
415.896466	2507.974038
416.276262	2407.150962
416.655997	2439.918462
417.035670	2470.165385
417.415283	2565.947308
417.794834	2477.727115
418.174324	2492.850577
418.553753	2414.712692
418.933121	2424.795000
419.312428	2447.480192
419.691674	2497.891731
420.070859	2434.877308
420.449983	2447.480192
420.829045	2432.356731
421.208047	2487.809423
421.586988	2422.274423
421.965867	2412.192115
422.344686	2472.685962
422.723444	2475.206538
423.102141	2502.932885
423.480777	2460.083077
423.859352	2530.659231
424.237866	2470.165385
424.616319	2513.015192
424.994712	2495.371154
425.373044	2520.576923
425.751314	2535.700385
426.129524	2439.918462
426.507673	2505.453462
426.885762	2467.644808
427.263789	2485.288846
427.641756	2573.509038
428.019662	2434.877308
428.397508	2386.986346
428.775292	2457.562500
429.153016	2472.685962
429.530679	2535.700385
429.908282	2452.521346
430.285824	2467.644808
430.663305	2452.521346
431.040726	2530.659231
431.418086	2518.056346
431.795385	2495.371154
432.172624	2442.439038
432.549802	2384.465769
432.926920	2495.371154
433.303977	2402.109808
433.680974	2407.150962
434.057910	2379.424615
434.434786	2422.274423
434.811601	2472.685962
435.188355	2444.959615
435.565050	2492.850577
435.941683	2460.083077
436.318257	2465.124231
436.694770	2344.136538
437.071222	2502.932885
437.447614	2500.412308
437.823946	2384.465769
438.200218	2523.097500
438.576429	2452.521346
438.952580	2480.247692
439.328670	2465.124231
439.704700	2427.315577
440.080670	2480.247692
440.456580	2444.959615
440.832429	2596.194231
441.208218	2487.809423
441.583947	2507.974038
441.959616	2495.371154
442.335224	2462.603654
442.710773	2528.138654
443.086261	2422.274423
443.461689	2502.932885
443.837057	2467.644808
444.212365	2475.206538
444.587612	2477.727115
444.962800	2460.083077
445.337927	2555.865000
445.712995	2452.521346
446.088002	2518.056346
446.462949	2507.974038
446.837837	2565.947308
447.212664	2452.521346
447.587431	2550.823846
447.962139	2492.850577
448.336786	2477.727115
448.711374	2427.315577
449.085901	2475.206538
449.460369	2409.671538
449.834776	2465.124231
450.209124	2528.138654
450.583412	2482.768269
450.957640	2457.562500
451.331808	2510.494615
451.705917	2497.891731
452.079965	2457.562500
452.453954	2500.412308
452.827883	2523.097500
453.201752	2480.247692
453.575562	2497.891731
453.949311	2513.015192
454.323001	2419.753846
454.696632	2515.535769
455.070202	2409.671538
455.443713	2432.356731
455.817164	2530.659231
456.190556	2550.823846
456.563888	2442.439038
456.937160	2480.247692
457.310373	2480.247692
457.683526	2510.494615
458.056619	2444.959615
458.429653	2475.206538
458.802628	2434.877308
459.175542	2465.124231
459.548398	2419.753846
459.921194	2502.932885
460.293930	2487.809423
460.666607	2427.315577
461.039224	2583.591346
461.411782	2429.836154
461.784280	2490.330000
462.156719	2487.809423
462.529099	2548.303269
462.901419	2475.206538
463.273680	2606.276538
463.645882	2505.453462
464.018024	2513.015192
464.390106	2507.974038
464.762130	2558.385577
465.134094	2518.056346
465.505999	2457.562500
465.877845	2495.371154
466.249631	2412.192115
466.621358	2553.344423
466.993026	2533.179808
467.364634	2518.056346
467.736184	2543.262115
468.107674	2500.412308
468.479105	2505.453462
468.850477	2510.494615
469.221790	2477.727115
469.593043	2460.083077
469.964238	2439.918462
470.335373	2533.179808
470.706449	2439.918462
471.077467	2543.262115
471.448425	2535.700385
471.819324	2525.618077
472.190164	2510.494615
472.560945	2465.124231
472.931667	2465.124231
473.302330	2392.027500
473.672934	2477.727115
474.043479	2404.630385
474.413965	2543.262115
474.784393	2513.015192
475.154761	2560.906154
475.525070	2462.603654
475.895321	2497.891731
476.265513	2525.618077
476.635645	2475.206538
477.005719	2495.371154
477.375734	2480.247692
477.745691	2533.179808
478.115588	2578.550192
478.485427	2502.932885
478.855207	2457.562500
479.224928	2555.865000
479.594591	2560.906154
479.964194	2553.344423
480.333739	2404.630385
480.703226	2507.974038
481.072653	2487.809423
481.442022	2596.194231
481.811333	2444.959615
482.180584	2507.974038
482.549777	2487.809423
482.918912	2523.097500
483.287988	2523.097500
483.657005	2487.809423
484.025964	2603.755962
484.394864	2533.179808
484.763706	2510.494615
485.132489	2495.371154
485.501213	2502.932885
485.869879	2490.330000
486.238487	2515.535769
486.607036	2424.795000
486.975527	2482.768269
487.343959	2485.288846
487.712333	2545.782692
488.080648	2523.097500
488.448905	2467.644808
488.817104	2500.412308
489.185244	2513.015192
489.553326	2578.550192
489.921350	2495.371154
490.289315	2427.315577
490.657222	2545.782692
491.025070	2480.247692
491.392861	2513.015192
491.760593	2447.480192
492.128267	2518.056346
492.495883	2477.727115
492.863440	2500.412308
493.230939	2560.906154
493.598380	2447.480192
493.965763	2417.233269
494.333088	2427.315577
494.700354	2480.247692
495.067563	2545.782692
495.434713	2457.562500
495.801805	2497.891731
496.168839	2447.480192
496.535815	2475.206538
496.902733	2452.521346
497.269593	2558.385577
497.636395	2507.974038
498.003139	2452.521346
498.369825	2452.521346
498.736453	2525.618077
499.103023	2553.344423
499.469535	2402.109808
499.835989	2424.795000
500.202385	2500.412308
500.568723	2502.932885
500.935003	2510.494615
501.301226	2570.988462
501.667390	2497.891731
502.033497	2389.506923
502.399546	2409.671538
502.765537	2470.165385
503.131470	2495.371154
503.497345	2447.480192
503.863163	2540.741538
504.228923	2434.877308
504.594625	2505.453462
504.960269	2593.673654
505.325856	2538.220962
505.691385	2384.465769
506.056856	2477.727115
506.422270	2492.850577
506.787625	2505.453462
507.152924	2558.385577
507.518164	2507.974038
507.883347	2558.385577
508.248472	2465.124231
508.613540	2497.891731
508.978550	2573.509038
509.343503	2588.632500
509.708398	2523.097500
510.073236	2507.974038
510.438016	2487.809423
510.802738	2500.412308
511.167403	2502.932885
511.532010	2480.247692
511.896561	2538.220962
512.261053	2568.467885
512.625488	2434.877308
512.989866	2535.700385
513.354186	2515.535769
513.718449	2578.550192
514.082655	2492.850577
514.446803	2533.179808
514.810894	2477.727115
515.174927	2447.480192
515.538904	2462.603654
515.902822	2495.371154
516.266684	2495.371154
516.630488	2538.220962
516.994235	2482.768269
517.357925	2505.453462
517.721558	2472.685962
518.085133	2462.603654
518.448651	2467.644808
518.812112	2485.288846
519.175516	2513.015192
519.538863	2470.165385
519.902152	2460.083077
520.265385	2502.932885
520.628560	2533.179808
520.991678	2515.535769
521.354739	2505.453462
521.717743	2455.041923
522.080690	2540.741538
522.443580	2570.988462
522.806413	2598.714808
523.169189	2482.768269
523.531908	2608.797115
523.894569	2515.535769
524.257174	2505.453462
524.619722	2593.673654
524.982213	2530.659231
525.344647	2457.562500
525.707025	2502.932885
526.069345	2477.727115
526.431608	2475.206538
526.793815	2520.576923
527.155964	2548.303269
527.518057	2490.330000
527.880093	2523.097500
528.242072	2477.727115
528.603995	2495.371154
528.965860	2502.932885
529.327669	2510.494615
529.689421	2520.576923
530.051117	2492.850577
530.412755	2432.356731
530.774337	2465.124231
531.135862	2505.453462
531.497331	2480.247692
531.858743	2515.535769
532.220098	2480.247692
532.581396	2513.015192
532.942638	2543.262115
533.303824	2505.453462
533.664953	2497.891731
534.026025	2439.918462
534.387040	2555.865000
534.747999	2555.865000
535.108902	2568.467885
535.469748	2563.426731
535.830537	2565.947308
536.191270	2507.974038
536.551947	2452.521346
536.912567	2528.138654
537.273131	2520.576923
537.633638	2533.179808
537.994089	2487.809423
538.354483	2525.618077
538.714821	2502.932885
539.075103	2470.165385
539.435328	2465.124231
539.795497	2497.891731
540.155609	2623.920577
540.515665	2515.535769
540.875665	2460.083077
541.235609	2482.768269
541.595496	2392.027500
541.955328	2565.947308
542.315102	2497.891731
542.674821	2505.453462
543.034483	2510.494615
543.394090	2480.247692
543.753640	2457.562500
544.113134	2477.727115
544.472571	2548.303269
544.831953	2535.700385
545.191278	2419.753846
545.550548	2497.891731
545.909761	2548.303269
546.268918	2452.521346
546.628019	2467.644808
546.987064	2399.589231
547.346053	2467.644808
547.704986	2412.192115
548.063863	2444.959615
548.422684	2457.562500
548.781449	2470.165385
549.140158	2386.986346
549.498811	2570.988462
549.857408	2472.685962
550.215949	2513.015192
550.574434	2510.494615
550.932864	2492.850577
551.291237	2500.412308
551.649555	2465.124231
552.007817	2550.823846
552.366022	2439.918462
552.724173	2465.124231
553.082267	2439.918462
553.440305	2477.727115
553.798288	2485.288846
554.156215	2505.453462
554.514086	2507.974038
554.871902	2530.659231
555.229661	2452.521346
555.587365	2472.685962
555.945014	2432.356731
556.302606	2507.974038
556.660143	2455.041923
557.017625	2515.535769
557.375050	2550.823846
557.732421	2475.206538
558.089735	2583.591346
558.446994	2538.220962
558.804197	2507.974038
559.161345	2485.288846
559.518437	2523.097500
559.875474	2565.947308
560.232455	2538.220962
560.589381	2507.974038
560.946251	2568.467885
561.303065	2601.235385
561.659825	2548.303269
562.016528	2502.932885
562.373177	2558.385577
562.729770	2422.274423
563.086307	2429.836154
563.442789	2553.344423
563.799216	2465.124231
564.155587	2533.179808
564.511904	2490.330000
564.868164	2530.659231
565.224370	2490.330000
565.580520	2507.974038
565.936615	2560.906154
566.292654	2560.906154
566.648638	2404.630385
567.004567	2560.906154
567.360441	2563.426731
567.716260	2535.700385
568.072023	2495.371154
568.427732	2492.850577
568.783385	2545.782692
569.138982	2591.153077
569.494525	2477.727115
569.850013	2533.179808
570.205445	2450.000769
570.560823	2523.097500
570.916145	2404.630385
571.271412	2533.179808
571.626625	2429.836154
571.981782	2555.865000
572.336884	2505.453462
572.691931	2462.603654
573.046923	2475.206538
573.401860	2490.330000
573.756743	2598.714808
574.111570	2467.644808
574.466342	2424.795000
574.821059	2477.727115
575.175722	2535.700385
575.530330	2518.056346
575.884882	2543.262115
576.239380	2558.385577
576.593823	2558.385577
576.948211	2422.274423
577.302544	2513.015192
577.656823	2470.165385
578.011047	2568.467885
578.365216	2482.768269
578.719330	2530.659231
579.073389	2455.041923
579.427394	2515.535769
579.781344	2528.138654
580.135239	2570.988462
580.489080	2545.782692
580.842866	2437.397885
581.196597	2502.932885
581.550273	2573.509038
581.903895	2586.111923
582.257463	2482.768269
582.610975	2518.056346
582.964434	2444.959615
583.317837	2475.206538
583.671186	2412.192115
584.024481	2495.371154
584.377721	2487.809423
584.730906	2518.056346
585.084037	2573.509038
585.437113	2429.836154
585.790135	2472.685962
586.143103	2578.550192
586.496016	2558.385577
586.848874	2434.877308
587.201679	2550.823846
587.554428	2500.412308
587.907124	2492.850577
588.259765	2397.068654
588.612352	2477.727115
588.964884	2545.782692
589.317362	2369.342308
589.669786	2515.535769
590.022155	2548.303269
590.374470	2513.015192
590.726731	2598.714808
591.078937	2560.906154
591.431090	2432.356731
591.783188	2477.727115
592.135232	2576.029615
592.487222	2563.426731
592.839157	2500.412308
593.191038	2540.741538
593.542866	2452.521346
593.894639	2603.755962
594.246358	2460.083077
594.598022	2450.000769
594.949633	2470.165385
595.301190	2439.918462
595.652692	2520.576923
596.004141	2450.000769
596.355535	2510.494615
596.706876	2530.659231
597.058162	2480.247692
597.409395	2434.877308
597.760573	2535.700385
598.111698	2555.865000
598.462768	2485.288846
598.813785	2460.083077
599.164748	2507.974038
599.515657	2538.220962
599.866511	2513.015192
600.217312	2538.220962
600.568060	2450.000769
600.918753	2492.850577
601.269392	2507.974038
601.619978	2525.618077
601.970510	2497.891731
602.320988	2475.206538
602.671412	2515.535769
603.021783	2538.220962
603.372100	2407.150962
603.722363	2568.467885
604.072572	2447.480192
604.422728	2518.056346
604.772830	2497.891731
605.122878	2603.755962
605.472872	2502.932885
605.822813	2402.109808
606.172701	2518.056346
606.522534	2502.932885
606.872314	2515.535769
607.222041	2465.124231
607.571714	2465.124231
607.921333	2477.727115
608.270899	2490.330000
608.620411	2548.303269
608.969870	2558.385577
609.319276	2492.850577
609.668627	2452.521346
610.017926	2525.618077
610.367171	2588.632500
610.716362	2477.727115
611.065500	2505.453462
611.414585	2515.535769
611.763616	2457.562500
612.112594	2507.974038
612.461518	2487.809423
612.810389	2513.015192
613.159207	2472.685962
613.507971	2502.932885
613.856682	2482.768269
614.205340	2518.056346
614.553945	2470.165385
614.902496	2525.618077
615.250994	2480.247692
615.599439	2495.371154
615.947830	2543.262115
616.296169	2485.288846
616.644454	2538.220962
616.992686	2455.041923
617.340864	2543.262115
617.688990	2475.206538
618.037063	2513.015192
618.385082	2533.179808
618.733048	2518.056346
619.080961	2525.618077
619.428821	2477.727115
619.776628	2525.618077
620.124382	2455.041923
620.472083	2462.603654
620.819731	2472.685962
621.167326	2593.673654
621.514868	2417.233269
621.862357	2533.179808
622.209793	2444.959615
622.557176	2611.317692
622.904506	2470.165385
623.251783	2462.603654
623.599007	2530.659231
623.946179	2462.603654
624.293297	2565.947308
624.640363	2570.988462
624.987376	2480.247692
625.334336	2555.865000
625.681243	2490.330000
626.028097	2588.632500
626.374899	2485.288846
626.721647	2611.317692
627.068343	2513.015192
627.414987	2475.206538
627.761577	2507.974038
628.108115	2472.685962
628.454600	2520.576923
628.801032	2480.247692
629.147412	2402.109808
629.493739	2538.220962
629.840014	2500.412308
630.186236	2530.659231
630.532405	2525.618077
630.878521	2500.412308
631.224585	2528.138654
631.570597	2455.041923
631.916556	2470.165385
632.262462	2518.056346
632.608316	2455.041923
632.954117	2528.138654
633.299866	2497.891731
633.645562	2490.330000
633.991206	2477.727115
634.336797	2457.562500
634.682336	2502.932885
635.027823	2487.809423
635.373257	2510.494615
635.718639	2447.480192
636.063968	2462.603654
636.409245	2530.659231
636.754470	2538.220962
637.099642	2490.330000
637.444762	2518.056346
637.789829	2424.795000
638.134845	2535.700385
638.479808	2447.480192
638.824719	2581.070769
639.169577	2558.385577
639.514383	2507.974038
639.859137	2477.727115
640.203839	2467.644808
640.548489	2510.494615
640.893086	2518.056346
641.237632	2563.426731
641.582125	2497.891731
641.926566	2518.056346
642.270955	2495.371154
642.615292	2578.550192
642.959576	2460.083077
643.303809	2462.603654
643.647990	2543.262115
643.992118	2598.714808
644.336195	2538.220962
644.680219	2525.618077
645.024192	2470.165385
645.368112	2505.453462
645.711981	2432.356731
646.055797	2528.138654
646.399562	2553.344423
646.743274	2525.618077
647.086935	2467.644808
647.430544	2490.330000
647.774101	2518.056346
648.117606	2500.412308
648.461059	2467.644808
648.804460	2462.603654
649.147810	2500.412308
649.491108	2467.644808
649.834354	2500.412308
650.177548	2518.056346
650.520690	2480.247692
650.863781	2439.918462
651.206820	2492.850577
651.549807	2470.165385
651.892742	2482.768269
652.235626	2419.753846
652.578458	2611.317692
652.921238	2465.124231
653.263967	2530.659231
653.606644	2460.083077
653.949269	2389.506923
654.291843	2530.659231
654.634365	2538.220962
654.976836	2535.700385
655.319255	2475.206538
655.661622	2500.412308
656.003938	2450.000769
656.346203	2492.850577
656.688416	2457.562500
657.030577	2507.974038
657.372687	2485.288846
657.714746	2460.083077
658.056753	2591.153077
658.398708	2487.809423
658.740612	2442.439038
659.082465	2417.233269
659.424266	2455.041923
659.766016	2525.618077
660.107715	2528.138654
660.449362	2500.412308
660.790958	2568.467885
661.132503	2507.974038
661.473996	2492.850577
661.815438	2427.315577
662.156829	2510.494615
662.498168	2472.685962
662.839456	2513.015192
663.180693	2429.836154
663.521879	2543.262115
663.863013	2460.083077
664.204097	2470.165385
664.545129	2450.000769
664.886110	2429.836154
665.227040	2490.330000
665.567918	2490.330000
665.908746	2545.782692
666.249522	2565.947308
666.590248	2490.330000
666.930922	2515.535769
667.271545	2429.836154
667.612118	2538.220962
667.952639	2452.521346
668.293109	2404.630385
668.633528	2467.644808
668.973896	2455.041923
669.314213	2548.303269
669.654480	2460.083077
669.994695	2528.138654
670.334859	2462.603654
670.674973	2437.397885
671.015035	2447.480192
671.355047	2495.371154
671.695008	2437.397885
672.034918	2545.782692
672.374777	2518.056346
672.714585	2447.480192
673.054342	2407.150962
673.394049	2523.097500
673.733705	2502.932885
674.073310	2457.562500
674.412864	2518.056346
674.752368	2502.932885
675.091820	2500.412308
675.431223	2621.400000
675.770574	2543.262115
676.109875	2497.891731
676.449125	2530.659231
676.788324	2465.124231
677.127473	2510.494615
677.466571	2545.782692
677.805619	2472.685962
678.144616	2520.576923
678.483562	2467.644808
678.822458	2500.412308
679.161303	2538.220962
679.500098	2515.535769
679.838842	2525.618077
680.177535	2528.138654
680.516179	2515.535769
680.854771	2513.015192
681.193314	2513.015192
681.531805	2497.891731
681.870247	2482.768269
682.208638	2417.233269
682.546978	2450.000769
682.885268	2540.741538
683.223508	2588.632500
683.561697	2460.083077
683.899836	2447.480192
684.237925	2470.165385
684.575963	2520.576923
684.913951	2563.426731
685.251889	2490.330000
685.589776	2487.809423
685.927614	2515.535769
686.265401	2495.371154
686.603137	2429.836154
686.940824	2535.700385
687.278460	2502.932885
687.616046	2457.562500
687.953582	2477.727115
688.291068	2510.494615
688.628504	2422.274423
688.965889	2555.865000
689.303224	2386.986346
689.640510	2553.344423
689.977745	2500.412308
690.314930	2555.865000
690.652065	2518.056346
690.989150	2538.220962
691.326185	2520.576923
691.663170	2530.659231
692.000105	2487.809423
692.336990	2442.439038
692.673825	2497.891731
693.010610	2510.494615
693.347345	2530.659231
693.684030	2492.850577
694.020665	2570.988462
694.357251	2548.303269
694.693786	2480.247692
695.030272	2480.247692
695.366707	2535.700385
695.703093	2485.288846
696.039429	2422.274423
696.375716	2475.206538
696.711952	2570.988462
697.048139	2548.303269
697.384276	2472.685962
697.720363	2616.358846
698.056400	2502.932885
698.392388	2460.083077
698.728326	2553.344423
699.064214	2429.836154
699.400053	2507.974038
699.735842	2475.206538
700.071581	2409.671538
700.407270	2399.589231
700.742910	2545.782692
701.078501	2482.768269
701.414042	2528.138654
701.749533	2520.576923
702.084974	2495.371154
702.420366	2467.644808
702.755709	2465.124231
703.091002	2523.097500
703.426246	2555.865000
703.761440	2568.467885
704.096584	2462.603654
704.431679	2502.932885
704.766725	2460.083077
705.101721	2523.097500
705.436668	2523.097500
705.771565	2434.877308
706.106413	2460.083077
706.441212	2555.865000
706.775961	2560.906154
707.110661	2480.247692
707.445311	2487.809423
707.779913	2510.494615
708.114465	2548.303269
708.448967	2565.947308
708.783421	2510.494615
709.117825	2533.179808
709.452180	2530.659231
709.786485	2487.809423
710.120742	2462.603654
710.454949	2550.823846
710.789107	2414.712692
711.123216	2414.712692
711.457275	2588.632500
711.791286	2450.000769
712.125247	2530.659231
712.459159	2568.467885
712.793023	2518.056346
713.126837	2573.509038
713.460602	2525.618077
713.794318	2429.836154
714.127985	2432.356731
714.461602	2568.467885
714.795171	2475.206538
715.128691	2578.550192
715.462162	2369.342308
715.795584	2495.371154
716.128957	2487.809423
716.462281	2603.755962
716.795556	2533.179808
717.128782	2510.494615
717.461960	2558.385577
717.795088	2447.480192
718.128167	2535.700385
718.461198	2460.083077
718.794180	2470.165385
719.127113	2553.344423
719.459997	2543.262115
719.792833	2397.068654
720.125619	2470.165385
720.458357	2444.959615
720.791046	2465.124231
721.123686	2570.988462
721.456278	2467.644808
721.788821	2455.041923
722.121315	2502.932885
722.453761	2482.768269
722.786158	2480.247692
723.118506	2447.480192
723.450805	2518.056346
723.783056	2475.206538
724.115259	2520.576923
724.447412	2470.165385
724.779518	2442.439038
725.111574	2462.603654
725.443582	2523.097500
725.775542	2379.424615
726.107453	2510.494615
726.439315	2429.836154
726.771129	2576.029615
727.102895	2530.659231
727.434612	2424.795000
727.766281	2470.165385
728.097901	2495.371154
728.429473	2477.727115
728.760996	2545.782692
729.092471	2477.727115
729.423897	2434.877308
729.755276	2492.850577
730.086606	2513.015192
730.417887	2513.015192
730.749120	2452.521346
731.080305	2533.179808
731.411442	2450.000769
731.742530	2520.576923
732.073570	2540.741538
732.404562	2505.453462
732.735506	2455.041923
733.066401	2525.618077
733.397249	2535.700385
733.728048	2576.029615
734.058798	2513.015192
734.389501	2417.233269
734.720156	2492.850577
735.050762	2412.192115
735.381320	2523.097500
735.711831	2495.371154
736.042293	2402.109808
736.372707	2404.630385
736.703073	2535.700385
737.033391	2510.494615
737.363661	2502.932885
737.693883	2409.671538
738.024056	2507.974038
738.354182	2558.385577
738.684260	2576.029615
739.014290	2465.124231
739.344272	2475.206538
739.674207	2462.603654
740.004093	2482.768269
740.333931	2472.685962
740.663722	2487.809423
740.993464	2568.467885
741.323159	2520.576923
741.652806	2555.865000
741.982405	2560.906154
742.311956	2497.891731
742.641460	2452.521346
742.970915	2490.330000
743.300323	2568.467885
743.629683	2480.247692
743.958996	2538.220962
744.288260	2444.959615
744.617477	2570.988462
744.946647	2523.097500
745.275768	2560.906154
745.604842	2472.685962
745.933869	2553.344423
746.262847	2555.865000
746.591778	2485.288846
746.920662	2520.576923
747.249498	2570.988462
747.578286	2591.153077
747.907027	2432.356731
748.235720	2502.932885
748.564365	2505.453462
748.892963	2555.865000
749.221514	2480.247692
749.550017	2530.659231
749.878473	2409.671538
750.206881	2507.974038
750.535242	2538.220962
750.863555	2586.111923
751.191821	2550.823846
751.520039	2485.288846
751.848210	2397.068654
752.176334	2523.097500
752.504411	2492.850577
752.832440	2465.124231
753.160421	2477.727115
753.488356	2523.097500
753.816243	2439.918462
754.144082	2465.124231
754.471875	2502.932885
754.799620	2533.179808
755.127318	2505.453462
755.454969	2444.959615
755.782572	2472.685962
756.110129	2581.070769
756.437638	2475.206538
756.765100	2502.932885
757.092515	2472.685962
757.419882	2500.412308
757.747203	2530.659231
758.074477	2553.344423
758.401703	2480.247692
758.728882	2565.947308
759.056014	2535.700385
759.383099	2424.795000
759.710138	2490.330000
760.037129	2555.865000
760.364073	2482.768269
760.690970	2467.644808
761.017820	2482.768269
761.344623	2384.465769
761.671379	2407.150962
761.998088	2475.206538
762.324751	2437.397885
762.651366	2470.165385
762.977935	2518.056346
763.304456	2452.521346
763.630931	2518.056346
763.957359	2497.891731
764.283740	2515.535769
764.610074	2502.932885
764.936362	2475.206538
765.262602	2518.056346
765.588796	2467.644808
765.914943	2462.603654
766.241044	2439.918462
766.567097	2482.768269
766.893104	2462.603654
767.219064	2447.480192
767.544978	2500.412308
767.870845	2480.247692
768.196665	2550.823846
768.522438	2530.659231
768.848165	2538.220962
769.173846	2490.330000
769.499479	2525.618077
769.825066	2460.083077
770.150607	2495.371154
770.476101	2523.097500
770.801548	2490.330000
771.126949	2538.220962
771.452303	2490.330000
771.777611	2502.932885
772.102872	2414.712692
772.428087	2465.124231
772.753256	2422.274423
773.078378	2470.165385
773.403453	2500.412308
773.728482	2563.426731
774.053465	2548.303269
774.378401	2581.070769
774.703291	2475.206538
775.028135	2535.700385
775.352932	2450.000769
775.677683	2457.562500
776.002388	2540.741538
776.327046	2447.480192
776.651658	2533.179808
776.976224	2500.412308
777.300743	2563.426731
777.625216	2450.000769
777.949643	2507.974038
778.274024	2465.124231
778.598359	2424.795000
778.922647	2424.795000
779.246889	2475.206538
779.571086	2482.768269
779.895236	2477.727115
780.219339	2513.015192
780.543397	2573.509038
780.867409	2538.220962
781.191374	2460.083077
781.515294	2397.068654
781.839167	2520.576923
782.162995	2455.041923
782.486776	2397.068654
782.810511	2424.795000
783.134201	2482.768269
783.457844	2480.247692
783.781441	2452.521346
784.104993	2477.727115
784.428498	2543.262115
784.751958	2495.371154
785.075372	2490.330000
785.398739	2460.083077
785.722061	2492.850577
786.045337	2485.288846
786.368568	2538.220962
786.691752	2510.494615
787.014891	2455.041923
787.337983	2460.083077
787.661030	2487.809423
787.984031	2447.480192
788.306987	2525.618077
788.629897	2482.768269
788.952760	2439.918462
789.275579	2523.097500
789.598351	2407.150962
789.921078	2432.356731
790.243759	2470.165385
790.566395	2581.070769
790.888984	2450.000769
791.211529	2533.179808
791.534027	2525.618077
791.856480	2560.906154
792.178888	2460.083077
792.501249	2515.535769
792.823566	2510.494615
793.145836	2533.179808
793.468062	2450.000769
793.790241	2404.630385
794.112375	2507.974038
794.434464	2470.165385
794.756507	2581.070769
795.078505	2465.124231
795.400457	2432.356731
795.722364	2482.768269
796.044226	2439.918462
796.366042	2480.247692
796.687812	2553.344423
797.009538	2374.383462
797.331218	2485.288846
797.652852	2399.589231
797.974442	2424.795000
798.295986	2525.618077
798.617484	2492.850577
798.938938	2407.150962
799.260346	2525.618077
799.581709	2487.809423
799.903026	2558.385577
800.224299	2485.288846
800.545526	2482.768269
800.866708	2432.356731
801.187845	2593.673654
801.508936	2447.480192
801.829983	2533.179808
802.150984	2535.700385
802.471940	2475.206538
802.792851	2495.371154
803.113717	2482.768269
803.434538	2525.618077
803.755314	2427.315577
804.076045	2563.426731
804.396731	2563.426731
804.717372	2424.795000
805.037967	2507.974038
805.358518	2457.562500
805.679024	2404.630385
805.999485	2465.124231
806.319901	2467.644808
806.640272	2492.850577
806.960598	2437.397885
807.280879	2457.562500
807.601115	2573.509038
807.921306	2543.262115
808.241453	2490.330000
808.561554	2513.015192
808.881611	2477.727115
809.201623	2480.247692
809.521590	2404.630385
809.841513	2480.247692
810.161390	2490.330000
810.481223	2558.385577
810.801011	2525.618077
811.120755	2467.644808
811.440453	2480.247692
811.760107	2565.947308
812.079716	2523.097500
812.399281	2502.932885
812.718801	2477.727115
813.038276	2525.618077
813.357707	2528.138654
813.677093	2399.589231
813.996434	2545.782692
814.315731	2558.385577
814.634983	2437.397885
814.954191	2472.685962
815.273354	2540.741538
815.592473	2457.562500
815.911547	2472.685962
816.230577	2467.644808
816.549562	2450.000769
816.868502	2439.918462
817.187399	2437.397885
817.506250	2555.865000
817.825058	2472.685962
818.143821	2480.247692
818.462539	2540.741538
818.781213	2487.809423
819.099843	2462.603654
819.418429	2444.959615
819.736970	2414.712692
820.055466	2480.247692
820.373919	2523.097500
820.692327	2500.412308
821.010691	2417.233269
821.329011	2407.150962
821.647286	2419.753846
821.965517	2470.165385
822.283704	2470.165385
822.601847	2397.068654
822.919945	2518.056346
823.237999	2470.165385
823.556010	2480.247692
823.873976	2495.371154
824.191897	2518.056346
824.509775	2523.097500
824.827609	2465.124231
825.145398	2470.165385
825.463144	2462.603654
825.780845	2462.603654
826.098502	2515.535769
826.416116	2462.603654
826.733685	2545.782692
827.051210	2465.124231
827.368692	2520.576923
827.686129	2472.685962
828.003522	2530.659231
828.320872	2442.439038
828.638177	2528.138654
828.955439	2389.506923
829.272656	2570.988462
829.589830	2389.506923
829.906960	2510.494615
830.224046	2427.315577
830.541088	2560.906154
830.858086	2455.041923
831.175041	2500.412308
831.491952	2505.453462
831.808819	2366.821731
832.125642	2510.494615
832.442421	2457.562500
832.759157	2530.659231
833.075849	2422.274423
833.392497	2507.974038
833.709101	2409.671538
834.025662	2467.644808
834.342179	2495.371154
834.658653	2490.330000
834.975083	2492.850577
835.291469	2455.041923
835.607811	2462.603654
835.924110	2528.138654
836.240366	2495.371154
836.556578	2520.576923
836.872746	2518.056346
837.188871	2460.083077
837.504952	2427.315577
837.820990	2613.838269
838.136984	2439.918462
838.452935	2502.932885
838.768842	2535.700385
839.084706	2477.727115
839.400526	2545.782692
839.716303	2510.494615
840.032037	2505.453462
840.347727	2467.644808
840.663373	2558.385577
840.978977	2482.768269
841.294537	2465.124231
841.610054	2447.480192
841.925527	2422.274423
842.240957	2467.644808
842.556344	2424.795000
842.871687	2482.768269
843.186987	2457.562500
843.502244	2495.371154
843.817458	2528.138654
844.132629	2442.439038
844.447756	2520.576923
844.762840	2533.179808
845.077881	2528.138654
845.392879	2472.685962
845.707833	2419.753846
846.022745	2480.247692
846.337613	2460.083077
846.652438	2482.768269
846.967221	2465.124231
847.281960	2505.453462
847.596656	2550.823846
847.911309	2439.918462
848.225919	2495.371154
848.540485	2558.385577
848.855009	2417.233269
849.169490	2475.206538
849.483928	2555.865000
849.798323	2558.385577
850.112675	2538.220962
850.426984	2467.644808
850.741251	2553.344423
851.055474	2482.768269
851.369654	2472.685962
851.683792	2442.439038
851.997887	2543.262115
852.311938	2444.959615
852.625947	2535.700385
852.939914	2530.659231
853.253837	2545.782692
853.567718	2495.371154
853.881555	2492.850577
854.195350	2472.685962
854.509103	2505.453462
854.822812	2452.521346
855.136479	2518.056346
855.450103	2450.000769
855.763685	2550.823846
856.077224	2457.562500
856.390720	2414.712692
856.704173	2487.809423
857.017584	2495.371154
857.330953	2535.700385
857.644278	2452.521346
857.957561	2442.439038
858.270802	2523.097500
858.584000	2457.562500
858.897155	2538.220962
859.210268	2530.659231
859.523339	2520.576923
859.836367	2465.124231
860.149352	2528.138654
860.462295	2457.562500
860.775195	2455.041923
861.088054	2591.153077
861.400869	2477.727115
861.713642	2518.056346
862.026373	2381.945192
862.339062	2492.850577
862.651708	2394.548077
862.964312	2538.220962
863.276873	2402.109808
863.589392	2570.988462
863.901869	2565.947308
864.214303	2558.385577
864.526696	2543.262115
864.839045	2520.576923
865.151353	2560.906154
865.463619	2472.685962
865.775842	2381.945192
866.088023	2535.700385
866.400162	2470.165385
866.712258	2414.712692
867.024313	2480.247692
867.336325	2460.083077
867.648296	2467.644808
867.960224	2530.659231
868.272110	2386.986346
868.583954	2414.712692
868.895755	2525.618077
869.207515	2523.097500
869.519233	2455.041923
869.830909	2472.685962
870.142542	2538.220962
870.454134	2502.932885
870.765684	2505.453462
871.077191	2462.603654
871.388657	2545.782692
871.700081	2412.192115
872.011463	2439.918462
872.322803	2477.727115
872.634101	2545.782692
872.945357	2553.344423
873.256571	2475.206538
873.567744	2429.836154
873.878874	2462.603654
874.189963	2538.220962
874.501010	2495.371154
874.812015	2417.233269
875.122979	2450.000769
875.433900	2455.041923
875.744780	2442.439038
876.055618	2412.192115
876.366415	2507.974038
876.677169	2490.330000
876.987882	2513.015192
877.298554	2570.988462
877.609183	2530.659231
877.919771	2422.274423
878.230317	2500.412308
878.540822	2470.165385
878.851285	2505.453462
879.161707	2495.371154
879.472087	2560.906154
879.782425	2606.276538
880.092722	2434.877308
880.402977	2432.356731
880.713191	2457.562500
881.023363	2545.782692
881.333494	2502.932885
881.643583	2543.262115
881.953631	2419.753846
882.263637	2487.809423
882.573602	2543.262115
882.883526	2475.206538
883.193408	2495.371154
883.503248	2545.782692
883.813048	2457.562500
884.122806	2439.918462
884.432522	2467.644808
884.742197	2518.056346
885.051831	2417.233269
885.361424	2487.809423
885.670975	2520.576923
885.980485	2502.932885
886.289954	2497.891731
886.599382	2477.727115
886.908768	2507.974038
887.218113	2545.782692
887.527417	2404.630385
887.836680	2538.220962
888.145901	2467.644808
888.455082	2543.262115
888.764221	2412.192115
889.073319	2533.179808
889.382376	2497.891731
889.691392	2492.850577
890.000366	2475.206538
890.309300	2450.000769
890.618193	2465.124231
890.927044	2402.109808
891.235855	2505.453462
891.544625	2487.809423
891.853353	2470.165385
892.162041	2497.891731
892.470687	2500.412308
892.779293	2553.344423
893.087858	2568.467885
893.396381	2510.494615
893.704864	2492.850577
894.013306	2475.206538
894.321707	2424.795000
894.630068	2538.220962
894.938387	2535.700385
895.246665	2460.083077
895.554903	2452.521346
895.863100	2523.097500
896.171256	2492.850577
896.479371	2558.385577
896.787446	2450.000769
897.095480	2429.836154
897.403473	2550.823846
897.711425	2570.988462
898.019336	2502.932885
898.327207	2404.630385
898.635038	2505.453462
898.942827	2465.124231
899.250576	2520.576923
899.558284	2455.041923
899.865952	2528.138654
900.173579	2518.056346
900.481165	2457.562500
900.788711	2475.206538
901.096216	2502.932885
901.403681	2472.685962
901.711105	2487.809423
902.018489	2462.603654
902.325832	2452.521346
902.633135	2520.576923
902.940397	2515.535769
903.247619	2513.015192
903.554800	2444.959615
903.861941	2485.288846
904.169041	2419.753846
904.476101	2497.891731
904.783121	2565.947308
905.090100	2462.603654
905.397039	2543.262115
905.703938	2530.659231
906.010796	2492.850577
906.317614	2447.480192
906.624391	2515.535769
906.931129	2520.576923
907.237826	2525.618077
907.544483	2495.371154
907.851099	2513.015192
908.157675	2513.015192
908.464211	2535.700385
908.770707	2417.233269
909.077163	2447.480192
909.383578	2379.424615
909.689954	2520.576923
909.996289	2578.550192
910.302584	2523.097500
910.608839	2528.138654
910.915054	2505.453462
911.221229	2535.700385
911.527363	2507.974038
911.833458	2424.795000
912.139513	2482.768269
912.445527	2482.768269
912.751502	2497.891731
913.057436	2482.768269
913.363331	2482.768269
913.669186	2404.630385
913.975000	2465.124231
914.280775	2497.891731
914.586510	2525.618077
914.892205	2500.412308
915.197859	2497.891731
915.503475	2502.932885
915.809050	2492.850577
916.114585	2472.685962
916.420081	2510.494615
916.725536	2467.644808
917.030952	2394.548077
917.336328	2540.741538
917.641665	2475.206538
917.946961	2470.165385
918.252218	2467.644808
918.557435	2558.385577
918.862612	2611.317692
919.167750	2472.685962
919.472848	2354.218846
919.777906	2457.562500
920.082925	2437.397885
920.387904	2475.206538
920.692843	2399.589231
920.997743	2412.192115
921.302603	2528.138654
921.607423	2502.932885
921.912204	2528.138654
922.216946	2500.412308
922.521647	2475.206538
922.826310	2472.685962
923.130932	2495.371154
923.435516	2462.603654
923.740059	2399.589231
924.044564	2477.727115
924.349028	2434.877308
924.653454	2462.603654
924.957840	2480.247692
925.262186	2465.124231
925.566493	2538.220962
925.870761	2452.521346
926.174989	2444.959615
926.479178	2480.247692
926.783328	2513.015192
927.087438	2558.385577
927.391509	2470.165385
927.695541	2472.685962
927.999533	2424.795000
928.303486	2565.947308
928.607400	2563.426731
928.911275	2490.330000
929.215110	2490.330000
929.518906	2462.603654
929.822663	2432.356731
930.126381	2510.494615
930.430060	2465.124231
930.733699	2465.124231
931.037299	2530.659231
931.340861	2505.453462
931.644383	2450.000769
931.947866	2548.303269
932.251309	2523.097500
932.554714	2485.288846
932.858080	2538.220962
933.161407	2490.330000
933.464694	2497.891731
933.767943	2505.453462
934.071153	2497.891731
934.374323	2538.220962
934.677455	2525.618077
934.980548	2513.015192
935.283602	2497.891731
935.586617	2462.603654
935.889593	2502.932885
936.192530	2518.056346
936.495428	2465.124231
936.798287	2497.891731
937.101108	2530.659231
937.403890	2429.836154
937.706632	2507.974038
938.009336	2477.727115
938.312002	2462.603654
938.614628	2460.083077
938.917216	2450.000769
939.219765	2452.521346
939.522275	2528.138654
939.824747	2434.877308
940.127179	2475.206538
940.429573	2384.465769
940.731929	2530.659231
941.034246	2497.891731
941.336524	2558.385577
941.638763	2543.262115
941.940964	2427.315577
942.243126	2450.000769
942.545250	2457.562500
942.847335	2427.315577
943.149381	2510.494615
943.451389	2452.521346
943.753359	2439.918462
944.055290	2543.262115
944.357182	2437.397885
944.659036	2581.070769
944.960851	2535.700385
945.262628	2520.576923
945.564367	2520.576923
945.866067	2568.467885
946.167729	2500.412308
946.469352	2442.439038
946.770937	2510.494615
947.072484	2475.206538
947.373992	2482.768269
947.675462	2455.041923
947.976893	2495.371154
948.278286	2465.124231
948.579641	2457.562500
948.880958	2500.412308
949.182236	2452.521346
949.483476	2528.138654
949.784678	2447.480192
950.085841	2492.850577
950.386967	2591.153077
950.688054	2505.453462
950.989103	2502.932885
951.290114	2507.974038
951.591087	2500.412308
951.892021	2450.000769
952.192917	2477.727115
952.493776	2444.959615
952.794596	2487.809423
953.095378	2495.371154
953.396122	2450.000769
953.696828	2482.768269
953.997496	2437.397885
954.298126	2492.850577
954.598718	2467.644808
954.899272	2429.836154
955.199788	2505.453462
955.500266	2462.603654
955.800706	2530.659231
956.101108	2477.727115
956.401472	2500.412308
956.701798	2538.220962
957.002087	2429.836154
957.302337	2535.700385
957.602550	2568.467885
957.902724	2480.247692
958.202861	2533.179808
958.502960	2424.795000
958.803022	2447.480192
959.103045	2472.685962
959.403031	2429.836154
959.702979	2475.206538
960.002889	2462.603654
960.302762	2472.685962
960.602596	2465.124231
960.902393	2424.795000
961.202153	2523.097500
961.501875	2450.000769
961.801559	2530.659231
962.101205	2482.768269
962.400814	2417.233269
962.700385	2495.371154
962.999918	2455.041923
963.299414	2500.412308
963.598873	2510.494615
963.898293	2513.015192
964.197677	2417.233269
964.497022	2487.809423
964.796331	2550.823846
965.095601	2434.877308
965.394835	2591.153077
965.694030	2467.644808
965.993189	2472.685962
966.292309	2495.371154
966.591393	2437.397885
966.890439	2535.700385
967.189447	2487.809423
967.488419	2591.153077
967.787353	2447.480192
968.086249	2513.015192
968.385108	2452.521346
968.683930	2477.727115
968.982714	2480.247692
969.281462	2563.426731
969.580172	2460.083077
969.878844	2409.671538
970.177480	2523.097500
970.476078	2520.576923
970.774639	2550.823846
971.073162	2530.659231
971.371649	2465.124231
971.670098	2515.535769
971.968510	2520.576923
972.266885	2510.494615
972.565223	2439.918462
972.863524	2452.521346
973.161788	2528.138654
973.460014	2429.836154
973.758204	2495.371154
974.056356	2439.918462
974.354471	2444.959615
974.652550	2502.932885
974.950591	2565.947308
975.248595	2457.562500
975.546563	2505.453462
975.844493	2487.809423
976.142386	2409.671538
976.440243	2507.974038
976.738062	2578.550192
977.035845	2477.727115
977.333590	2437.397885
977.631299	2505.453462
977.928971	2523.097500
978.226606	2432.356731
978.524204	2497.891731
978.821765	2462.603654
979.119290	2442.439038
979.416777	2485.288846
979.714228	2480.247692
980.011642	2457.562500
980.309020	2439.918462
980.606360	2480.247692
980.903664	2472.685962
981.200931	2500.412308
981.498162	2513.015192
981.795356	2475.206538
982.092513	2570.988462
982.389633	2414.712692
982.686717	2490.330000
982.983764	2465.124231
983.280775	2528.138654
983.577749	2510.494615
983.874686	2427.315577
984.171587	2565.947308
984.468451	2492.850577
984.765279	2513.015192
985.062070	2414.712692
985.358824	2507.974038
985.655543	2467.644808
985.952224	2475.206538
986.248869	2444.959615
986.545478	2492.850577
986.842050	2523.097500
987.138586	2386.986346
987.435086	2513.015192
987.731549	2467.644808
988.027975	2384.465769
988.324366	2429.836154
988.620719	2497.891731
988.917037	2460.083077
989.213318	2472.685962
989.509563	2533.179808
989.805772	2535.700385
990.101944	2457.562500
990.398080	2465.124231
990.694180	2485.288846
990.990244	2475.206538
991.286271	2502.932885
991.582262	2467.644808
991.878217	2452.521346
992.174136	2502.932885
992.470019	2487.809423
992.765865	2525.618077
993.061676	2422.274423
993.357450	2520.576923
993.653188	2535.700385
993.948890	2457.562500
994.244556	2472.685962
994.540186	2444.959615
994.835780	2455.041923
995.131337	2467.644808
995.426859	2472.685962
995.722345	2555.865000
996.017795	2573.509038
996.313208	2452.521346
996.608586	2533.179808
996.903928	2500.412308
997.199234	2487.809423
997.494504	2384.465769
997.789738	2450.000769
998.084936	2434.877308
998.380099	2510.494615
998.675225	2417.233269
998.970316	2427.315577
999.265371	2480.247692
999.560390	2447.480192
999.855373	2450.000769
1000.150320	2568.467885
1000.445232	2513.015192
1000.740108	2485.288846
1001.034948	2528.138654
1001.329752	2525.618077
1001.624521	2452.521346
1001.919254	2419.753846
1002.213951	2518.056346
1002.508613	2422.274423
1002.803239	2507.974038
1003.097829	2369.342308
1003.392384	2555.865000
1003.686903	2432.356731
1003.981386	2439.918462
1004.275834	2528.138654
1004.570246	2495.371154
1004.864623	2462.603654
1005.158964	2490.330000
1005.453270	2485.288846
1005.747540	2487.809423
1006.041775	2558.385577
1006.335974	2500.412308
1006.630138	2429.836154
1006.924266	2543.262115
1007.218359	2492.850577
1007.512416	2497.891731
1007.806438	2510.494615
1008.100425	2480.247692
1008.394376	2530.659231
1008.688292	2505.453462
1008.982172	2477.727115
1009.276017	2510.494615
1009.569827	2510.494615
1009.863602	2510.494615
1010.157341	2452.521346
1010.451045	2507.974038
1010.744714	2414.712692
1011.038347	2510.494615
1011.331945	2485.288846
1011.625508	2500.412308
1011.919036	2467.644808
1012.212528	2553.344423
1012.505986	2450.000769
1012.799408	2513.015192
1013.092795	2540.741538
1013.386147	2462.603654
1013.679464	2424.795000
1013.972745	2510.494615
1014.265992	2434.877308
1014.559204	2455.041923
1014.852380	2550.823846
1015.145521	2513.015192
1015.438628	2429.836154
1015.731699	2507.974038
1016.024736	2442.439038
1016.317737	2500.412308
1016.610703	2444.959615
1016.903635	2439.918462
1017.196531	2513.015192
1017.489393	2525.618077
1017.782219	2444.959615
1018.075011	2553.344423
1018.367768	2429.836154
1018.660490	2500.412308
1018.953177	2500.412308
1019.245829	2500.412308
