Dividing Wavelength (nm)	Counts (n)	Blue Motor Position (mm): 0.000000	Red Motor Position (mm): 0.800000	
326.493990	2102.161154
326.888308	2102.161154
327.282561	2102.161154
327.676750	2107.202308
328.070874	2087.037692
328.464933	2049.229038
328.858929	1998.817500
329.252859	2051.749615
329.646726	2117.284615
330.040528	2147.531538
330.434265	2127.366923
330.827938	2097.120000
331.221547	2114.764038
331.615091	2157.613846
332.008571	2243.313462
332.401986	2213.066538
332.795338	2197.943077
333.188625	2271.039808
333.581847	2228.190000
333.975006	2205.504808
334.368100	2255.916346
334.761129	2318.930769
335.154095	2303.807308
335.546996	2379.424615
335.939833	2356.739423
336.332606	2361.780577
336.725315	2439.918462
337.117960	2427.315577
337.510540	2374.383462
337.903056	2361.780577
338.295508	2404.630385
338.687896	2485.288846
339.080220	2422.274423
339.472480	2437.397885
339.864676	2409.671538
340.256807	2477.727115
340.648875	2432.356731
341.040879	2505.453462
341.432818	2467.644808
341.824694	2550.823846
342.216506	2472.685962
342.608253	2510.494615
342.999937	2492.850577
343.391557	2467.644808
343.783113	2414.712692
344.174605	2510.494615
344.566033	2540.741538
344.957397	2429.836154
345.348697	2518.056346
345.739934	2487.809423
346.131106	2470.165385
346.522215	2475.206538
346.913260	2434.877308
347.304241	2437.397885
347.695159	2457.562500
348.086012	2414.712692
348.476802	2422.274423
348.867528	2533.179808
349.258191	2412.192115
349.648789	2462.603654
350.039324	2427.315577
350.429796	2485.288846
350.820203	2389.506923
351.210548	2500.412308
351.600828	2434.877308
351.991045	2472.685962
352.381198	2452.521346
352.771288	2455.041923
353.161314	2460.083077
353.551276	2422.274423
353.941175	2409.671538
354.331010	2460.083077
354.720782	2528.138654
355.110490	2434.877308
355.500135	2485.288846
355.889717	2389.506923
356.279235	2414.712692
356.668689	2417.233269
357.058080	2472.685962
357.447408	2442.439038
357.836672	2389.506923
358.225873	2427.315577
358.615010	2513.015192
359.004084	2439.918462
359.393095	2475.206538
359.782043	2419.753846
360.170927	2467.644808
360.559748	2444.959615
360.948505	2495.371154
361.337199	2427.315577
361.725830	2374.383462
362.114398	2457.562500
362.502903	2412.192115
362.891344	2457.562500
363.279722	2432.356731
363.668037	2381.945192
364.056289	2371.862885
364.444478	2460.083077
364.832603	2437.397885
365.220665	2525.618077
365.608665	2374.383462
365.996601	2399.589231
366.384474	2419.753846
366.772284	2462.603654
367.160031	2447.480192
367.547715	2386.986346
367.935336	2495.371154
368.322893	2465.124231
368.710388	2450.000769
369.097820	2407.150962
369.485189	2412.192115
369.872495	2497.891731
370.259738	2507.974038
370.646918	2465.124231
371.034035	2452.521346
371.421090	2374.383462
371.808081	2472.685962
372.195010	2447.480192
372.581875	2462.603654
372.968678	2545.782692
373.355418	2412.192115
373.742096	2480.247692
374.128710	2472.685962
374.515262	2470.165385
374.901751	2422.274423
375.288177	2470.165385
375.674540	2409.671538
376.060841	2409.671538
376.447079	2470.165385
376.833254	2394.548077
377.219367	2439.918462
377.605417	2455.041923
377.991404	2419.753846
378.377329	2550.823846
378.763191	2437.397885
379.148991	2409.671538
379.534727	2533.179808
379.920402	2414.712692
380.306013	2429.836154
380.691563	2422.274423
381.077049	2419.753846
381.462474	2530.659231
381.847835	2492.850577
382.233134	2495.371154
382.618371	2419.753846
383.003545	2455.041923
383.388657	2465.124231
383.773706	2596.194231
384.158693	2497.891731
384.543618	2465.124231
384.928480	2437.397885
385.313280	2412.192115
385.698017	2487.809423
386.082692	2412.192115
386.467305	2442.439038
386.851856	2518.056346
387.236344	2424.795000
387.620770	2417.233269
388.005133	2444.959615
388.389435	2565.947308
388.773674	2447.480192
389.157851	2497.891731
389.541965	2533.179808
389.926018	2447.480192
390.310008	2518.056346
390.693936	2452.521346
391.077802	2487.809423
391.461606	2490.330000
391.845348	2507.974038
392.229027	2482.768269
392.612645	2525.618077
392.996200	2507.974038
393.379694	2555.865000
393.763125	2513.015192
394.146494	2465.124231
394.529801	2472.685962
394.913047	2437.397885
395.296230	2507.974038
395.679351	2419.753846
396.062410	2462.603654
396.445408	2505.453462
396.828343	2548.303269
397.211217	2437.397885
397.594028	2404.630385
397.976778	2389.506923
398.359466	2427.315577
398.742092	2588.632500
399.124656	2497.891731
399.507158	2538.220962
399.889598	2470.165385
400.271977	2492.850577
400.654294	2513.015192
401.036549	2472.685962
401.418742	2507.974038
401.800874	2490.330000
402.182944	2540.741538
402.564952	2485.288846
402.946898	2500.412308
403.328783	2482.768269
403.710606	2596.194231
404.092367	2465.124231
404.474067	2442.439038
404.855705	2495.371154
405.237282	2419.753846
405.618797	2452.521346
406.000250	2407.150962
406.381642	2480.247692
406.762972	2457.562500
407.144240	2495.371154
407.525447	2429.836154
407.906593	2507.974038
408.287677	2490.330000
408.668700	2533.179808
409.049661	2442.439038
409.430560	2545.782692
409.811399	2452.521346
410.192176	2465.124231
410.572891	2384.465769
410.953545	2505.453462
411.334138	2427.315577
411.714669	2465.124231
412.095139	2477.727115
412.475547	2472.685962
412.855894	2437.397885
413.236180	2578.550192
413.616405	2513.015192
413.996568	2437.397885
414.376670	2495.371154
414.756711	2487.809423
415.136691	2533.179808
415.516609	2404.630385
415.896466	2487.809423
416.276262	2447.480192
416.655997	2502.932885
417.035670	2475.206538
417.415283	2472.685962
417.794834	2472.685962
418.174324	2507.974038
418.553753	2470.165385
418.933121	2518.056346
419.312428	2439.918462
419.691674	2465.124231
420.070859	2447.480192
420.449983	2515.535769
420.829045	2442.439038
421.208047	2545.782692
421.586988	2437.397885
421.965867	2558.385577
422.344686	2548.303269
422.723444	2404.630385
423.102141	2482.768269
423.480777	2482.768269
423.859352	2417.233269
424.237866	2538.220962
424.616319	2422.274423
424.994712	2450.000769
425.373044	2515.535769
425.751314	2553.344423
426.129524	2487.809423
426.507673	2535.700385
426.885762	2455.041923
427.263789	2472.685962
427.641756	2419.753846
428.019662	2472.685962
428.397508	2507.974038
428.775292	2482.768269
429.153016	2510.494615
429.530679	2465.124231
429.908282	2505.453462
430.285824	2513.015192
430.663305	2485.288846
431.040726	2404.630385
431.418086	2523.097500
431.795385	2502.932885
432.172624	2565.947308
432.549802	2462.603654
432.926920	2538.220962
433.303977	2480.247692
433.680974	2404.630385
434.057910	2477.727115
434.434786	2450.000769
434.811601	2427.315577
435.188355	2460.083077
435.565050	2472.685962
435.941683	2502.932885
436.318257	2470.165385
436.694770	2573.509038
437.071222	2465.124231
437.447614	2414.712692
437.823946	2495.371154
438.200218	2490.330000
438.576429	2434.877308
438.952580	2477.727115
439.328670	2568.467885
439.704700	2518.056346
440.080670	2510.494615
440.456580	2528.138654
440.832429	2487.809423
441.208218	2502.932885
441.583947	2482.768269
441.959616	2550.823846
442.335224	2487.809423
442.710773	2417.233269
443.086261	2424.795000
443.461689	2500.412308
443.837057	2475.206538
444.212365	2563.426731
444.587612	2497.891731
444.962800	2598.714808
445.337927	2450.000769
445.712995	2502.932885
446.088002	2460.083077
446.462949	2533.179808
446.837837	2497.891731
447.212664	2475.206538
447.587431	2500.412308
447.962139	2505.453462
448.336786	2550.823846
448.711374	2437.397885
449.085901	2507.974038
449.460369	2485.288846
449.834776	2513.015192
450.209124	2560.906154
450.583412	2502.932885
450.957640	2502.932885
451.331808	2432.356731
451.705917	2550.823846
452.079965	2475.206538
452.453954	2530.659231
452.827883	2591.153077
453.201752	2455.041923
453.575562	2495.371154
453.949311	2472.685962
454.323001	2530.659231
454.696632	2424.795000
455.070202	2442.439038
455.443713	2462.603654
455.817164	2475.206538
456.190556	2475.206538
456.563888	2502.932885
456.937160	2480.247692
457.310373	2505.453462
457.683526	2482.768269
458.056619	2502.932885
458.429653	2520.576923
458.802628	2480.247692
459.175542	2447.480192
459.548398	2505.453462
459.921194	2475.206538
460.293930	2419.753846
460.666607	2404.630385
461.039224	2528.138654
461.411782	2467.644808
461.784280	2492.850577
462.156719	2404.630385
462.529099	2462.603654
462.901419	2518.056346
463.273680	2558.385577
463.645882	2535.700385
464.018024	2507.974038
464.390106	2520.576923
464.762130	2518.056346
465.134094	2452.521346
465.505999	2578.550192
465.877845	2528.138654
466.249631	2505.453462
466.621358	2462.603654
466.993026	2495.371154
467.364634	2523.097500
467.736184	2553.344423
468.107674	2492.850577
468.479105	2500.412308
468.850477	2457.562500
469.221790	2414.712692
469.593043	2460.083077
469.964238	2520.576923
470.335373	2505.453462
470.706449	2543.262115
471.077467	2553.344423
471.448425	2434.877308
471.819324	2450.000769
472.190164	2518.056346
472.560945	2570.988462
472.931667	2475.206538
473.302330	2513.015192
473.672934	2550.823846
474.043479	2497.891731
474.413965	2520.576923
474.784393	2442.439038
475.154761	2475.206538
475.525070	2490.330000
475.895321	2497.891731
476.265513	2429.836154
476.635645	2525.618077
477.005719	2502.932885
477.375734	2500.412308
477.745691	2447.480192
478.115588	2460.083077
478.485427	2548.303269
478.855207	2495.371154
479.224928	2424.795000
479.594591	2548.303269
479.964194	2444.959615
480.333739	2502.932885
480.703226	2492.850577
481.072653	2523.097500
481.442022	2462.603654
481.811333	2497.891731
482.180584	2525.618077
482.549777	2525.618077
482.918912	2455.041923
483.287988	2505.453462
483.657005	2507.974038
484.025964	2523.097500
484.394864	2462.603654
484.763706	2462.603654
485.132489	2502.932885
485.501213	2548.303269
485.869879	2485.288846
486.238487	2555.865000
486.607036	2510.494615
486.975527	2475.206538
487.343959	2462.603654
487.712333	2548.303269
488.080648	2538.220962
488.448905	2510.494615
488.817104	2573.509038
489.185244	2520.576923
489.553326	2457.562500
489.921350	2573.509038
490.289315	2470.165385
490.657222	2490.330000
491.025070	2565.947308
491.392861	2497.891731
491.760593	2525.618077
492.128267	2490.330000
492.495883	2490.330000
492.863440	2492.850577
493.230939	2467.644808
493.598380	2583.591346
493.965763	2490.330000
494.333088	2591.153077
494.700354	2540.741538
495.067563	2558.385577
495.434713	2480.247692
495.801805	2460.083077
496.168839	2596.194231
496.535815	2505.453462
496.902733	2492.850577
497.269593	2520.576923
497.636395	2520.576923
498.003139	2427.315577
498.369825	2497.891731
498.736453	2419.753846
499.103023	2560.906154
499.469535	2510.494615
499.835989	2492.850577
500.202385	2482.768269
500.568723	2510.494615
500.935003	2470.165385
501.301226	2570.988462
501.667390	2444.959615
502.033497	2525.618077
502.399546	2470.165385
502.765537	2465.124231
503.131470	2510.494615
503.497345	2518.056346
503.863163	2417.233269
504.228923	2424.795000
504.594625	2593.673654
504.960269	2475.206538
505.325856	2553.344423
505.691385	2533.179808
506.056856	2553.344423
506.422270	2470.165385
506.787625	2538.220962
507.152924	2510.494615
507.518164	2460.083077
507.883347	2434.877308
508.248472	2455.041923
508.613540	2578.550192
508.978550	2465.124231
509.343503	2535.700385
509.708398	2492.850577
510.073236	2412.192115
510.438016	2457.562500
510.802738	2497.891731
511.167403	2553.344423
511.532010	2470.165385
511.896561	2525.618077
512.261053	2513.015192
512.625488	2482.768269
512.989866	2515.535769
513.354186	2450.000769
513.718449	2518.056346
514.082655	2530.659231
514.446803	2475.206538
514.810894	2462.603654
515.174927	2465.124231
515.538904	2518.056346
515.902822	2455.041923
516.266684	2533.179808
516.630488	2550.823846
516.994235	2437.397885
517.357925	2477.727115
517.721558	2462.603654
518.085133	2490.330000
518.448651	2495.371154
518.812112	2523.097500
519.175516	2376.904038
519.538863	2470.165385
519.902152	2455.041923
520.265385	2528.138654
520.628560	2485.288846
520.991678	2477.727115
521.354739	2444.959615
521.717743	2523.097500
522.080690	2593.673654
522.443580	2472.685962
522.806413	2513.015192
523.169189	2533.179808
523.531908	2515.535769
523.894569	2480.247692
524.257174	2601.235385
524.619722	2460.083077
524.982213	2515.535769
525.344647	2472.685962
525.707025	2555.865000
526.069345	2470.165385
526.431608	2455.041923
526.793815	2417.233269
527.155964	2439.918462
527.518057	2502.932885
527.880093	2409.671538
528.242072	2497.891731
528.603995	2553.344423
528.965860	2545.782692
529.327669	2505.453462
529.689421	2460.083077
530.051117	2543.262115
530.412755	2500.412308
530.774337	2437.397885
531.135862	2417.233269
531.497331	2530.659231
531.858743	2565.947308
532.220098	2505.453462
532.581396	2492.850577
532.942638	2502.932885
533.303824	2485.288846
533.664953	2523.097500
534.026025	2523.097500
534.387040	2601.235385
534.747999	2455.041923
535.108902	2548.303269
535.469748	2500.412308
535.830537	2500.412308
536.191270	2570.988462
536.551947	2518.056346
536.912567	2583.591346
537.273131	2626.441154
537.633638	2565.947308
537.994089	2510.494615
538.354483	2482.768269
538.714821	2500.412308
539.075103	2492.850577
539.435328	2407.150962
539.795497	2414.712692
540.155609	2515.535769
540.515665	2545.782692
540.875665	2550.823846
541.235609	2538.220962
541.595496	2538.220962
541.955328	2497.891731
542.315102	2482.768269
542.674821	2409.671538
543.034483	2422.274423
543.394090	2467.644808
543.753640	2482.768269
544.113134	2581.070769
544.472571	2460.083077
544.831953	2515.535769
545.191278	2472.685962
545.550548	2515.535769
545.909761	2535.700385
546.268918	2510.494615
546.628019	2442.439038
546.987064	2515.535769
547.346053	2502.932885
547.704986	2563.426731
548.063863	2429.836154
548.422684	2455.041923
548.781449	2462.603654
549.140158	2515.535769
549.498811	2535.700385
549.857408	2450.000769
550.215949	2543.262115
550.574434	2419.753846
550.932864	2482.768269
551.291237	2462.603654
551.649555	2475.206538
552.007817	2485.288846
552.366022	2550.823846
552.724173	2510.494615
553.082267	2414.712692
553.440305	2482.768269
553.798288	2528.138654
554.156215	2485.288846
554.514086	2550.823846
554.871902	2447.480192
555.229661	2515.535769
555.587365	2356.739423
555.945014	2523.097500
556.302606	2550.823846
556.660143	2437.397885
557.017625	2482.768269
557.375050	2528.138654
557.732421	2576.029615
558.089735	2409.671538
558.446994	2533.179808
558.804197	2515.535769
559.161345	2518.056346
559.518437	2513.015192
559.875474	2510.494615
560.232455	2444.959615
560.589381	2533.179808
560.946251	2528.138654
561.303065	2424.795000
561.659825	2540.741538
562.016528	2528.138654
562.373177	2545.782692
562.729770	2528.138654
563.086307	2538.220962
563.442789	2439.918462
563.799216	2462.603654
564.155587	2482.768269
564.511904	2507.974038
564.868164	2528.138654
565.224370	2530.659231
565.580520	2586.111923
565.936615	2485.288846
566.292654	2543.262115
566.648638	2497.891731
567.004567	2540.741538
567.360441	2487.809423
567.716260	2462.603654
568.072023	2525.618077
568.427732	2457.562500
568.783385	2480.247692
569.138982	2477.727115
569.494525	2465.124231
569.850013	2397.068654
570.205445	2528.138654
570.560823	2470.165385
570.916145	2467.644808
571.271412	2422.274423
571.626625	2492.850577
571.981782	2513.015192
572.336884	2530.659231
572.691931	2523.097500
573.046923	2444.959615
573.401860	2596.194231
573.756743	2444.959615
574.111570	2555.865000
574.466342	2455.041923
574.821059	2573.509038
575.175722	2472.685962
575.530330	2603.755962
575.884882	2472.685962
576.239380	2507.974038
576.593823	2414.712692
576.948211	2525.618077
577.302544	2515.535769
577.656823	2450.000769
578.011047	2548.303269
578.365216	2492.850577
578.719330	2538.220962
579.073389	2513.015192
579.427394	2444.959615
579.781344	2492.850577
580.135239	2465.124231
580.489080	2528.138654
580.842866	2480.247692
581.196597	2533.179808
581.550273	2480.247692
581.903895	2507.974038
582.257463	2518.056346
582.610975	2510.494615
582.964434	2450.000769
583.317837	2439.918462
583.671186	2477.727115
584.024481	2472.685962
584.377721	2490.330000
584.730906	2439.918462
585.084037	2414.712692
585.437113	2442.439038
585.790135	2475.206538
586.143103	2439.918462
586.496016	2510.494615
586.848874	2502.932885
587.201679	2530.659231
587.554428	2492.850577
587.907124	2490.330000
588.259765	2455.041923
588.612352	2455.041923
588.964884	2429.836154
589.317362	2550.823846
589.669786	2520.576923
590.022155	2462.603654
590.374470	2477.727115
590.726731	2460.083077
591.078937	2540.741538
591.431090	2540.741538
591.783188	2434.877308
592.135232	2538.220962
592.487222	2510.494615
592.839157	2530.659231
593.191038	2434.877308
593.542866	2472.685962
593.894639	2492.850577
594.246358	2495.371154
594.598022	2500.412308
594.949633	2568.467885
595.301190	2535.700385
595.652692	2465.124231
596.004141	2482.768269
596.355535	2581.070769
596.706876	2427.315577
597.058162	2472.685962
597.409395	2502.932885
597.760573	2525.618077
598.111698	2540.741538
598.462768	2457.562500
598.813785	2414.712692
599.164748	2480.247692
599.515657	2492.850577
599.866511	2530.659231
600.217312	2447.480192
600.568060	2502.932885
600.918753	2535.700385
601.269392	2505.453462
601.619978	2515.535769
601.970510	2407.150962
602.320988	2475.206538
602.671412	2502.932885
603.021783	2507.974038
603.372100	2492.850577
603.722363	2543.262115
604.072572	2533.179808
604.422728	2525.618077
604.772830	2518.056346
605.122878	2525.618077
605.472872	2404.630385
605.822813	2515.535769
606.172701	2482.768269
606.522534	2548.303269
606.872314	2487.809423
607.222041	2553.344423
607.571714	2442.439038
607.921333	2520.576923
608.270899	2447.480192
608.620411	2452.521346
608.969870	2555.865000
609.319276	2490.330000
609.668627	2576.029615
610.017926	2518.056346
610.367171	2439.918462
610.716362	2528.138654
611.065500	2460.083077
611.414585	2447.480192
611.763616	2472.685962
612.112594	2480.247692
612.461518	2513.015192
612.810389	2500.412308
613.159207	2427.315577
613.507971	2465.124231
613.856682	2500.412308
614.205340	2525.618077
614.553945	2424.795000
614.902496	2588.632500
615.250994	2472.685962
615.599439	2480.247692
615.947830	2553.344423
616.296169	2457.562500
616.644454	2573.509038
616.992686	2480.247692
617.340864	2460.083077
617.688990	2465.124231
618.037063	2507.974038
618.385082	2495.371154
618.733048	2470.165385
619.080961	2480.247692
619.428821	2533.179808
619.776628	2538.220962
620.124382	2472.685962
620.472083	2565.947308
620.819731	2500.412308
621.167326	2520.576923
621.514868	2457.562500
621.862357	2455.041923
622.209793	2467.644808
622.557176	2520.576923
622.904506	2409.671538
623.251783	2502.932885
623.599007	2472.685962
623.946179	2442.439038
624.293297	2465.124231
624.640363	2495.371154
624.987376	2480.247692
625.334336	2480.247692
625.681243	2460.083077
626.028097	2492.850577
626.374899	2533.179808
626.721647	2520.576923
627.068343	2550.823846
627.414987	2460.083077
627.761577	2576.029615
628.108115	2500.412308
628.454600	2470.165385
628.801032	2555.865000
629.147412	2525.618077
629.493739	2513.015192
629.840014	2540.741538
630.186236	2530.659231
630.532405	2442.439038
630.878521	2502.932885
631.224585	2434.877308
631.570597	2515.535769
631.916556	2470.165385
632.262462	2530.659231
632.608316	2404.630385
632.954117	2472.685962
633.299866	2412.192115
633.645562	2505.453462
633.991206	2495.371154
634.336797	2497.891731
634.682336	2475.206538
635.027823	2545.782692
635.373257	2472.685962
635.718639	2548.303269
636.063968	2477.727115
636.409245	2487.809423
636.754470	2452.521346
637.099642	2515.535769
637.444762	2432.356731
637.789829	2492.850577
638.134845	2558.385577
638.479808	2475.206538
638.824719	2502.932885
639.169577	2460.083077
639.514383	2545.782692
639.859137	2442.439038
640.203839	2477.727115
640.548489	2545.782692
640.893086	2485.288846
641.237632	2497.891731
641.582125	2530.659231
641.926566	2513.015192
642.270955	2507.974038
642.615292	2507.974038
642.959576	2452.521346
643.303809	2485.288846
643.647990	2515.535769
643.992118	2533.179808
644.336195	2593.673654
644.680219	2505.453462
645.024192	2442.439038
645.368112	2507.974038
645.711981	2525.618077
646.055797	2530.659231
646.399562	2487.809423
646.743274	2470.165385
647.086935	2578.550192
647.430544	2507.974038
647.774101	2550.823846
648.117606	2528.138654
648.461059	2520.576923
648.804460	2477.727115
649.147810	2523.097500
649.491108	2560.906154
649.834354	2487.809423
650.177548	2581.070769
650.520690	2457.562500
650.863781	2475.206538
651.206820	2515.535769
651.549807	2437.397885
651.892742	2439.918462
652.235626	2507.974038
652.578458	2558.385577
652.921238	2513.015192
653.263967	2477.727115
653.606644	2444.959615
653.949269	2447.480192
654.291843	2452.521346
654.634365	2480.247692
654.976836	2507.974038
655.319255	2477.727115
655.661622	2497.891731
656.003938	2450.000769
656.346203	2560.906154
656.688416	2442.439038
657.030577	2487.809423
657.372687	2447.480192
657.714746	2455.041923
658.056753	2480.247692
658.398708	2586.111923
658.740612	2573.509038
659.082465	2467.644808
659.424266	2553.344423
659.766016	2545.782692
660.107715	2487.809423
660.449362	2495.371154
660.790958	2497.891731
661.132503	2505.453462
661.473996	2472.685962
661.815438	2462.603654
662.156829	2502.932885
662.498168	2558.385577
662.839456	2583.591346
663.180693	2500.412308
663.521879	2480.247692
663.863013	2530.659231
664.204097	2442.439038
664.545129	2480.247692
664.886110	2520.576923
665.227040	2601.235385
665.567918	2480.247692
665.908746	2404.630385
666.249522	2540.741538
666.590248	2530.659231
666.930922	2510.494615
667.271545	2530.659231
667.612118	2477.727115
667.952639	2540.741538
668.293109	2535.700385
668.633528	2495.371154
668.973896	2530.659231
669.314213	2513.015192
669.654480	2530.659231
669.994695	2502.932885
670.334859	2487.809423
670.674973	2475.206538
671.015035	2490.330000
671.355047	2535.700385
671.695008	2495.371154
672.034918	2518.056346
672.374777	2518.056346
672.714585	2455.041923
673.054342	2386.986346
673.394049	2513.015192
673.733705	2376.904038
674.073310	2507.974038
674.412864	2472.685962
674.752368	2467.644808
675.091820	2560.906154
675.431223	2386.986346
675.770574	2502.932885
676.109875	2434.877308
676.449125	2497.891731
676.788324	2419.753846
677.127473	2432.356731
677.466571	2404.630385
677.805619	2553.344423
678.144616	2492.850577
678.483562	2525.618077
678.822458	2515.535769
679.161303	2507.974038
679.500098	2570.988462
679.838842	2455.041923
680.177535	2447.480192
680.516179	2578.550192
680.854771	2513.015192
681.193314	2485.288846
681.531805	2487.809423
681.870247	2568.467885
682.208638	2497.891731
682.546978	2500.412308
682.885268	2502.932885
683.223508	2412.192115
683.561697	2513.015192
683.899836	2548.303269
684.237925	2515.535769
684.575963	2520.576923
684.913951	2404.630385
685.251889	2465.124231
685.589776	2467.644808
685.927614	2497.891731
686.265401	2560.906154
686.603137	2533.179808
686.940824	2543.262115
687.278460	2507.974038
687.616046	2487.809423
687.953582	2560.906154
688.291068	2540.741538
688.628504	2515.535769
688.965889	2467.644808
689.303224	2472.685962
689.640510	2525.618077
689.977745	2550.823846
690.314930	2492.850577
690.652065	2422.274423
690.989150	2515.535769
691.326185	2462.603654
691.663170	2520.576923
692.000105	2505.453462
692.336990	2565.947308
692.673825	2507.974038
693.010610	2560.906154
693.347345	2475.206538
693.684030	2452.521346
694.020665	2543.262115
694.357251	2462.603654
694.693786	2490.330000
695.030272	2543.262115
695.366707	2465.124231
695.703093	2470.165385
696.039429	2475.206538
696.375716	2520.576923
696.711952	2475.206538
697.048139	2518.056346
697.384276	2429.836154
697.720363	2467.644808
698.056400	2500.412308
698.392388	2422.274423
698.728326	2497.891731
699.064214	2455.041923
699.400053	2467.644808
699.735842	2560.906154
700.071581	2591.153077
700.407270	2442.439038
700.742910	2477.727115
701.078501	2482.768269
701.414042	2455.041923
701.749533	2490.330000
702.084974	2525.618077
702.420366	2417.233269
702.755709	2470.165385
703.091002	2507.974038
703.426246	2540.741538
703.761440	2573.509038
704.096584	2462.603654
704.431679	2576.029615
704.766725	2477.727115
705.101721	2515.535769
705.436668	2550.823846
705.771565	2515.535769
706.106413	2578.550192
706.441212	2502.932885
706.775961	2462.603654
707.110661	2419.753846
707.445311	2603.755962
707.779913	2523.097500
708.114465	2460.083077
708.448967	2495.371154
708.783421	2490.330000
709.117825	2470.165385
709.452180	2480.247692
709.786485	2505.453462
710.120742	2568.467885
710.454949	2434.877308
710.789107	2470.165385
711.123216	2545.782692
711.457275	2452.521346
711.791286	2583.591346
712.125247	2462.603654
712.459159	2480.247692
712.793023	2513.015192
713.126837	2515.535769
713.460602	2515.535769
713.794318	2525.618077
714.127985	2450.000769
714.461602	2530.659231
714.795171	2548.303269
715.128691	2528.138654
715.462162	2528.138654
715.795584	2500.412308
716.128957	2545.782692
716.462281	2437.397885
716.795556	2523.097500
717.128782	2492.850577
717.461960	2490.330000
717.795088	2513.015192
718.128167	2472.685962
718.461198	2565.947308
718.794180	2429.836154
719.127113	2505.453462
719.459997	2500.412308
719.792833	2545.782692
720.125619	2588.632500
720.458357	2520.576923
720.791046	2492.850577
721.123686	2480.247692
721.456278	2402.109808
721.788821	2523.097500
722.121315	2505.453462
722.453761	2419.753846
722.786158	2510.494615
723.118506	2470.165385
723.450805	2515.535769
723.783056	2497.891731
724.115259	2434.877308
724.447412	2480.247692
724.779518	2429.836154
725.111574	2507.974038
725.443582	2497.891731
725.775542	2502.932885
726.107453	2545.782692
726.439315	2419.753846
726.771129	2513.015192
727.102895	2492.850577
727.434612	2485.288846
727.766281	2417.233269
728.097901	2480.247692
728.429473	2490.330000
728.760996	2485.288846
729.092471	2538.220962
729.423897	2543.262115
729.755276	2545.782692
730.086606	2465.124231
730.417887	2492.850577
730.749120	2462.603654
731.080305	2510.494615
731.411442	2502.932885
731.742530	2523.097500
732.073570	2540.741538
732.404562	2586.111923
732.735506	2550.823846
733.066401	2505.453462
733.397249	2525.618077
733.728048	2409.671538
734.058798	2487.809423
734.389501	2581.070769
734.720156	2502.932885
735.050762	2523.097500
735.381320	2495.371154
735.711831	2523.097500
736.042293	2455.041923
736.372707	2540.741538
736.703073	2465.124231
737.033391	2538.220962
737.363661	2545.782692
737.693883	2578.550192
738.024056	2510.494615
738.354182	2523.097500
738.684260	2447.480192
739.014290	2528.138654
739.344272	2548.303269
739.674207	2490.330000
740.004093	2465.124231
740.333931	2513.015192
740.663722	2548.303269
740.993464	2507.974038
741.323159	2515.535769
741.652806	2392.027500
741.982405	2565.947308
742.311956	2422.274423
742.641460	2492.850577
742.970915	2467.644808
743.300323	2530.659231
743.629683	2442.439038
743.958996	2550.823846
744.288260	2525.618077
744.617477	2502.932885
744.946647	2444.959615
745.275768	2389.506923
745.604842	2500.412308
745.933869	2467.644808
746.262847	2480.247692
746.591778	2452.521346
746.920662	2520.576923
747.249498	2545.782692
747.578286	2462.603654
747.907027	2490.330000
748.235720	2444.959615
748.564365	2409.671538
748.892963	2472.685962
749.221514	2455.041923
749.550017	2510.494615
749.878473	2568.467885
750.206881	2485.288846
750.535242	2576.029615
750.863555	2518.056346
751.191821	2510.494615
751.520039	2523.097500
751.848210	2548.303269
752.176334	2482.768269
752.504411	2482.768269
752.832440	2535.700385
753.160421	2475.206538
753.488356	2538.220962
753.816243	2424.795000
754.144082	2530.659231
754.471875	2502.932885
754.799620	2538.220962
755.127318	2538.220962
755.454969	2427.315577
755.782572	2515.535769
756.110129	2495.371154
756.437638	2497.891731
756.765100	2487.809423
757.092515	2462.603654
757.419882	2467.644808
757.747203	2402.109808
758.074477	2558.385577
758.401703	2502.932885
758.728882	2510.494615
759.056014	2447.480192
759.383099	2485.288846
759.710138	2518.056346
760.037129	2545.782692
760.364073	2550.823846
760.690970	2472.685962
761.017820	2608.797115
761.344623	2513.015192
761.671379	2502.932885
761.998088	2505.453462
762.324751	2439.918462
762.651366	2452.521346
762.977935	2515.535769
763.304456	2576.029615
763.630931	2568.467885
763.957359	2535.700385
764.283740	2560.906154
764.610074	2558.385577
764.936362	2533.179808
765.262602	2523.097500
765.588796	2513.015192
765.914943	2565.947308
766.241044	2518.056346
766.567097	2520.576923
766.893104	2460.083077
767.219064	2545.782692
767.544978	2502.932885
767.870845	2543.262115
768.196665	2434.877308
768.522438	2576.029615
768.848165	2528.138654
769.173846	2505.453462
769.499479	2475.206538
769.825066	2437.397885
770.150607	2467.644808
770.476101	2543.262115
770.801548	2492.850577
771.126949	2568.467885
771.452303	2462.603654
771.777611	2568.467885
772.102872	2480.247692
772.428087	2465.124231
772.753256	2523.097500
773.078378	2439.918462
773.403453	2492.850577
773.728482	2535.700385
774.053465	2492.850577
774.378401	2455.041923
774.703291	2505.453462
775.028135	2515.535769
775.352932	2487.809423
775.677683	2510.494615
776.002388	2492.850577
776.327046	2507.974038
776.651658	2497.891731
776.976224	2497.891731
777.300743	2465.124231
777.625216	2369.342308
777.949643	2422.274423
778.274024	2548.303269
778.598359	2487.809423
778.922647	2513.015192
779.246889	2490.330000
779.571086	2480.247692
779.895236	2472.685962
780.219339	2487.809423
780.543397	2611.317692
780.867409	2480.247692
781.191374	2485.288846
781.515294	2500.412308
781.839167	2588.632500
782.162995	2560.906154
782.486776	2384.465769
782.810511	2482.768269
783.134201	2500.412308
783.457844	2538.220962
783.781441	2560.906154
784.104993	2402.109808
784.428498	2525.618077
784.751958	2490.330000
785.075372	2533.179808
785.398739	2455.041923
785.722061	2439.918462
786.045337	2507.974038
786.368568	2480.247692
786.691752	2530.659231
787.014891	2467.644808
787.337983	2530.659231
787.661030	2487.809423
787.984031	2515.535769
788.306987	2434.877308
788.629897	2467.644808
788.952760	2439.918462
789.275579	2533.179808
789.598351	2523.097500
789.921078	2593.673654
790.243759	2457.562500
790.566395	2505.453462
790.888984	2596.194231
791.211529	2545.782692
791.534027	2455.041923
791.856480	2487.809423
792.178888	2548.303269
792.501249	2568.467885
792.823566	2487.809423
793.145836	2543.262115
793.468062	2472.685962
793.790241	2507.974038
794.112375	2507.974038
794.434464	2538.220962
794.756507	2540.741538
795.078505	2525.618077
795.400457	2502.932885
795.722364	2507.974038
796.044226	2422.274423
796.366042	2550.823846
796.687812	2442.439038
797.009538	2444.959615
797.331218	2492.850577
797.652852	2560.906154
797.974442	2480.247692
798.295986	2465.124231
798.617484	2497.891731
798.938938	2525.618077
799.260346	2444.959615
799.581709	2565.947308
799.903026	2487.809423
800.224299	2482.768269
800.545526	2603.755962
800.866708	2538.220962
801.187845	2462.603654
801.508936	2502.932885
801.829983	2500.412308
802.150984	2505.453462
802.471940	2462.603654
802.792851	2480.247692
803.113717	2520.576923
803.434538	2465.124231
803.755314	2533.179808
804.076045	2510.494615
804.396731	2545.782692
804.717372	2495.371154
805.037967	2492.850577
805.358518	2480.247692
805.679024	2490.330000
805.999485	2583.591346
806.319901	2477.727115
806.640272	2495.371154
806.960598	2465.124231
807.280879	2450.000769
807.601115	2520.576923
807.921306	2457.562500
808.241453	2437.397885
808.561554	2528.138654
808.881611	2510.494615
809.201623	2520.576923
809.521590	2507.974038
809.841513	2457.562500
810.161390	2553.344423
810.481223	2540.741538
810.801011	2465.124231
811.120755	2538.220962
811.440453	2528.138654
811.760107	2460.083077
812.079716	2465.124231
812.399281	2482.768269
812.718801	2502.932885
813.038276	2467.644808
813.357707	2530.659231
813.677093	2543.262115
813.996434	2490.330000
814.315731	2500.412308
814.634983	2502.932885
814.954191	2475.206538
815.273354	2490.330000
815.592473	2490.330000
815.911547	2460.083077
816.230577	2520.576923
816.549562	2507.974038
816.868502	2540.741538
817.187399	2434.877308
817.506250	2550.823846
817.825058	2545.782692
818.143821	2432.356731
818.462539	2550.823846
818.781213	2563.426731
819.099843	2475.206538
819.418429	2502.932885
819.736970	2535.700385
820.055466	2475.206538
820.373919	2465.124231
820.692327	2497.891731
821.010691	2399.589231
821.329011	2558.385577
821.647286	2457.562500
821.965517	2492.850577
822.283704	2568.467885
822.601847	2475.206538
822.919945	2492.850577
823.237999	2588.632500
823.556010	2419.753846
823.873976	2528.138654
824.191897	2472.685962
824.509775	2470.165385
824.827609	2462.603654
825.145398	2560.906154
825.463144	2538.220962
825.780845	2510.494615
826.098502	2450.000769
826.416116	2434.877308
826.733685	2570.988462
827.051210	2437.397885
827.368692	2490.330000
827.686129	2505.453462
828.003522	2553.344423
828.320872	2455.041923
828.638177	2507.974038
828.955439	2424.795000
829.272656	2518.056346
829.589830	2495.371154
829.906960	2558.385577
830.224046	2477.727115
830.541088	2452.521346
830.858086	2412.192115
831.175041	2502.932885
831.491952	2457.562500
831.808819	2482.768269
832.125642	2535.700385
832.442421	2520.576923
832.759157	2495.371154
833.075849	2507.974038
833.392497	2495.371154
833.709101	2538.220962
834.025662	2581.070769
834.342179	2482.768269
834.658653	2472.685962
834.975083	2533.179808
835.291469	2543.262115
835.607811	2455.041923
835.924110	2560.906154
836.240366	2505.453462
836.556578	2555.865000
836.872746	2505.453462
837.188871	2518.056346
837.504952	2500.412308
837.820990	2442.439038
838.136984	2543.262115
838.452935	2462.603654
838.768842	2467.644808
839.084706	2450.000769
839.400526	2520.576923
839.716303	2510.494615
840.032037	2515.535769
840.347727	2492.850577
840.663373	2505.453462
840.978977	2581.070769
841.294537	2510.494615
841.610054	2513.015192
841.925527	2455.041923
842.240957	2487.809423
842.556344	2500.412308
842.871687	2495.371154
843.186987	2520.576923
843.502244	2528.138654
843.817458	2513.015192
844.132629	2434.877308
844.447756	2482.768269
844.762840	2510.494615
845.077881	2422.274423
845.392879	2414.712692
845.707833	2482.768269
846.022745	2485.288846
846.337613	2485.288846
846.652438	2520.576923
846.967221	2472.685962
847.281960	2404.630385
847.596656	2533.179808
847.911309	2462.603654
848.225919	2455.041923
848.540485	2460.083077
848.855009	2472.685962
849.169490	2470.165385
849.483928	2465.124231
849.798323	2447.480192
850.112675	2550.823846
850.426984	2439.918462
850.741251	2500.412308
851.055474	2502.932885
851.369654	2422.274423
851.683792	2515.535769
851.997887	2520.576923
852.311938	2500.412308
852.625947	2535.700385
852.939914	2450.000769
853.253837	2558.385577
853.567718	2485.288846
853.881555	2490.330000
854.195350	2447.480192
854.509103	2495.371154
854.822812	2518.056346
855.136479	2578.550192
855.450103	2525.618077
855.763685	2447.480192
856.077224	2502.932885
856.390720	2482.768269
856.704173	2492.850577
857.017584	2437.397885
857.330953	2432.356731
857.644278	2460.083077
857.957561	2505.453462
858.270802	2495.371154
858.584000	2432.356731
858.897155	2485.288846
859.210268	2424.795000
859.523339	2477.727115
859.836367	2507.974038
860.149352	2460.083077
860.462295	2487.809423
860.775195	2386.986346
861.088054	2467.644808
861.400869	2538.220962
861.713642	2419.753846
862.026373	2497.891731
862.339062	2437.397885
862.651708	2477.727115
862.964312	2563.426731
863.276873	2510.494615
863.589392	2402.109808
863.901869	2472.685962
864.214303	2507.974038
864.526696	2465.124231
864.839045	2475.206538
865.151353	2399.589231
865.463619	2545.782692
865.775842	2507.974038
866.088023	2538.220962
866.400162	2472.685962
866.712258	2505.453462
867.024313	2502.932885
867.336325	2518.056346
867.648296	2568.467885
867.960224	2520.576923
868.272110	2558.385577
868.583954	2530.659231
868.895755	2538.220962
869.207515	2467.644808
869.519233	2550.823846
869.830909	2553.344423
870.142542	2510.494615
870.454134	2482.768269
870.765684	2497.891731
871.077191	2429.836154
871.388657	2500.412308
871.700081	2510.494615
872.011463	2530.659231
872.322803	2427.315577
872.634101	2485.288846
872.945357	2460.083077
873.256571	2450.000769
873.567744	2515.535769
873.878874	2543.262115
874.189963	2563.426731
874.501010	2485.288846
874.812015	2465.124231
875.122979	2407.150962
875.433900	2429.836154
875.744780	2510.494615
876.055618	2528.138654
876.366415	2477.727115
876.677169	2563.426731
876.987882	2480.247692
877.298554	2485.288846
877.609183	2523.097500
877.919771	2487.809423
878.230317	2505.453462
878.540822	2570.988462
878.851285	2528.138654
879.161707	2520.576923
879.472087	2523.097500
879.782425	2518.056346
880.092722	2460.083077
880.402977	2528.138654
880.713191	2505.453462
881.023363	2586.111923
881.333494	2447.480192
881.643583	2389.506923
881.953631	2452.521346
882.263637	2452.521346
882.573602	2502.932885
882.883526	2548.303269
883.193408	2490.330000
883.503248	2475.206538
883.813048	2490.330000
884.122806	2545.782692
884.432522	2518.056346
884.742197	2510.494615
885.051831	2538.220962
885.361424	2444.959615
885.670975	2548.303269
885.980485	2543.262115
886.289954	2555.865000
886.599382	2487.809423
886.908768	2497.891731
887.218113	2492.850577
887.527417	2475.206538
887.836680	2513.015192
888.145901	2417.233269
888.455082	2442.439038
888.764221	2570.988462
889.073319	2392.027500
889.382376	2555.865000
889.691392	2492.850577
890.000366	2444.959615
890.309300	2480.247692
890.618193	2570.988462
890.927044	2492.850577
891.235855	2545.782692
891.544625	2497.891731
891.853353	2434.877308
892.162041	2495.371154
892.470687	2439.918462
892.779293	2412.192115
893.087858	2558.385577
893.396381	2447.480192
893.704864	2523.097500
894.013306	2450.000769
894.321707	2525.618077
894.630068	2472.685962
894.938387	2442.439038
895.246665	2399.589231
895.554903	2565.947308
895.863100	2492.850577
896.171256	2470.165385
896.479371	2535.700385
896.787446	2490.330000
897.095480	2502.932885
897.403473	2545.782692
897.711425	2500.412308
898.019336	2523.097500
898.327207	2490.330000
898.635038	2500.412308
898.942827	2497.891731
899.250576	2460.083077
899.558284	2490.330000
899.865952	2475.206538
900.173579	2550.823846
900.481165	2487.809423
900.788711	2520.576923
901.096216	2535.700385
901.403681	2507.974038
901.711105	2555.865000
902.018489	2442.439038
902.325832	2510.494615
902.633135	2518.056346
902.940397	2497.891731
903.247619	2518.056346
903.554800	2505.453462
903.861941	2545.782692
904.169041	2497.891731
904.476101	2558.385577
904.783121	2427.315577
905.090100	2492.850577
905.397039	2487.809423
905.703938	2462.603654
906.010796	2487.809423
906.317614	2477.727115
906.624391	2505.453462
906.931129	2538.220962
907.237826	2470.165385
907.544483	2492.850577
907.851099	2593.673654
908.157675	2558.385577
908.464211	2543.262115
908.770707	2389.506923
909.077163	2530.659231
909.383578	2485.288846
909.689954	2513.015192
909.996289	2450.000769
910.302584	2475.206538
910.608839	2555.865000
910.915054	2487.809423
911.221229	2515.535769
911.527363	2414.712692
911.833458	2513.015192
912.139513	2356.739423
912.445527	2482.768269
912.751502	2533.179808
913.057436	2507.974038
913.363331	2460.083077
913.669186	2457.562500
913.975000	2510.494615
914.280775	2490.330000
914.586510	2523.097500
914.892205	2570.988462
915.197859	2467.644808
915.503475	2485.288846
915.809050	2520.576923
916.114585	2520.576923
916.420081	2505.453462
916.725536	2558.385577
917.030952	2457.562500
917.336328	2530.659231
917.641665	2500.412308
917.946961	2437.397885
918.252218	2497.891731
918.557435	2452.521346
918.862612	2586.111923
919.167750	2470.165385
919.472848	2507.974038
919.777906	2437.397885
920.082925	2475.206538
920.387904	2442.439038
920.692843	2439.918462
920.997743	2467.644808
921.302603	2472.685962
921.607423	2497.891731
921.912204	2490.330000
922.216946	2480.247692
922.521647	2467.644808
922.826310	2500.412308
923.130932	2598.714808
923.435516	2500.412308
923.740059	2510.494615
924.044564	2492.850577
924.349028	2530.659231
924.653454	2507.974038
924.957840	2520.576923
925.262186	2576.029615
925.566493	2495.371154
925.870761	2460.083077
926.174989	2533.179808
926.479178	2455.041923
926.783328	2513.015192
927.087438	2523.097500
927.391509	2520.576923
927.695541	2404.630385
927.999533	2386.986346
928.303486	2480.247692
928.607400	2439.918462
928.911275	2465.124231
929.215110	2538.220962
929.518906	2558.385577
929.822663	2480.247692
930.126381	2550.823846
930.430060	2548.303269
930.733699	2573.509038
931.037299	2518.056346
931.340861	2480.247692
931.644383	2444.959615
931.947866	2472.685962
932.251309	2505.453462
932.554714	2457.562500
932.858080	2480.247692
933.161407	2507.974038
933.464694	2586.111923
933.767943	2447.480192
934.071153	2422.274423
934.374323	2439.918462
934.677455	2502.932885
934.980548	2467.644808
935.283602	2482.768269
935.586617	2485.288846
935.889593	2520.576923
936.192530	2500.412308
936.495428	2472.685962
936.798287	2500.412308
937.101108	2568.467885
937.403890	2465.124231
937.706632	2439.918462
938.009336	2490.330000
938.312002	2439.918462
938.614628	2502.932885
938.917216	2472.685962
939.219765	2475.206538
939.522275	2404.630385
939.824747	2404.630385
940.127179	2444.959615
940.429573	2490.330000
940.731929	2513.015192
941.034246	2513.015192
941.336524	2523.097500
941.638763	2513.015192
941.940964	2505.453462
942.243126	2419.753846
942.545250	2429.836154
942.847335	2535.700385
943.149381	2480.247692
943.451389	2538.220962
943.753359	2460.083077
944.055290	2429.836154
944.357182	2518.056346
944.659036	2550.823846
944.960851	2502.932885
945.262628	2525.618077
945.564367	2535.700385
945.866067	2442.439038
946.167729	2540.741538
946.469352	2550.823846
946.770937	2447.480192
947.072484	2442.439038
947.373992	2560.906154
947.675462	2490.330000
947.976893	2555.865000
948.278286	2497.891731
948.579641	2460.083077
948.880958	2485.288846
949.182236	2535.700385
949.483476	2578.550192
949.784678	2507.974038
950.085841	2570.988462
950.386967	2533.179808
950.688054	2477.727115
950.989103	2447.480192
951.290114	2538.220962
951.591087	2565.947308
951.892021	2495.371154
952.192917	2452.521346
952.493776	2507.974038
952.794596	2553.344423
953.095378	2482.768269
953.396122	2533.179808
953.696828	2455.041923
953.997496	2548.303269
954.298126	2490.330000
954.598718	2500.412308
954.899272	2379.424615
955.199788	2487.809423
955.500266	2548.303269
955.800706	2485.288846
956.101108	2429.836154
956.401472	2495.371154
956.701798	2472.685962
957.002087	2392.027500
957.302337	2437.397885
957.602550	2490.330000
957.902724	2452.521346
958.202861	2505.453462
958.502960	2495.371154
958.803022	2442.439038
959.103045	2515.535769
959.403031	2520.576923
959.702979	2477.727115
960.002889	2513.015192
960.302762	2470.165385
960.602596	2523.097500
960.902393	2495.371154
961.202153	2513.015192
961.501875	2419.753846
961.801559	2550.823846
962.101205	2500.412308
962.400814	2402.109808
962.700385	2460.083077
962.999918	2525.618077
963.299414	2510.494615
963.598873	2455.041923
963.898293	2465.124231
964.197677	2455.041923
964.497022	2467.644808
964.796331	2495.371154
965.095601	2472.685962
965.394835	2507.974038
965.694030	2518.056346
965.993189	2502.932885
966.292309	2492.850577
966.591393	2480.247692
966.890439	2568.467885
967.189447	2482.768269
967.488419	2500.412308
967.787353	2485.288846
968.086249	2475.206538
968.385108	2432.356731
968.683930	2535.700385
968.982714	2455.041923
969.281462	2457.562500
969.580172	2502.932885
969.878844	2505.453462
970.177480	2523.097500
970.476078	2457.562500
970.774639	2472.685962
971.073162	2444.959615
971.371649	2507.974038
971.670098	2439.918462
971.968510	2528.138654
972.266885	2576.029615
972.565223	2507.974038
972.863524	2472.685962
973.161788	2550.823846
973.460014	2492.850577
973.758204	2487.809423
974.056356	2447.480192
974.354471	2495.371154
974.652550	2520.576923
974.950591	2495.371154
975.248595	2487.809423
975.546563	2528.138654
975.844493	2502.932885
976.142386	2490.330000
976.440243	2497.891731
976.738062	2442.439038
977.035845	2573.509038
977.333590	2460.083077
977.631299	2510.494615
977.928971	2507.974038
978.226606	2414.712692
978.524204	2495.371154
978.821765	2485.288846
979.119290	2490.330000
979.416777	2442.439038
979.714228	2523.097500
980.011642	2563.426731
980.309020	2442.439038
980.606360	2470.165385
980.903664	2570.988462
981.200931	2460.083077
981.498162	2535.700385
981.795356	2424.795000
982.092513	2500.412308
982.389633	2480.247692
982.686717	2510.494615
982.983764	2427.315577
983.280775	2538.220962
983.577749	2424.795000
983.874686	2500.412308
984.171587	2495.371154
984.468451	2472.685962
984.765279	2472.685962
985.062070	2442.439038
985.358824	2475.206538
985.655543	2482.768269
985.952224	2550.823846
986.248869	2480.247692
986.545478	2525.618077
986.842050	2497.891731
987.138586	2455.041923
987.435086	2505.453462
987.731549	2444.959615
988.027975	2583.591346
988.324366	2442.439038
988.620719	2487.809423
988.917037	2402.109808
989.213318	2492.850577
989.509563	2500.412308
989.805772	2399.589231
990.101944	2502.932885
990.398080	2520.576923
990.694180	2394.548077
990.990244	2460.083077
991.286271	2434.877308
991.582262	2490.330000
991.878217	2450.000769
992.174136	2558.385577
992.470019	2475.206538
992.765865	2452.521346
993.061676	2500.412308
993.357450	2470.165385
993.653188	2412.192115
993.948890	2507.974038
994.244556	2555.865000
994.540186	2450.000769
994.835780	2540.741538
995.131337	2444.959615
995.426859	2427.315577
995.722345	2538.220962
996.017795	2581.070769
996.313208	2515.535769
996.608586	2447.480192
996.903928	2497.891731
997.199234	2472.685962
997.494504	2465.124231
997.789738	2482.768269
998.084936	2472.685962
998.380099	2457.562500
998.675225	2515.535769
998.970316	2482.768269
999.265371	2444.959615
999.560390	2560.906154
999.855373	2432.356731
1000.150320	2477.727115
1000.445232	2490.330000
1000.740108	2482.768269
1001.034948	2434.877308
1001.329752	2540.741538
1001.624521	2477.727115
1001.919254	2520.576923
1002.213951	2439.918462
1002.508613	2553.344423
1002.803239	2525.618077
1003.097829	2487.809423
1003.392384	2490.330000
1003.686903	2470.165385
1003.981386	2444.959615
1004.275834	2502.932885
1004.570246	2497.891731
1004.864623	2495.371154
1005.158964	2429.836154
1005.453270	2558.385577
1005.747540	2455.041923
1006.041775	2533.179808
1006.335974	2376.904038
1006.630138	2565.947308
1006.924266	2497.891731
1007.218359	2487.809423
1007.512416	2515.535769
1007.806438	2518.056346
1008.100425	2412.192115
1008.394376	2412.192115
1008.688292	2538.220962
1008.982172	2563.426731
1009.276017	2452.521346
1009.569827	2480.247692
1009.863602	2455.041923
1010.157341	2482.768269
1010.451045	2495.371154
1010.744714	2555.865000
1011.038347	2550.823846
1011.331945	2447.480192
1011.625508	2515.535769
1011.919036	2497.891731
1012.212528	2487.809423
1012.505986	2434.877308
1012.799408	2518.056346
1013.092795	2507.974038
1013.386147	2482.768269
1013.679464	2528.138654
1013.972745	2497.891731
1014.265992	2518.056346
1014.559204	2553.344423
1014.852380	2500.412308
1015.145521	2528.138654
1015.438628	2457.562500
1015.731699	2497.891731
1016.024736	2510.494615
1016.317737	2490.330000
1016.610703	2588.632500
1016.903635	2472.685962
1017.196531	2457.562500
1017.489393	2515.535769
1017.782219	2565.947308
1018.075011	2457.562500
1018.367768	2560.906154
1018.660490	2477.727115
1018.953177	2477.727115
1019.245829	2477.727115
