Dividing Wavelength (nm)	Counts (n)	Blue Motor Position (mm): 0.000000	Red Motor Position (mm): 13.200000	
326.493990	2127.939094
326.888308	2127.939094
327.282561	2127.939094
327.676750	2095.685792
328.070874	2094.435586
328.464933	2098.677717
328.858929	2102.463623
329.252859	2114.254882
329.646726	2125.877262
330.040528	2137.121556
330.434265	2155.637714
330.827938	2171.877791
331.221547	2189.408403
331.615091	2207.995138
332.008571	2228.820144
332.401986	2248.125243
332.795338	2267.700043
333.188625	2286.702673
333.581847	2307.351239
333.975006	2326.152222
334.368100	2343.627382
334.761129	2361.024404
335.154095	2376.374717
335.546996	2393.597819
335.939833	2409.111970
336.332606	2424.598395
336.725315	2435.126845
337.117960	2447.298711
337.510540	2454.560493
337.903056	2466.140023
338.295508	2470.349387
338.687896	2482.077631
339.080220	2487.199443
339.472480	2495.063643
339.864676	2498.975579
340.256807	2506.093688
340.648875	2507.875736
341.040879	2509.781292
341.432818	2511.112157
341.824694	2513.297497
342.216506	2513.350429
342.608253	2514.537621
342.999937	2513.196674
343.391557	2512.939575
343.783113	2510.098885
344.174605	2512.150634
344.566033	2508.669718
344.957397	2511.770027
345.348697	2506.789367
345.739934	2507.837927
346.131106	2503.142093
346.522215	2500.397184
346.913260	2498.988182
347.304241	2497.783346
347.695159	2495.504744
348.086012	2493.241266
348.476802	2492.865700
348.867528	2489.039465
349.258191	2488.966368
349.648789	2491.577686
350.039324	2485.795482
350.429796	2484.494864
350.820203	2484.376397
351.210548	2483.103506
351.600828	2481.875985
351.991045	2481.883547
352.381198	2479.554534
352.771288	2480.134266
353.161314	2482.732981
353.551276	2482.523773
353.941175	2478.974801
354.331010	2479.884729
354.720782	2480.628299
355.110490	2481.397075
355.500135	2481.550831
355.889717	2484.487303
356.279235	2480.749287
356.668689	2482.112919
357.058080	2483.930255
357.447408	2479.594863
357.836672	2479.824235
358.225873	2480.522435
358.615010	2482.145687
359.004084	2483.665595
359.393095	2486.884371
359.782043	2486.155925
360.170927	2485.982005
360.559748	2487.186841
360.948505	2486.539052
361.337199	2488.794969
361.725830	2487.408651
362.114398	2490.259424
362.502903	2490.133395
362.891344	2493.899137
363.279722	2490.879486
363.668037	2492.444764
364.056289	2491.033241
364.444478	2492.626246
364.832603	2494.703201
365.220665	2494.224291
365.608665	2493.367295
365.996601	2495.487100
366.384474	2495.673623
366.772284	2497.080105
367.160031	2497.548932
367.547715	2498.884838
367.935336	2502.509428
368.322893	2504.926661
368.710388	2507.674090
369.097820	2517.668177
369.485189	2518.827643
369.872495	2526.162522
370.259738	2529.837523
370.646918	2540.701209
371.034035	2544.691283
371.421090	2554.360216
371.808081	2567.263049
372.195010	2574.676066
372.581875	2586.784917
372.968678	2601.021136
373.355418	2610.591766
373.742096	2629.102883
374.128710	2641.761220
374.515262	2656.730927
374.901751	2674.526200
375.288177	2686.740916
375.674540	2708.203628
376.060841	2727.899416
376.447079	2745.407343
376.833254	2766.184459
377.219367	2776.972528
377.605417	2815.146666
377.991404	2823.678819
378.377329	2846.863085
378.763191	2862.926722
379.148991	2901.799059
379.534727	2927.088008
379.920402	2954.884930
380.306013	2964.440437
380.691563	3016.167717
381.077049	3040.249308
381.462474	3055.219015
381.847835	3094.993719
382.233134	3116.272429
382.618371	3111.664814
383.003545	3183.944878
383.388657	3190.831094
383.773706	3221.703121
384.158693	3238.469998
384.543618	3261.936569
384.928480	3300.471149
385.313280	3343.472192
385.698017	3341.596883
386.082692	3397.228536
386.467305	3403.993764
386.851856	3431.488217
387.236344	3453.543265
387.620770	3485.007627
388.005133	3506.228364
388.389435	3528.442209
388.773674	3536.545863
389.157851	3573.918457
389.541965	3582.992534
389.926018	3545.662790
390.310008	3604.997171
390.693936	3613.582256
391.077802	3643.599807
391.461606	3620.148359
391.845348	3664.460101
392.229027	3651.685817
392.612645	3646.407729
392.996200	3696.864638
393.379694	3718.103019
393.763125	3752.846652
394.146494	3704.975855
394.529801	3734.741348
394.913047	3750.711723
395.296230	3699.095349
395.679351	3716.464644
396.062410	3708.204714
396.445408	3664.344155
396.828343	3656.764780
397.211217	3646.712719
397.594028	3562.495203
397.976778	3574.243612
398.359466	3558.457239
398.742092	3543.825290
399.124656	3463.020635
399.507158	3478.943119
399.889598	3460.331179
400.271977	3459.333031
400.654294	3403.061151
401.036549	3369.199720
401.418742	3321.999397
401.800874	3332.807631
402.182944	3306.422232
402.564952	3293.844553
402.946898	3254.495826
403.328783	3211.464537
403.710606	3145.052376
404.092367	3171.836027
404.474067	3129.195427
404.855705	3098.552773
405.237282	3046.946481
405.618797	3040.093033
406.000250	3014.032788
406.381642	3003.905110
406.762972	2964.042186
407.144240	2935.854574
407.525447	2908.428177
407.906593	2886.554610
408.287677	2869.276055
408.668700	2829.128306
409.049661	2815.103816
409.430560	2793.769653
409.811399	2764.984664
410.192176	2757.370002
410.572891	2734.649521
410.953545	2721.003118
411.334138	2695.890610
411.714669	2683.685976
412.095139	2662.462719
412.475547	2654.248158
412.855894	2640.861374
413.236180	2629.526340
413.616405	2616.000924
413.996568	2605.923658
414.376670	2598.417380
414.756711	2585.673343
415.136691	2579.124884
415.516609	2575.031467
415.896466	2571.071641
416.276262	2567.434448
416.655997	2556.918601
417.035670	2554.839125
417.415283	2551.058260
417.794834	2543.005017
418.174324	2544.920655
418.553753	2542.624409
418.933121	2544.121632
419.312428	2540.860006
419.691674	2536.811959
420.070859	2539.256919
420.449983	2534.820703
420.829045	2534.735004
421.208047	2533.986392
421.586988	2531.327184
421.965867	2533.976310
422.344686	2534.225847
422.723444	2531.213758
423.102141	2530.069416
423.480777	2532.867256
423.859352	2528.511699
424.237866	2528.267203
424.616319	2531.586803
424.994712	2529.504807
425.373044	2530.845753
425.751314	2528.483973
426.129524	2527.871473
426.507673	2530.329035
426.885762	2532.176618
427.263789	2531.896834
427.641756	2529.023376
428.019662	2530.639066
428.397508	2530.291227
428.775292	2530.472708
429.153016	2528.708304
429.530679	2530.424817
429.908282	2530.664272
430.285824	2531.155784
430.663305	2527.838705
431.040726	2530.228212
431.418086	2527.795855
431.795385	2530.747451
432.172624	2528.940197
432.549802	2530.959179
432.926920	2528.168901
433.303977	2531.052441
433.680974	2531.468336
434.057910	2530.697039
434.434786	2530.492873
434.811601	2530.495393
435.188355	2529.285516
435.565050	2529.250228
435.941683	2530.326515
436.318257	2528.904909
436.694770	2527.329549
437.071222	2528.559590
437.447614	2525.169414
437.823946	2528.327697
438.200218	2528.995650
438.576429	2529.855167
438.952580	2531.354910
439.328670	2531.044879
439.704700	2534.190559
440.080670	2533.159643
440.456580	2531.433048
440.832429	2533.278110
441.208218	2531.095291
441.583947	2533.376413
441.959616	2531.516227
442.335224	2533.333563
442.710773	2531.939684
443.086261	2532.746268
443.461689	2530.326515
443.837057	2533.136958
444.212365	2534.019160
444.587612	2532.511855
444.962800	2534.203162
445.337927	2534.755168
445.712995	2532.443799
446.088002	2535.382792
446.462949	2534.286341
446.837837	2533.162164
447.212664	2533.026052
447.587431	2533.373892
447.962139	2535.932278
448.336786	2539.103163
448.711374	2537.066537
449.085901	2538.891435
449.460369	2534.588810
449.834776	2534.200641
450.209124	2536.902700
450.583412	2536.103677
450.957640	2537.989068
451.331808	2538.578883
451.705917	2535.229037
452.079965	2536.615354
452.453954	2537.084181
452.827883	2537.497556
453.201752	2537.129552
453.575562	2534.682072
453.949311	2536.872453
454.323001	2536.012936
454.696632	2534.813142
455.070202	2535.617206
455.443713	2537.759696
455.817164	2538.346990
456.190556	2535.788605
456.563888	2536.635519
456.937160	2534.392205
457.310373	2538.079809
457.683526	2538.243647
458.056619	2538.546116
458.429653	2535.960004
458.802628	2541.101981
459.175542	2537.467309
459.548398	2538.107536
459.921194	2539.050231
460.293930	2541.066693
460.666607	2542.064841
461.039224	2541.220448
461.411782	2543.796478
461.784280	2541.288504
462.156719	2543.262115
462.529099	2544.141797
462.901419	2541.336395
463.273680	2541.734646
463.645882	2545.079451
464.018024	2543.811601
464.390106	2542.853782
464.762130	2543.161292
465.134094	2544.010727
465.505999	2547.373176
465.877845	2550.410472
466.249631	2555.865000
466.621358	2551.511964
466.993026	2554.115720
467.364634	2553.379711
467.736184	2548.081458
468.107674	2545.107178
468.479105	2547.189174
468.850477	2549.992056
469.221790	2548.966181
469.593043	2545.644061
469.964238	2546.427960
470.335373	2547.839483
470.706449	2548.431819
471.077467	2547.640358
471.448425	2553.989691
471.819324	2555.567572
472.190164	2554.065308
472.560945	2550.072714
472.931667	2548.467107
473.302330	2549.001469
473.672934	2548.174720
474.043479	2545.046684
474.413965	2549.132539
474.784393	2543.332692
475.154761	2546.700182
475.525070	2543.337733
475.895321	2544.237579
476.265513	2543.196580
476.635645	2547.768907
477.005719	2547.466438
477.375734	2550.352498
477.745691	2548.325954
478.115588	2552.724361
478.485427	2551.249824
478.855207	2552.003476
479.224928	2551.743857
479.594591	2556.343910
479.964194	2551.663198
480.333739	2552.101779
480.703226	2555.502037
481.072653	2555.696121
481.442022	2552.575647
481.811333	2555.131512
482.180584	2555.060936
482.549777	2554.236707
482.918912	2553.185627
483.287988	2553.092365
483.657005	2551.340564
484.025964	2553.805689
484.394864	2553.934238
484.763706	2552.915925
485.132489	2551.713610
485.501213	2552.424413
485.869879	2550.241593
486.238487	2552.290822
486.607036	2552.477345
486.975527	2553.049516
487.343959	2550.317210
487.712333	2551.416182
488.080648	2551.799309
488.448905	2552.971378
488.817104	2551.353167
489.185244	2552.981460
489.553326	2552.709238
489.921350	2555.529763
490.289315	2556.580844
490.657222	2556.406924
491.025070	2555.628066
491.392861	2555.585216
491.760593	2558.090669
492.128267	2556.016235
492.495883	2553.651933
492.863440	2557.203426
493.230939	2552.331151
493.598380	2552.999104
493.965763	2551.441387
494.333088	2551.073383
494.700354	2548.492312
495.067563	2550.349978
495.434713	2548.628424
495.801805	2552.101779
496.168839	2552.840308
496.535815	2550.216387
496.902733	2552.409289
497.269593	2550.418033
497.636395	2554.629917
498.003139	2553.609084
498.369825	2550.828887
498.736453	2552.862993
499.103023	2550.851573
499.469535	2553.891388
499.835989	2554.145967
500.202385	2552.860472
500.568723	2552.293342
500.935003	2550.299566
501.301226	2550.803682
501.667390	2555.494475
502.033497	2553.485575
502.399546	2555.005483
502.765537	2554.135884
503.131470	2552.540359
503.497345	2552.416851
503.863163	2553.853580
504.228923	2552.285781
504.594625	2553.752757
504.960269	2552.361398
505.325856	2551.038095
505.691385	2551.239741
506.056856	2552.789896
506.422270	2550.120605
506.787625	2551.552293
507.152924	2553.964485
507.518164	2554.173693
507.883347	2552.999104
508.248472	2553.941800
508.613540	2551.963147
508.978550	2553.621687
509.343503	2554.201419
509.708398	2554.473642
510.073236	2554.322407
510.438016	2555.832232
510.802738	2552.626059
511.167403	2552.772252
511.532010	2553.478014
511.896561	2551.816953
512.261053	2557.016904
512.625488	2550.995245
512.989866	2553.430123
513.354186	2551.189330
513.718449	2548.240255
514.082655	2551.494320
514.446803	2554.645041
514.810894	2554.135884
515.174927	2554.367777
515.538904	2553.248641
515.902822	2555.128992
516.266684	2552.847869
516.630488	2554.385421
516.994235	2553.750236
517.357925	2554.284598
517.721558	2556.958930
518.085133	2557.180741
518.448651	2555.862479
518.812112	2556.865669
519.175516	2556.835422
519.538863	2554.266954
519.902152	2554.914742
520.265385	2552.789896
520.628560	2553.346944
520.991678	2553.097407
521.354739	2554.710576
521.717743	2554.884496
522.080690	2556.671585
522.443580	2553.094886
522.806413	2555.539846
523.169189	2556.913560
523.531908	2553.727551
523.894569	2554.271995
524.257174	2556.548076
524.619722	2554.672767
524.982213	2556.054043
525.344647	2554.907181
525.707025	2554.345092
526.069345	2556.800134
526.431608	2556.464897
526.793815	2557.732748
527.155964	2556.018755
527.518057	2554.314845
527.880093	2554.997922
528.242072	2555.439023
528.603995	2557.596636
528.965860	2556.260731
529.327669	2554.282078
529.689421	2554.529094
530.051117	2556.656461
530.412755	2554.128323
530.774337	2555.224773
531.135862	2554.735782
531.497331	2553.084804
531.858743	2548.819988
532.220098	2552.242931
532.581396	2550.140770
532.942638	2553.261244
533.303824	2553.825853
533.664953	2555.139074
534.026025	2554.876934
534.387040	2555.638148
534.747999	2556.011193
535.108902	2554.594629
535.469748	2557.268961
535.830537	2555.565051
536.191270	2553.677139
536.551947	2555.880123
536.912567	2555.867521
537.273131	2554.955072
537.633638	2553.145297
537.994089	2554.289639
538.354483	2552.928528
538.714821	2555.461708
539.075103	2556.217881
539.435328	2557.619322
539.795497	2554.834084
540.155609	2557.178221
540.515665	2555.723848
540.875665	2557.856256
541.235609	2556.994218
541.595496	2553.326779
541.955328	2555.005483
542.315102	2556.422047
542.674821	2557.412634
543.034483	2555.219732
543.394090	2555.706204
543.753640	2555.509599
544.113134	2553.651933
544.472571	2555.771739
544.831953	2558.057902
545.191278	2556.296019
545.550548	2554.652603
545.909761	2555.446584
546.268918	2554.297201
546.628019	2555.312994
546.987064	2556.885834
547.346053	2556.275854
547.704986	2554.178734
548.063863	2556.422047
548.422684	2554.705535
548.781449	2553.593960
549.140158	2554.592109
549.498811	2556.744681
549.857408	2555.312994
550.215949	2553.765359
550.574434	2553.921635
550.932864	2553.059598
551.291237	2550.803682
551.649555	2554.481203
552.007817	2553.369629
552.366022	2552.805020
552.724173	2556.371636
553.082267	2555.010524
553.440305	2555.255020
553.798288	2555.643189
554.156215	2553.054557
554.514086	2555.602860
554.871902	2553.583878
555.229661	2555.277706
555.587365	2551.811912
555.945014	2554.266954
556.302606	2551.678322
556.660143	2555.733930
557.017625	2555.789383
557.375050	2557.944476
557.732421	2554.367777
558.089735	2555.486913
558.446994	2556.691749
558.804197	2555.572613
559.161345	2554.803837
559.518437	2553.435164
559.875474	2557.289126
560.232455	2555.920453
560.589381	2556.853066
560.946251	2555.328117
561.303065	2556.797613
561.659825	2553.084804
562.016528	2553.717468
562.373177	2555.335679
562.729770	2556.825340
563.086307	2554.796275
563.442789	2557.563869
563.799216	2556.951369
564.155587	2555.224773
564.511904	2557.276523
564.868164	2553.606563
565.224370	2557.609239
565.580520	2552.855431
565.936615	2554.458518
566.292654	2555.600339
566.648638	2556.182593
567.004567	2555.010524
567.360441	2555.653272
567.716260	2553.810730
568.072023	2555.181924
568.427732	2552.290822
568.783385	2553.621687
569.138982	2550.990204
569.494525	2552.263096
569.850013	2551.088507
570.205445	2553.833415
570.560823	2555.255020
570.916145	2553.087324
571.271412	2553.732592
571.626625	2553.641851
571.981782	2556.540515
572.336884	2554.403065
572.691931	2555.257541
573.046923	2551.958106
573.401860	2555.360885
573.756743	2553.929197
574.111570	2553.180586
574.466342	2554.957592
574.821059	2554.178734
575.175722	2554.183775
575.530330	2551.769062
575.884882	2556.782490
576.239380	2556.323745
576.593823	2558.020093
576.948211	2551.693445
577.302544	2555.151677
577.656823	2556.417006
578.011047	2554.801317
578.365216	2554.955072
578.719330	2552.429454
579.073389	2553.253682
579.427394	2551.554813
579.781344	2553.319217
580.135239	2554.619835
580.489080	2553.719989
580.842866	2552.371480
581.196597	2556.490103
581.550273	2555.968344
581.903895	2553.835936
582.257463	2556.288457
582.610975	2554.496327
582.964434	2554.014897
583.317837	2552.394166
583.671186	2555.050854
584.024481	2556.220401
584.377721	2553.470452
584.730906	2552.978939
585.084037	2554.768549
585.437113	2551.892571
585.790135	2552.590771
586.143103	2551.212015
586.496016	2554.564382
586.848874	2547.209339
587.201679	2553.699824
587.554428	2549.918959
587.907124	2553.319217
588.259765	2548.819987
588.612352	2555.229815
588.964884	2550.319731
589.317362	2549.810574
589.669786	2551.330482
590.022155	2552.442057
590.374470	2554.140925
590.726731	2554.052705
591.078937	2552.802499
591.431090	2553.288970
591.783188	2552.938610
592.135232	2551.411141
592.487222	2554.786193
592.839157	2553.535987
593.191038	2552.668908
593.542866	2552.356357
593.894639	2553.321738
594.246358	2550.360060
594.598022	2553.019269
594.949633	2552.580688
595.301190	2552.152190
595.652692	2553.944320
596.004141	2549.185471
596.355535	2552.278219
596.706876	2553.651933
597.058162	2550.962478
597.409395	2552.167314
597.760573	2552.275698
598.111698	2552.114382
598.462768	2553.046995
598.813785	2551.501881
599.164748	2553.500699
599.515657	2551.322920
599.866511	2548.696479
600.217312	2551.630431
600.568060	2550.730585
600.918753	2551.421223
601.269392	2550.102961
601.619978	2550.105482
601.970510	2550.617159
602.320988	2555.393652
602.671412	2552.830225
603.021783	2551.567416
603.372100	2549.077086
603.722363	2552.192519
604.072572	2551.585060
604.422728	2554.539177
604.772830	2547.847045
605.122878	2546.619524
605.472872	2550.329813
605.822813	2544.020809
606.172701	2548.764535
606.522534	2548.784699
606.872314	2551.736295
607.222041	2549.533311
607.571714	2551.885009
607.921333	2552.174875
608.270899	2548.593136
608.620411	2551.154042
608.969870	2550.778476
609.319276	2552.517674
609.668627	2557.037068
610.017926	2556.754764
610.367171	2559.628221
610.716362	2557.914229
611.065500	2557.110165
611.414585	2558.826678
611.763616	2553.967006
612.112594	2554.617314
612.461518	2553.021789
612.810389	2555.839794
613.159207	2552.684032
613.507971	2552.467262
613.856682	2552.878116
614.205340	2551.935421
614.553945	2551.990873
614.902496	2550.629762
615.250994	2552.668908
615.599439	2548.641027
615.947830	2553.115051
616.296169	2550.143290
616.644454	2551.816953
616.992686	2549.661860
617.340864	2552.704197
617.688990	2549.056922
618.037063	2553.573796
618.385082	2552.063970
618.733048	2552.696635
619.080961	2550.677653
619.428821	2555.144115
619.776628	2550.992725
620.124382	2551.900132
620.472083	2551.577499
620.819731	2549.934082
621.167326	2548.328475
621.514868	2552.923487
621.862357	2550.221428
622.209793	2552.237890
622.557176	2552.310987
622.904506	2549.707231
623.251783	2545.684390
623.599007	2547.970553
623.946179	2546.281767
624.293297	2549.503064
624.640363	2549.014072
624.987376	2551.983312
625.334336	2547.902497
625.681243	2548.736808
626.028097	2549.326623
626.374899	2548.877961
626.721647	2546.717826
627.068343	2552.008517
627.414987	2550.264278
627.761577	2548.915769
628.108115	2550.544062
628.454600	2547.748742
628.801032	2547.766386
629.147412	2550.304607
629.493739	2550.889381
629.840014	2549.319062
630.186236	2546.727909
630.532405	2546.705223
630.878521	2550.097920
631.224585	2551.534649
631.570597	2548.754452
631.916556	2548.189843
632.262462	2549.331665
632.608316	2546.180943
632.954117	2550.110523
633.299866	2549.145142
633.645562	2547.138763
633.991206	2548.709082
634.336797	2547.947868
634.682336	2547.481561
635.027823	2546.816129
635.373257	2549.311500
635.718639	2545.906201
636.063968	2546.614483
636.409245	2546.317055
636.754470	2546.314534
637.099642	2546.780841
637.444762	2546.075079
637.789829	2547.438711
638.134845	2545.344112
638.479808	2546.617003
638.824719	2547.514329
639.169577	2548.729247
639.514383	2547.312683
639.859137	2546.216232
640.203839	2545.684390
640.548489	2546.387631
640.893086	2543.589790
641.237632	2541.023843
641.582125	2544.366128
641.926566	2537.295910
642.270955	2545.384441
642.615292	2546.012065
642.959576	2544.353525
643.303809	2547.473999
643.647990	2548.363763
643.992118	2545.777651
644.336195	2546.100285
644.680219	2546.629606
645.024192	2547.713454
645.368112	2544.804708
645.711981	2544.310675
646.055797	2548.270502
646.399562	2545.989380
646.743274	2548.018444
647.086935	2546.110367
647.430544	2546.576674
647.774101	2545.782692
648.117606	2547.821839
648.461059	2545.732281
648.804460	2543.834286
649.147810	2545.036602
649.491108	2545.785213
649.834354	2544.083823
650.177548	2545.916283
650.520690	2547.526932
650.863781	2544.494678
651.206820	2549.036757
651.549807	2545.064328
651.892742	2548.779658
652.235626	2545.328988
652.578458	2548.015923
652.921238	2545.187836
653.263967	2544.547610
653.606644	2541.394368
653.949269	2544.824873
654.291843	2546.415357
654.634365	2545.593649
654.976836	2544.106509
655.319255	2544.020809
655.661622	2547.655481
656.003938	2544.212373
656.346203	2546.007024
656.688416	2544.771941
657.030577	2544.161961
657.372687	2542.568957
657.714746	2542.594163
658.056753	2544.126673
658.398708	2540.809594
658.740612	2542.042156
659.082465	2537.890766
659.424266	2541.084337
659.766016	2538.712474
660.107715	2547.070707
660.449362	2541.969059
660.790958	2544.295552
661.132503	2542.503422
661.473996	2543.463762
661.815438	2542.029553
662.156829	2543.867054
662.498168	2542.432846
662.839456	2546.972405
663.180693	2544.492157
663.521879	2544.129194
663.863013	2547.098433
664.204097	2544.340922
664.545129	2546.049873
664.886110	2545.152548
665.227040	2542.682383
665.567918	2544.764379
665.908746	2542.137938
666.249522	2544.736653
666.590248	2545.898639
666.930922	2545.361756
667.271545	2543.456200
667.612118	2546.700182
667.952639	2547.111036
668.293109	2545.457538
668.633528	2544.955943
668.973896	2542.815973
669.314213	2545.003834
669.654480	2541.757331
669.994695	2542.528627
670.334859	2543.345294
670.674973	2542.682383
671.015035	2545.079451
671.355047	2543.403268
671.695008	2542.909235
672.034918	2544.230017
672.374777	2545.838145
672.714585	2546.140614
673.054342	2545.908721
673.394049	2543.559543
673.733705	2542.513504
674.073310	2545.339071
674.412864	2545.860830
674.752368	2544.976108
675.091820	2545.560882
675.431223	2543.226827
675.770574	2546.538865
676.109875	2538.674665
676.449125	2542.344625
676.788324	2538.871270
677.127473	2543.441076
677.466571	2536.718698
677.805619	2543.862013
678.144616	2542.563916
678.483562	2542.843700
678.822458	2543.148689
679.161303	2542.596683
679.500098	2545.507949
679.838842	2545.797816
680.177535	2542.949564
680.516179	2544.300593
680.854771	2541.946374
681.193314	2543.884698
681.531805	2545.863351
681.870247	2543.325130
682.208638	2543.995603
682.546978	2543.539379
682.885268	2542.397558
683.223508	2545.076931
683.561697	2544.966025
683.899836	2543.725902
684.237925	2542.969728
684.575963	2541.061652
684.913951	2545.717157
685.251889	2544.547610
685.589776	2541.830428
685.927614	2545.959133
686.265401	2542.710109
686.603137	2542.589121
686.940824	2543.224307
687.278460	2545.054246
687.616046	2544.396375
687.953582	2545.855789
688.291068	2544.693803
688.628504	2543.471323
688.965889	2543.488967
689.303224	2541.711961
689.640510	2541.003678
689.977745	2544.103988
690.314930	2546.553989
690.652065	2544.701365
690.989150	2543.332692
691.326185	2543.627599
691.663170	2542.526107
692.000105	2544.434184
692.336990	2543.796478
692.673825	2544.708927
693.010610	2540.839841
693.347345	2538.316743
693.684030	2537.704243
694.020665	2539.730787
694.357251	2538.576363
694.693786	2541.951415
695.030272	2544.035933
695.366707	2542.712630
695.703093	2542.563916
696.039429	2543.320089
696.375716	2542.488298
696.711952	2540.416384
697.048139	2540.063503
697.384276	2538.231044
697.720363	2540.542413
698.056400	2538.525951
698.392388	2539.975283
698.728326	2539.645088
699.064214	2538.707433
699.400053	2543.244471
699.735842	2540.572660
700.071581	2540.469316
700.407270	2543.579708
700.742910	2538.962011
701.078501	2540.139121
701.414042	2539.632485
701.749533	2538.762886
702.084974	2542.039636
702.420366	2542.798329
702.755709	2538.833462
703.091002	2540.497042
703.426246	2539.405633
703.761440	2538.314223
704.096584	2542.989893
704.431679	2543.231868
704.766725	2541.066693
705.101721	2538.417567
705.436668	2542.621889
705.771565	2540.958308
706.106413	2541.069213
706.441212	2539.314892
706.775961	2539.750952
707.110661	2539.692978
707.445311	2541.656508
707.779913	2540.492001
708.114465	2537.512679
708.448967	2542.412681
708.783421	2540.318082
709.117825	2538.399923
709.452180	2542.097609
709.786485	2538.906558
710.120742	2540.676003
710.454949	2542.712630
710.789107	2539.708102
711.123216	2535.367668
711.457275	2537.099305
711.791286	2537.288348
712.125247	2539.405633
712.459159	2542.253885
712.793023	2542.773123
713.126837	2538.223482
713.460602	2540.166847
713.794318	2542.047197
714.127985	2540.476878
714.461602	2540.998637
714.795171	2538.803215
715.128691	2538.619213
715.462162	2541.737166
715.795584	2540.917979
716.128957	2540.789429
716.462281	2539.445962
716.795556	2540.849923
717.128782	2542.037115
717.461960	2540.577701
717.795088	2542.132897
718.128167	2538.130221
718.461198	2540.923020
718.794180	2537.679038
719.127113	2539.077958
719.459997	2541.689275
719.792833	2541.283462
720.125619	2540.444110
720.458357	2539.750952
720.791046	2540.837320
721.123686	2538.367155
721.456278	2539.612320
721.788821	2538.835982
722.121315	2540.607948
722.453761	2538.677186
722.786158	2538.394881
723.118506	2537.578214
723.450805	2539.075437
723.783056	2537.336239
724.115259	2537.648791
724.447412	2539.811446
724.779518	2540.381096
725.111574	2538.949408
725.443582	2539.032587
725.775542	2536.872453
726.107453	2537.205169
726.439315	2539.193904
726.771129	2542.500901
727.102895	2540.297917
727.434612	2538.856147
727.766281	2540.895294
728.097901	2535.284489
728.429473	2535.609644
728.760996	2537.003523
729.092471	2534.556043
729.423897	2541.142310
729.755276	2537.537885
730.086606	2538.112577
730.417887	2540.297917
730.749120	2538.967052
731.080305	2539.919830
731.411442	2539.914789
731.742530	2541.674152
732.073570	2541.054090
732.404562	2539.229192
732.735506	2541.268339
733.066401	2538.876312
733.397249	2540.655839
733.728048	2540.454193
734.058798	2537.658873
734.389501	2539.720705
734.720156	2540.040818
735.050762	2536.721218
735.381320	2540.542413
735.711831	2536.113759
736.042293	2540.171888
736.372707	2536.307844
736.703073	2540.164326
737.033391	2539.163657
737.363661	2535.803728
737.693883	2537.613503
738.024056	2541.147351
738.354182	2539.982845
738.684260	2540.691127
739.014290	2538.220962
739.344272	2539.098122
739.674207	2539.859337
740.004093	2542.553833
740.333931	2536.562422
740.663722	2538.684748
740.993464	2538.576363
741.323159	2537.442103
741.652806	2536.625436
741.982405	2539.113246
742.311956	2541.991745
742.641460	2539.425797
742.970915	2537.152237
743.300323	2538.556198
743.629683	2538.039480
743.958996	2537.114428
744.288260	2538.704912
744.617477	2536.159130
744.946647	2535.579397
745.275768	2534.185518
745.604842	2536.365817
745.933869	2532.723583
746.262847	2534.805580
746.591778	2535.597041
746.920662	2536.194418
747.249498	2538.450334
747.578286	2538.367155
747.907027	2538.488143
748.235720	2537.837834
748.564365	2535.944881
748.892963	2537.190046
749.221514	2537.159799
749.550017	2537.356404
749.878473	2539.337577
750.206881	2536.350693
750.535242	2542.548792
750.863555	2540.716333
751.191821	2538.541075
751.520039	2536.524613
751.848210	2539.793802
752.176334	2537.663914
752.504411	2535.249201
752.832440	2537.999151
753.160421	2535.975127
753.488356	2536.844727
753.816243	2537.855478
754.144082	2535.057638
754.471875	2537.021167
754.799620	2536.948070
755.127318	2533.941022
755.454969	2537.764737
755.782572	2536.217103
756.110129	2535.193749
756.437638	2537.295910
756.765100	2536.905220
757.092515	2536.809438
757.419882	2536.892617
757.747203	2538.558719
758.074477	2539.035108
758.401703	2539.589635
758.728882	2535.750796
759.056014	2536.194418
759.383099	2537.389171
759.710138	2538.155427
760.037129	2537.217772
760.364073	2538.699871
760.690970	2533.772143
761.017820	2540.179450
761.344623	2537.792463
761.671379	2540.313040
761.998088	2530.659231
762.324751	2537.159799
762.651366	2534.220806
762.977935	2536.380940
763.304456	2537.845396
763.630931	2543.862013
763.957359	2540.708771
764.283740	2540.809594
764.610074	2540.363452
764.936362	2538.498225
765.262602	2537.351362
765.588796	2537.061496
765.914943	2536.542257
766.241044	2535.733152
766.567097	2534.366999
766.893104	2539.022505
767.219064	2537.505118
767.544978	2539.072917
767.870845	2537.351362
768.196665	2537.018646
768.522438	2534.470343
768.848165	2535.097967
769.173846	2535.385313
769.499479	2536.494366
769.825066	2535.622247
770.150607	2534.974458
770.476101	2536.491846
770.801548	2538.525951
771.126949	2536.368338
771.452303	2535.564273
771.777611	2535.730632
772.102872	2537.285828
772.428087	2531.838861
772.753256	2536.088553
773.078378	2537.434542
773.403453	2537.076620
773.728482	2535.375230
774.053465	2536.557381
774.378401	2532.602596
774.703291	2535.390354
775.028135	2536.045704
775.352932	2534.835827
775.677683	2535.226516
776.002388	2536.653163
776.327046	2536.506969
776.651658	2538.253729
776.976224	2535.418080
777.300743	2535.702905
777.625216	2535.360107
777.949643	2532.947915
778.274024	2532.708460
778.598359	2531.969931
778.922647	2530.898686
779.246889	2533.542771
779.571086	2528.234436
779.895236	2531.470857
780.219339	2534.190559
780.543397	2536.698533
780.867409	2532.990764
781.191374	2534.329191
781.515294	2534.805580
781.839167	2532.035466
782.162995	2533.182328
782.486776	2535.851619
782.810511	2535.103008
783.134201	2534.427493
783.457844	2532.627801
783.781441	2531.715352
784.104993	2536.391023
784.428498	2535.234078
784.751958	2534.046886
785.075372	2536.965714
785.398739	2533.915816
785.722061	2534.679551
786.045337	2533.741896
786.368568	2533.217616
786.691752	2535.579397
787.014891	2532.582431
787.337983	2532.920188
787.661030	2533.658717
787.984031	2533.893131
788.306987	2534.593851
788.629897	2537.759696
788.952760	2534.427493
789.275579	2535.546629
789.598351	2536.937988
789.921078	2531.664941
790.243759	2534.218285
790.566395	2533.802390
790.888984	2534.157792
791.211529	2536.312885
791.534027	2535.902031
791.856480	2536.721218
792.178888	2534.298944
792.501249	2535.914634
792.823566	2536.569984
793.145836	2534.770292
793.468062	2534.130065
793.790241	2536.035621
794.112375	2535.700385
794.434464	2531.042358
794.756507	2536.804397
795.078505	2535.317257
795.400457	2531.218799
795.722364	2530.530681
796.044226	2531.828778
796.366042	2531.627132
796.687812	2532.413552
797.009538	2532.600075
797.331218	2536.136444
797.652852	2534.253573
797.974442	2535.274407
798.295986	2530.712163
798.617484	2534.976979
798.938938	2535.581918
799.260346	2534.397246
799.581709	2532.910106
799.903026	2535.463450
800.224299	2534.674510
800.545526	2533.648635
800.866708	2531.727955
801.187845	2533.721732
801.508936	2534.679551
801.829983	2532.411032
802.150984	2530.518078
802.471940	2535.281969
802.792851	2535.788605
803.113717	2533.694005
803.434538	2532.085877
803.755314	2532.032945
804.076045	2534.762730
804.396731	2532.446320
804.717372	2534.303985
805.037967	2533.318439
805.358518	2533.583100
805.679024	2534.487987
805.999485	2532.075795
806.319901	2533.920857
806.640272	2534.067051
806.960598	2533.373892
807.280879	2531.158305
807.601115	2534.417411
807.921306	2532.055630
808.241453	2534.344314
808.561554	2534.452699
808.881611	2532.360620
809.201623	2536.902700
809.521590	2532.421114
809.841513	2534.737524
810.161390	2534.122503
810.481223	2534.808100
810.801011	2532.554705
811.120755	2535.730632
811.440453	2536.262473
811.760107	2535.128214
812.079716	2533.061341
812.399281	2529.371216
812.718801	2529.981196
813.038276	2528.746113
813.357707	2533.593182
813.677093	2529.794673
813.996434	2535.662576
814.315731	2533.285672
814.634983	2537.043852
814.954191	2532.905065
815.273354	2536.239788
815.592473	2535.160981
815.911547	2534.614016
816.230577	2533.197452
816.549562	2535.302133
816.868502	2533.021011
817.187399	2533.429345
817.506250	2532.274921
817.825058	2535.181146
818.143821	2533.946063
818.462539	2535.370189
818.781213	2530.913809
819.099843	2534.593851
819.418429	2535.992772
819.736970	2534.283820
820.055466	2534.853471
820.373919	2535.405477
820.692327	2536.426311
821.010691	2538.962011
821.329011	2544.628268
821.647286	2550.425595
821.965517	2558.965310
822.283704	2563.966134
822.601847	2561.730382
822.919945	2559.393808
823.237999	2552.081614
823.556010	2549.528270
823.873976	2549.477858
824.191897	2544.587939
824.509775	2542.034594
824.827609	2543.123484
825.145398	2536.973276
825.463144	2540.736497
825.780845	2537.371527
826.098502	2538.843544
826.416116	2538.893956
826.733685	2546.097764
827.051210	2543.793957
827.368692	2544.030891
827.686129	2541.139790
828.003522	2538.538554
828.320872	2532.416073
828.638177	2536.290200
828.955439	2535.317257
829.272656	2533.441948
829.589830	2530.666793
829.906960	2534.036804
830.224046	2534.951773
830.541088	2537.699202
830.858086	2534.717360
831.175041	2534.004036
831.491952	2534.462781
831.808819	2534.855991
832.125642	2531.932122
832.442421	2534.810621
832.759157	2532.479087
833.075849	2533.341125
833.392497	2538.430169
833.709101	2538.236085
834.025662	2539.526620
834.342179	2538.694830
834.658653	2536.060827
834.975083	2537.205169
835.291469	2539.546785
835.607811	2531.727955
835.924110	2535.105528
836.240366	2532.380785
836.556578	2532.799201
836.872746	2535.498738
837.188871	2531.266690
837.504952	2531.838861
837.820990	2533.452030
838.136984	2529.681247
838.452935	2531.208717
838.768842	2530.792821
839.084706	2531.138140
839.400526	2534.697195
839.716303	2534.225847
840.032037	2533.484797
840.347727	2532.998326
840.663373	2534.828265
840.978977	2533.391536
841.294537	2534.956814
841.610054	2533.257946
841.925527	2535.435724
842.240957	2533.633512
842.556344	2530.989426
842.871687	2530.848274
843.186987	2534.891279
843.502244	2534.482946
843.817458	2531.465815
844.132629	2530.019004
844.447756	2531.422966
844.762840	2527.185876
845.077881	2528.947759
845.392879	2527.372398
845.707833	2530.414735
846.022745	2526.636390
846.337613	2531.934643
846.652438	2531.012112
846.967221	2532.642925
847.281960	2531.435568
847.596656	2532.012781
847.911309	2532.733666
848.225919	2530.883562
848.540485	2530.777698
848.855009	2533.197452
849.169490	2532.915147
849.483928	2530.326515
849.798323	2532.595034
850.112675	2534.155271
850.426984	2531.082688
850.741251	2529.764426
851.055474	2531.599406
851.369654	2532.080836
851.683792	2530.840712
851.997887	2531.014632
852.311938	2532.748789
852.625947	2530.944056
852.939914	2529.880372
853.253837	2531.359951
853.567718	2528.584796
853.881555	2530.616381
854.195350	2530.835671
854.509103	2532.960517
854.822812	2530.780218
855.136479	2531.957328
855.450103	2528.935156
855.763685	2532.862215
856.077224	2531.143182
856.390720	2532.456402
856.704173	2533.278110
857.017584	2529.212420
857.330953	2531.949766
857.644278	2533.434386
857.957561	2534.480425
858.270802	2534.243491
858.584000	2530.691998
858.897155	2531.077647
859.210268	2531.352389
859.523339	2531.886752
859.836367	2535.271887
860.149352	2532.804242
860.462295	2532.746268
860.775195	2528.345341
861.088054	2527.458098
861.400869	2530.654190
861.713642	2524.214116
862.026373	2530.147554
862.339062	2532.900024
862.651708	2531.385157
862.964312	2530.364323
863.276873	2532.955476
863.589392	2533.005888
863.901869	2531.178470
864.214303	2531.785929
864.526696	2532.292565
864.839045	2533.522606
865.151353	2529.489683
865.463619	2529.338448
865.775842	2529.933305
866.088023	2535.254242
866.400162	2532.040507
866.712258	2531.853984
867.024313	2528.163860
867.336325	2531.750641
867.648296	2532.116124
867.960224	2529.729138
868.272110	2533.688964
868.583954	2531.927081
868.895755	2529.850126
869.207515	2530.082019
869.519233	2532.491690
869.830909	2532.297606
870.142542	2531.793490
870.454134	2532.894982
870.765684	2528.972965
871.077191	2533.129396
871.388657	2532.763913
871.700081	2529.162008
872.011463	2531.639735
872.322803	2530.402132
872.634101	2529.323325
872.945357	2532.587472
873.256571	2532.529499
873.567744	2530.996988
873.878874	2533.141999
874.189963	2532.501773
874.501010	2533.739376
874.812015	2534.291382
875.122979	2530.969262
875.433900	2529.618232
875.744780	2531.087729
876.055618	2530.329035
876.366415	2533.416742
876.677169	2530.868439
876.987882	2530.671834
877.298554	2528.083201
877.609183	2527.753006
877.919771	2526.878365
878.230317	2526.182686
878.540822	2530.928933
878.851285	2531.044879
879.161707	2532.889941
879.472087	2531.702750
879.782425	2534.767771
880.092722	2534.757689
880.402977	2537.454706
880.713191	2540.227341
881.023363	2546.445604
881.333494	2549.523228
881.643583	2547.048022
881.953631	2550.355019
882.263637	2546.470810
882.573602	2543.965356
882.883526	2542.863864
883.193408	2539.841693
883.503248	2539.912269
883.813048	2538.604089
884.122806	2537.283307
884.432522	2531.354910
884.742197	2535.491177
885.051831	2533.739376
885.361424	2533.078985
885.670975	2535.687782
885.980485	2531.548994
886.289954	2534.170394
886.599382	2534.976979
886.908768	2534.493028
887.218113	2532.080836
887.527417	2533.764582
887.836680	2531.438089
888.145901	2531.995137
888.455082	2532.206865
888.764221	2530.500434
889.073319	2532.511855
889.382376	2531.286854
889.691392	2532.438758
890.000366	2531.687626
890.309300	2530.971782
890.618193	2530.896165
890.927044	2529.885414
891.235855	2532.562266
891.544625	2528.720907
891.853353	2533.305837
892.162041	2530.150074
892.470687	2531.218799
892.779293	2530.565969
893.087858	2530.878521
893.396381	2529.187214
893.704864	2531.067564
894.013306	2530.460105
894.321707	2535.410518
894.630068	2534.248532
894.938387	2536.391023
895.246665	2537.449665
895.554903	2535.402957
895.863100	2535.607123
896.171256	2533.489839
896.479371	2532.839530
896.787446	2533.726773
897.095480	2532.975641
897.403473	2529.676206
897.711425	2529.799714
898.019336	2531.130579
898.327207	2530.636546
898.635038	2533.162164
898.942827	2531.433048
899.250576	2532.143851
899.558284	2532.713501
899.865952	2532.027904
900.173579	2530.734848
900.481165	2530.596216
900.788711	2531.022194
901.096216	2530.959179
901.403681	2530.321473
901.711105	2529.219981
902.018489	2531.846422
902.325832	2531.727955
902.633135	2529.890455
902.940397	2532.471526
903.247619	2532.884900
903.554800	2532.811803
903.861941	2536.632998
904.169041	2538.994779
904.476101	2538.967052
904.783121	2540.025695
905.090100	2536.171733
905.397039	2535.831455
905.703938	2533.920857
906.010796	2534.727442
906.317614	2534.228368
906.624391	2531.783408
906.931129	2530.238294
907.237826	2530.739889
907.544483	2532.577390
907.851099	2530.374406
908.157675	2530.374406
908.464211	2529.406504
908.770707	2526.046575
909.077163	2528.441123
909.383578	2527.427851
909.689954	2528.607481
909.996289	2524.990453
910.302584	2530.732328
910.608839	2529.129241
910.915054	2530.991947
911.221229	2529.494724
911.527363	2528.037831
911.833458	2530.381967
912.139513	2528.536905
912.445527	2530.598737
912.751502	2529.134282
913.057436	2531.082688
913.363331	2528.783922
913.669186	2531.312060
913.975000	2530.986906
914.280775	2532.653007
914.586510	2530.956659
914.892205	2531.725435
915.197859	2533.880528
915.503475	2533.963707
915.809050	2536.529654
916.114585	2535.597041
916.420081	2535.992772
916.725536	2536.096115
917.030952	2538.994779
917.336328	2535.803728
917.641665	2536.811959
917.946961	2533.494880
918.252218	2531.836340
918.557435	2530.800383
918.862612	2531.985054
919.167750	2530.860877
919.472848	2529.235105
919.777906	2531.672503
920.082925	2530.704601
920.387904	2529.933305
920.692843	2531.178470
920.997743	2530.082019
921.302603	2528.983047
921.607423	2529.179652
921.912204	2529.522451
922.216946	2529.270393
922.521647	2531.163346
922.826310	2528.373068
923.130932	2530.495393
923.435516	2532.363141
923.740059	2530.644107
924.044564	2530.596216
924.349028	2526.086904
924.653454	2524.393077
924.957840	2525.849970
925.262186	2525.862573
925.566493	2526.558252
925.870761	2527.687471
926.174989	2529.940866
926.479178	2531.359951
926.783328	2529.530012
927.087438	2526.744775
927.391509	2529.504807
927.695541	2526.628828
927.999533	2527.616894
928.303486	2528.211751
928.607400	2528.925074
928.911275	2527.004394
929.215110	2530.152595
929.518906	2527.639580
929.822663	2530.376926
930.126381	2528.920033
930.430060	2532.103521
930.733699	2529.580424
931.037299	2530.427338
931.340861	2526.439785
931.644383	2529.179652
931.947866	2530.117307
932.251309	2528.579755
932.554714	2529.114117
932.858080	2528.688140
933.161407	2529.235105
933.464694	2527.591689
933.767943	2528.138654
934.071153	2531.012112
934.374323	2527.062367
934.677455	2529.282996
934.980548	2530.122348
935.283602	2529.139323
935.586617	2528.998171
935.889593	2530.301309
936.192530	2527.155629
936.495428	2527.584127
936.798287	2526.810310
937.101108	2528.317615
937.403890	2527.473222
937.706632	2529.106555
938.009336	2531.402801
938.312002	2527.687471
938.614628	2527.264014
938.917216	2530.969262
939.219765	2529.151926
939.522275	2528.236956
939.824747	2527.760567
940.127179	2525.239990
940.429573	2524.161183
940.731929	2526.522964
941.034246	2524.398118
941.336524	2527.674868
941.638763	2529.860208
941.940964	2531.879190
942.243126	2528.690660
942.545250	2528.418438
942.847335	2528.267203
943.149381	2528.867101
943.451389	2526.780063
943.753359	2526.800227
944.055290	2528.254600
944.357182	2528.438603
944.659036	2526.959024
944.960851	2528.594878
945.262628	2530.686957
945.564367	2528.002543
945.866067	2526.250742
946.167729	2527.548839
946.469352	2526.800228
946.770937	2526.737213
947.072484	2527.989940
947.373992	2527.672347
947.675462	2527.190917
947.976893	2526.001205
948.278286	2526.787625
948.579641	2527.407687
948.880958	2527.364837
949.182236	2528.496576
949.483476	2526.175124
949.784678	2529.630835
950.085841	2526.228057
950.386967	2528.042872
950.688054	2529.416586
950.989103	2526.550690
951.290114	2529.048582
951.591087	2528.831813
951.892021	2528.794004
952.192917	2529.716535
952.493776	2529.807276
952.794596	2529.003212
953.095378	2528.282327
953.396122	2530.334076
953.696828	2526.543129
953.997496	2531.173428
954.298126	2529.751823
954.598718	2528.448685
954.899272	2528.917512
955.199788	2529.282996
955.500266	2529.209899
955.800706	2527.291740
956.101108	2523.518436
956.401472	2524.622449
956.701798	2525.542460
957.002087	2525.141688
957.302337	2528.453726
957.602550	2526.706966
957.902724	2527.143026
958.202861	2529.076308
958.502960	2528.693181
958.803022	2527.732841
959.103045	2527.924405
959.403031	2526.563293
959.702979	2524.612367
960.002889	2527.238808
960.302762	2529.131761
960.602596	2528.972965
960.902393	2527.112779
961.202153	2527.306863
961.501875	2523.770494
961.801559	2525.960875
962.101205	2529.565300
962.400814	2526.926256
962.700385	2528.670496
962.999918	2527.639580
963.299414	2527.402645
963.598873	2527.750485
963.898293	2526.147398
964.197677	2527.372398
964.497022	2525.572707
964.796331	2528.463808
965.095601	2526.863242
965.394835	2528.244518
965.694030	2526.643952
965.993189	2525.630680
966.292309	2526.258303
966.591393	2529.388860
966.890439	2525.388704
967.189447	2527.342152
967.488419	2527.478263
967.787353	2526.223015
968.086249	2525.270237
968.385108	2531.261649
968.683930	2527.785773
968.982714	2525.698735
969.281462	2529.169570
969.580172	2526.454908
969.878844	2524.788807
970.177480	2527.445495
970.476078	2526.727131
970.774639	2529.938346
971.073162	2527.891637
971.371649	2524.456091
971.670098	2525.905423
971.968510	2522.517767
972.266885	2523.294105
972.565223	2525.423992
972.863524	2529.398942
973.161788	2527.400125
973.460014	2525.880217
973.758204	2528.078160
974.056356	2527.397604
974.354471	2524.677902
974.652550	2529.509848
974.950591	2528.529343
975.248595	2527.251411
975.546563	2526.666637
975.844493	2526.893489
976.142386	2527.800897
976.440243	2527.001874
976.738062	2529.953469
977.035845	2525.849970
977.333590	2528.514220
977.631299	2527.848788
977.928971	2527.798376
978.226606	2526.399456
978.524204	2526.817872
978.821765	2527.410207
979.119290	2527.586647
979.416777	2526.843077
979.714228	2529.472039
980.011642	2527.526154
980.309020	2531.329704
980.606360	2526.724610
980.903664	2527.652183
981.200931	2526.127233
981.498162	2526.447347
981.795356	2527.505989
982.092513	2527.886596
982.389633	2525.756709
982.686717	2526.076822
982.983764	2523.841070
983.280775	2529.010773
983.577749	2526.591020
983.874686	2528.138654
984.171587	2526.422141
984.468451	2525.509692
984.765279	2524.844260
985.062070	2529.104035
985.358824	2527.700073
985.655543	2527.122861
985.952224	2526.318797
986.248869	2529.046062
986.545478	2523.394928
986.842050	2525.073632
987.138586	2524.151101
987.435086	2524.559435
987.731549	2523.641945
988.027975	2525.905423
988.324366	2526.248221
988.620719	2526.132275
988.917037	2527.579086
989.213318	2528.604961
989.509563	2527.218643
989.805772	2529.981196
990.101944	2526.344003
990.398080	2527.349713
990.694180	2527.143026
990.990244	2526.815351
991.286271	2526.986750
991.582262	2529.156967
991.878217	2524.874507
992.174136	2523.767973
992.470019	2526.225536
992.765865	2527.437933
993.061676	2525.862573
993.357450	2527.921884
993.653188	2527.644621
993.948890	2529.313243
994.244556	2527.276617
994.540186	2526.712007
994.835780	2527.337110
995.131337	2526.349044
995.426859	2527.770650
995.722345	2525.469363
996.017795	2524.521626
996.313208	2525.726462
996.608586	2525.968437
996.903928	2525.431554
997.199234	2523.989784
997.494504	2526.119672
997.789738	2525.204702
998.084936	2526.149919
998.380099	2527.604292
998.675225	2526.754857
998.970316	2529.663603
999.265371	2526.008766
999.560390	2526.850639
999.855373	2525.731503
1000.150320	2527.473222
1000.445232	2527.516071
1000.740108	2526.338962
1001.034948	2525.945752
1001.329752	2526.863242
1001.624521	2526.076822
1001.919254	2524.725793
1002.213951	2522.187572
1002.508613	2521.572551
1002.803239	2524.773684
1003.097829	2522.638755
1003.392384	2524.682943
1003.686903	2528.715866
1003.981386	2526.318797
1004.275834	2527.891637
1004.570246	2529.472039
1004.864623	2523.624301
1005.158964	2528.675537
1005.453270	2528.148736
1005.747540	2526.815351
1006.041775	2529.141843
1006.335974	2526.822913
1006.630138	2525.988602
1006.924266	2528.168901
1007.218359	2523.694877
1007.512416	2526.369209
1007.806438	2524.849301
1008.100425	2527.120341
1008.394376	2524.372912
1008.688292	2524.970289
1008.982172	2525.857532
1009.276017	2528.867101
1009.569827	2522.968951
1009.863602	2527.473222
1010.157341	2526.379291
1010.451045	2523.490710
1010.744714	2524.274609
1011.038347	2526.883407
1011.331945	2526.936339
1011.625508	2524.012469
1011.919036	2526.467511
1012.212528	2526.802748
1012.505986	2527.879034
1012.799408	2526.112110
1013.092795	2525.653365
1013.386147	2526.641431
1013.679464	2523.215967
1013.972745	2526.154960
1014.265992	2523.684794
1014.559204	2526.921215
1014.852380	2524.594723
1015.145521	2525.769312
1015.438628	2527.057326
1015.731699	2526.296112
1016.024736	2526.238139
1016.317737	2527.480783
1016.610703	2526.412059
1016.903635	2522.101872
1017.196531	2521.053312
1017.489393	2521.857376
1017.782219	2523.649506
1018.075011	2524.781245
1018.367768	2526.180166
1018.660490	2524.783766
1018.953177	2524.783766
1019.245829	2524.783766
