Dividing Wavelength (nm)	Counts (n)	Blue Motor Position (mm): 26.500000	Red Motor Position (mm): 0.000000	
326.493990	2130.537809
326.888308	2130.537809
327.282561	2130.537809
327.676750	2101.220979
328.070874	2098.788622
328.464933	2100.827769
328.858929	2106.367997
329.252859	2118.807044
329.646726	2130.726852
330.040528	2142.986938
330.434265	2159.340441
330.827938	2175.875426
331.221547	2191.838240
331.615091	2215.267002
332.008571	2232.038921
332.401986	2254.661099
332.795338	2272.683224
333.188625	2289.641665
333.581847	2310.204532
333.975006	2327.732624
334.368100	2349.089472
334.761129	2365.420290
335.154095	2381.045346
335.546996	2403.337329
335.939833	2425.392377
336.332606	2439.230344
336.725315	2451.679473
337.117960	2460.806482
337.510540	2470.891311
337.903056	2479.985552
338.295508	2490.642552
338.687896	2497.049858
339.080220	2506.423884
339.472480	2511.946468
339.864676	2514.852693
340.256807	2520.884433
340.648875	2522.275792
341.040879	2524.947603
341.432818	2527.904240
341.824694	2526.906092
342.216506	2529.267872
342.608253	2530.397091
342.999937	2528.665454
343.391557	2530.956659
343.783113	2529.603109
344.174605	2527.100176
344.566033	2526.124713
344.957397	2525.436595
345.348697	2522.510206
345.739934	2521.045750
346.131106	2518.467200
346.522215	2517.763959
346.913260	2514.414113
347.304241	2513.030316
347.695159	2508.999913
348.086012	2510.509739
348.476802	2507.684172
348.867528	2505.566887
349.258191	2505.539161
349.648789	2506.585201
350.039324	2503.666372
350.429796	2504.447751
350.820203	2501.400374
351.210548	2497.450630
351.600828	2496.575990
351.991045	2497.846360
352.381198	2498.630260
352.771288	2498.332832
353.161314	2498.615136
353.551276	2495.812255
353.941175	2495.716473
354.331010	2496.880979
354.720782	2496.543222
355.110490	2495.237563
355.500135	2497.894251
355.889717	2497.803511
356.279235	2497.213696
356.668689	2497.470794
357.058080	2497.601864
357.447408	2497.720332
357.836672	2494.539363
358.225873	2496.938953
358.615010	2493.798314
359.004084	2499.930878
359.393095	2497.455671
359.782043	2501.556650
360.170927	2500.636639
360.559748	2499.197390
360.948505	2499.963645
361.337199	2501.634788
361.725830	2500.419869
362.114398	2503.613440
362.502903	2504.964470
362.891344	2507.338853
363.279722	2506.612927
363.668037	2506.471775
364.056289	2503.850375
364.444478	2507.832886
364.832603	2503.815087
365.220665	2507.232989
365.608665	2504.742659
365.996601	2506.660818
366.384474	2506.272649
366.772284	2505.274501
367.160031	2509.481343
367.547715	2507.341374
367.935336	2509.700634
368.322893	2509.748525
368.710388	2507.797598
369.097820	2513.839421
369.485189	2507.162413
369.872495	2509.899759
370.259738	2508.858761
370.646918	2510.020747
371.034035	2508.969666
371.421090	2510.098885
371.808081	2510.565192
372.195010	2512.954698
372.581875	2509.824142
372.968678	2515.661798
373.355418	2510.555109
373.742096	2514.870337
374.128710	2513.216838
374.515262	2514.882940
374.901751	2513.078207
375.288177	2513.909997
375.674540	2514.802281
376.060841	2513.897394
376.447079	2511.094513
376.833254	2516.821263
377.219367	2510.134173
377.605417	2514.300687
377.991404	2510.585356
378.377329	2515.722292
378.763191	2510.126611
379.148991	2516.044926
379.534727	2517.040554
379.920402	2516.987622
380.306013	2515.470234
380.691563	2518.981398
381.077049	2517.806809
381.462474	2519.861079
381.847835	2519.936697
382.233134	2517.305214
382.618371	2519.901408
383.003545	2518.104237
383.388657	2517.337982
383.773706	2519.641789
384.158693	2519.180523
384.543618	2520.382839
384.928480	2517.232118
385.313280	2519.717406
385.698017	2519.914011
386.082692	2520.521470
386.467305	2520.617252
386.851856	2519.994670
387.236344	2520.869310
387.620770	2522.195133
388.005133	2522.343847
388.389435	2519.971985
388.773674	2522.064063
389.157851	2522.487520
389.541965	2521.673374
389.926018	2522.633714
390.310008	2524.350227
390.693936	2523.110103
391.077802	2523.762932
391.461606	2525.071112
391.845348	2527.304343
392.229027	2523.004239
392.612645	2525.126564
392.996200	2524.357788
393.379694	2526.197810
393.763125	2524.511544
394.146494	2524.977850
394.529801	2526.165042
394.913047	2527.062368
395.296230	2528.012625
395.679351	2525.113962
396.062410	2526.969106
396.445408	2526.349044
396.828343	2524.524147
397.211217	2523.233611
397.594028	2525.423993
397.976778	2519.777900
398.359466	2525.602953
398.742092	2523.972140
399.124656	2528.799045
399.507158	2526.464991
399.889598	2527.760567
400.271977	2525.855011
400.654294	2527.783253
401.036549	2527.327028
401.418742	2529.416586
401.800874	2527.223684
402.182944	2529.015815
402.564952	2528.340300
402.946898	2530.475229
403.328783	2531.435568
403.710606	2530.553367
404.092367	2530.384488
404.474067	2530.329035
404.855705	2530.407173
405.237282	2529.222502
405.618797	2528.940197
406.000250	2533.026053
406.381642	2531.831299
406.762972	2533.189890
407.144240	2530.155115
407.525447	2533.701567
407.906593	2531.899355
408.287677	2533.419263
408.668700	2534.157792
409.049661	2534.145189
409.430560	2533.109232
409.811399	2531.140661
410.192176	2534.253573
410.572891	2529.030938
410.953545	2534.976979
411.334138	2532.630322
411.714669	2534.813142
412.095139	2534.833306
412.475547	2534.157792
412.855894	2533.545291
413.236180	2534.727442
413.616405	2535.813811
413.996568	2539.357742
414.376670	2535.899510
414.756711	2535.818852
415.136691	2535.770961
415.516609	2535.793646
415.896466	2535.453368
416.276262	2539.713143
416.655997	2531.548994
417.035670	2533.595703
417.415283	2535.743234
417.794834	2532.496731
418.174324	2535.768440
418.553753	2535.949922
418.933121	2535.105528
419.312428	2537.651311
419.691674	2538.649460
420.070859	2542.042156
420.449983	2535.249201
420.829045	2540.413863
421.208047	2539.705581
421.586988	2539.773637
421.965867	2538.188194
422.344686	2538.553678
422.723444	2537.058976
423.102141	2539.819007
423.480777	2539.448483
423.859352	2539.652649
424.237866	2540.572660
424.616319	2540.292876
424.994712	2541.406971
425.373044	2540.744059
425.751314	2542.488298
426.129524	2541.633823
426.507673	2544.018288
426.885762	2540.459234
427.263789	2540.335726
427.641756	2542.337064
428.019662	2540.295396
428.397508	2541.396888
428.775292	2543.042825
429.153016	2545.611293
429.530679	2545.926365
429.908282	2543.940151
430.285824	2540.456713
430.663305	2543.763710
431.040726	2542.054759
431.418086	2543.345294
431.795385	2544.751776
432.172624	2542.947043
432.549802	2548.003321
432.926920	2545.311344
433.303977	2547.637837
433.680974	2549.326623
434.057910	2549.298897
434.434786	2547.970553
434.811601	2552.999104
435.188355	2546.506098
435.565050	2548.628424
435.941683	2550.654967
436.318257	2545.250851
436.694770	2547.166489
437.071222	2547.179092
437.447614	2547.221942
437.823946	2548.416695
438.200218	2549.568599
438.576429	2553.014228
438.952580	2554.186296
439.328670	2555.577654
439.704700	2553.566234
440.080670	2555.890206
440.456580	2559.277861
440.832429	2561.107800
441.208218	2563.310784
441.583947	2562.370609
441.959616	2569.009809
442.335224	2570.428893
442.710773	2571.568194
443.086261	2575.220510
443.461689	2579.250913
443.837057	2583.185533
444.212365	2588.904722
444.587612	2590.280957
444.962800	2600.867380
445.337927	2604.403750
445.712995	2604.567587
446.088002	2620.290946
446.462949	2622.751029
446.837837	2631.910806
447.212664	2639.802732
447.587431	2651.576347
447.962139	2678.992662
448.336786	2716.183775
448.711374	2718.225442
449.085901	2698.978317
449.460369	2706.222455
449.834776	2716.841645
450.209124	2749.901532
450.583412	2773.864657
450.957640	2790.008952
451.331808	2798.611681
451.705917	2790.797893
452.079965	2802.042186
452.453954	2831.411949
452.827883	2839.782785
453.201752	2864.436548
453.575562	2868.358565
453.949311	2911.790626
454.323001	2917.048550
454.696632	2945.281532
455.070202	2986.319045
455.443713	3024.079808
455.817164	3061.921229
456.190556	3099.243411
456.563888	3136.401756
456.937160	3171.087415
457.310373	3159.016372
457.683526	3188.555013
458.056619	3211.625854
458.429653	3240.299937
458.802628	3265.447733
459.175542	3311.720484
459.548398	3414.234868
459.921194	3483.815394
460.293930	3533.284237
460.666607	3695.087631
461.039224	3814.691527
461.411782	3890.344123
461.784280	3939.576031
462.156719	3964.328097
462.529099	3985.654698
462.901419	3934.550001
463.273680	3956.226962
463.645882	4004.866535
464.018024	4028.867469
464.390106	4126.983446
464.762130	4297.835712
465.134094	4523.926420
465.505999	4940.597950
465.877845	5437.708652
466.249631	5731.562551
466.621358	5676.092214
466.993026	5544.896185
467.364634	5522.132855
467.736184	5470.700483
468.107674	5418.363224
468.479105	5526.556468
468.850477	5481.170960
469.221790	5468.925997
469.593043	5400.230193
469.964238	5416.777781
470.335373	5492.432897
470.706449	5593.192960
471.077467	5655.151261
471.448425	6388.382047
471.819324	7021.051896
472.190164	7112.269054
472.560945	6547.357354
472.931667	6206.948399
473.302330	6197.128232
473.672934	6070.670887
474.043479	6343.825809
474.413965	6373.170365
474.784393	6379.287805
475.154761	6541.706221
475.525070	6669.088617
475.895321	6626.853830
476.265513	6806.263454
476.635645	6981.531770
477.005719	7056.213944
477.375734	7198.510593
477.745691	7427.842764
478.115588	7599.925071
478.485427	7847.191147
478.855207	8293.416441
479.224928	8945.035987
479.594591	9471.289599
479.964194	9428.028937
480.333739	9470.581317
480.703226	9507.800156
481.072653	9640.775712
481.442022	9900.579137
481.811333	10105.582700
482.180584	10031.165187
482.549777	9891.439525
482.918912	9805.036669
483.287988	9889.937262
483.657005	9954.280029
484.025964	9759.890616
484.394864	9933.823026
484.763706	9969.156474
485.132489	9821.024688
485.501213	9849.900418
485.869879	9955.459659
486.238487	9877.906548
486.607036	10014.524338
486.975527	9868.303150
487.343959	10083.003372
487.712333	10170.946300
488.080648	10144.006374
488.448905	10222.093847
488.817104	10205.415190
489.185244	10488.236523
489.553326	10668.651858
489.921350	11196.874040
490.289315	12183.770646
490.657222	12527.519365
491.025070	12483.976399
491.392861	12401.903894
491.760593	12100.223604
492.128267	11819.985861
492.495883	11537.313242
492.863440	11237.074722
493.230939	10941.854670
493.598380	10902.586602
493.965763	10795.807402
494.333088	10712.857736
494.700354	10652.270628
495.067563	10732.959337
495.434713	10585.760165
495.801805	10724.979190
496.168839	10656.472430
496.535815	10615.913827
496.902733	10622.721905
497.269593	10569.893133
497.636395	10674.489514
498.003139	10671.739565
498.369825	10551.878570
498.736453	10715.756399
499.103023	10649.387088
499.469535	10678.981182
499.835989	10682.494866
500.202385	10652.628550
500.568723	10507.798721
500.935003	10741.672971
501.301226	10550.981245
501.667390	10810.280555
502.033497	10909.021635
502.399546	10779.148909
502.765537	10675.936325
503.131470	10758.896073
503.497345	10935.079359
503.863163	10555.661956
504.228923	10864.031857
504.594625	10927.404202
504.960269	10681.153919
505.325856	10907.844526
505.691385	10703.874400
506.056856	10854.282266
506.422270	10879.619105
506.787625	10766.195664
507.152924	10892.481609
507.518164	10875.871007
507.883347	10797.985180
508.248472	10713.631553
508.613540	10949.431524
508.978550	10836.237456
509.343503	10813.620319
509.708398	10934.728999
510.073236	11038.652386
510.438016	11049.226206
510.802738	11006.066367
511.167403	11054.171578
511.532010	10954.893614
511.896561	11181.498521
512.261053	11260.432908
512.625488	11123.419387
512.989866	11108.426996
513.354186	11094.989800
513.718449	11008.201296
514.082655	11191.956395
514.446803	11091.264388
514.810894	11210.364168
515.174927	11077.459188
515.538904	11101.162693
515.902822	11258.469378
516.266684	11145.855043
516.630488	11083.213665
516.994235	11141.988478
517.357925	11201.365708
517.721558	11284.358224
518.085133	11304.089300
518.448651	11320.115128
518.812112	11202.305883
519.175516	11216.111083
519.538863	11339.049702
519.902152	11261.060532
520.265385	11423.363000
520.628560	11330.653660
520.991678	11307.494600
521.354739	11368.172448
521.717743	11302.501337
522.080690	11279.518716
522.443580	11416.000395
522.806413	11372.452388
523.169189	11400.617314
523.531908	11460.420522
523.894569	11284.000302
524.257174	11294.858947
524.619722	11405.794579
524.982213	11349.598317
525.344647	11403.410113
525.707025	11355.226765
526.069345	11451.119593
526.431608	11364.419309
526.793815	11471.410238
527.155964	11261.670511
527.518057	11318.529685
527.880093	11267.185533
528.242072	11337.373518
528.603995	11235.670760
528.965860	11166.049905
529.327669	11217.474715
529.689421	11164.792137
530.051117	11128.062290
530.412755	11244.845660
530.774337	11134.149483
531.135862	11110.667789
531.497331	11136.375153
531.858743	10987.220013
532.220098	11147.649693
532.581396	11026.798112
532.942638	11010.810093
533.303824	10968.502209
533.664953	10981.846143
534.026025	10895.120653
534.387040	10995.938689
534.747999	10995.724440
535.108902	11051.744262
535.469748	10816.697943
535.830537	10925.186095
536.191270	10897.568133
536.551947	10920.165106
536.912567	10916.845506
537.273131	10850.216575
537.633638	10823.614407
537.994089	10818.036370
538.354483	10760.889850
538.714821	10909.598847
539.075103	10917.493294
539.435328	10888.191587
539.795497	10710.823630
540.155609	10867.119564
540.515665	10953.794643
540.875665	10684.229023
541.235609	10753.844837
541.595496	10756.859447
541.955328	10911.214537
542.315102	10793.964860
542.674821	10742.184648
543.034483	10747.835782
543.394090	10746.764537
543.753640	10679.530668
544.113134	10894.898842
544.472571	10745.836964
544.831953	10898.185675
545.191278	10703.650068
545.550548	10735.830274
545.909761	10870.807168
546.268918	10837.979174
546.628019	10919.605537
546.987064	10783.965732
547.346053	10716.189939
547.704986	10805.887189
548.063863	10795.578029
548.422684	10791.484612
548.781449	10711.224402
549.140158	10807.180245
549.498811	10684.823879
549.857408	10545.320029
550.215949	10770.694894
550.574434	10618.252922
550.932864	10722.917358
551.291237	10776.822417
551.649555	10731.051260
552.007817	10739.918650
552.366022	10697.550272
552.724173	10701.215191
553.082267	10677.277272
553.440305	10820.302368
553.798288	10619.382141
554.156215	10770.962075
554.514086	10750.184960
554.871902	10603.489903
555.229661	10636.748916
555.587365	10612.500966
555.945014	10511.156129
556.302606	10625.310538
556.660143	10524.270691
557.017625	10684.884373
557.375050	10574.631818
557.732421	10713.339166
558.089735	10629.104006
558.446994	10620.508839
558.804197	10663.595581
559.161345	10662.678091
559.518437	10513.480101
559.875474	10597.127967
560.232455	10630.780190
560.589381	10585.780330
560.946251	10577.666593
561.303065	10689.555002
561.659825	10619.835845
562.016528	10547.626357
562.373177	10428.796278
562.729770	10543.918588
563.086307	10464.253234
563.442789	10555.949302
563.799216	10434.734758
564.155587	10479.137241
564.511904	10428.387945
564.868164	10425.917780
565.224370	10436.907495
565.580520	10362.636175
565.936615	10375.017249
566.292654	10235.531043
566.648638	10368.516681
567.004567	10330.428243
567.360441	10316.096243
567.716260	10227.976874
568.072023	10317.691768
568.427732	10267.383573
568.783385	10177.189769
569.138982	10244.834492
569.494525	10264.784859
569.850013	10146.995778
570.205445	10223.152490
570.560823	10118.974525
570.916145	10034.918326
571.271412	10106.127144
571.626625	10051.599504
571.981782	10030.023365
572.336884	10007.229788
572.691931	10009.750365
573.046923	9954.504360
573.401860	9904.934694
573.756743	9847.692392
574.111570	9893.463549
574.466342	9873.127534
574.821059	9908.120703
575.175722	9799.753540
575.530330	9803.715887
575.884882	9794.329258
576.239380	9723.836283
576.593823	9704.314415
576.948211	9719.160613
577.302544	9597.043702
577.656823	9612.837637
578.011047	9615.643040
578.365216	9583.369573
578.719330	9510.063634
579.073389	9525.103917
579.427394	9478.357297
579.781344	9457.693607
580.135239	9398.954083
580.489080	9409.190146
580.842866	9307.041245
581.196597	9316.188419
581.550273	9353.578657
581.903895	9324.161004
582.257463	9393.063494
582.610975	9260.312270
582.964434	9294.511457
583.317837	9216.504643
583.671186	9196.408083
584.024481	9194.507568
584.377721	9115.711813
584.730906	9091.186599
585.084037	9122.600549
585.437113	9051.759735
585.790135	9082.427594
586.143103	8973.841141
586.496016	8951.435732
586.848874	9012.100978
587.201679	9000.798711
587.554428	8886.820743
587.907124	8933.665665
588.259765	8897.719717
588.612352	8905.815811
588.964884	8780.384341
589.317362	8795.974109
589.669786	8793.466135
590.022155	8847.101492
590.374470	8853.612142
590.726731	8793.902195
591.078937	8648.338878
591.431090	8758.528419
591.783188	8636.335891
592.135232	8631.756002
592.487222	8627.569324
592.839157	8678.381634
593.191038	8606.802291
593.542866	8555.989981
593.894639	8455.275288
594.246358	8510.591870
594.598022	8529.402935
594.949633	8424.738499
595.301190	8392.036534
595.652692	8426.394518
596.004141	8535.956435
596.355535	8317.147673
596.706876	8299.851474
597.058162	8228.377995
597.409395	8308.867578
597.760573	8365.736834
598.111698	8274.290304
598.462768	8264.560877
598.813785	8228.009991
599.164748	8199.111576
599.515657	8190.266872
599.866511	8098.187676
600.217312	8225.136533
600.568060	8083.200326
600.918753	8184.419133
601.269392	8160.796287
601.619978	8070.640291
601.970510	8137.430538
602.320988	8131.260166
602.671412	8187.678239
603.021783	8120.595605
603.372100	8094.391687
603.722363	8102.142462
604.072572	8073.334788
604.422728	8079.472393
604.772830	8011.681476
605.122878	8020.755553
605.472872	8021.032817
605.822813	8046.430150
606.172701	7985.888413
606.522534	8066.408242
606.872314	8062.710556
607.222041	8036.252060
607.571714	8089.078311
607.921333	8047.766056
608.270899	8052.751757
608.620411	8145.337588
608.969870	8045.399234
609.319276	8042.336733
609.668627	8060.396667
610.017926	8096.239270
610.367171	8139.227710
610.716362	8113.164944
611.065500	8111.758462
611.414585	8134.090774
611.763616	8125.225905
612.112594	8104.161444
612.461518	8118.916901
612.810389	8180.688680
613.159207	8122.274309
613.507971	8068.659118
613.856682	8185.500461
614.205340	8139.890622
614.553945	8220.360040
614.902496	8122.395297
615.250994	8173.131990
615.599439	8153.610122
615.947830	8167.445568
616.296169	8140.228379
616.644454	8155.263620
616.992686	8148.253896
617.340864	8210.222279
617.688990	8111.040098
618.037063	8205.138276
618.385082	8152.213722
618.733048	8238.462823
619.080961	8177.376642
619.428821	8193.031945
619.776628	8196.401956
620.124382	8150.098958
620.472083	8132.066751
620.819731	8160.735793
621.167326	8052.655975
621.514868	8062.834064
621.862357	7951.540511
622.209793	7974.997000
622.557176	7907.826145
622.904506	7880.135087
623.251783	7805.989797
623.599007	7767.175432
623.946179	7768.115608
624.293297	7720.547280
624.640363	7644.582133
624.987376	7620.492979
625.334336	7571.750063
625.681243	7522.918926
626.028097	7509.509457
626.374899	7493.869277
626.721647	7480.885785
627.068343	7410.511277
627.414987	7385.751650
627.761577	7340.827408
628.108115	7375.634054
628.454600	7274.178313
628.801032	7321.900396
629.147412	7285.311701
629.493739	7269.689165
629.840014	7209.218004
630.186236	7263.750686
630.532405	7148.625856
630.878521	7201.205090
631.224585	7155.990981
631.570597	7078.148004
631.916556	7115.724765
632.262462	7109.546831
632.608316	7069.217600
632.954117	7047.792696
633.299866	7039.482354
633.645562	7029.684872
633.991206	6948.459280
634.336797	6894.377782
634.682336	6853.357913
635.027823	6821.276010
635.373257	6805.164482
635.718639	6738.996818
636.063968	6753.948880
636.409245	6648.709752
636.754470	6647.371326
637.099642	6604.534121
637.444762	6544.604884
637.789829	6557.074178
638.134845	6505.891343
638.479808	6484.065668
638.824719	6491.418190
639.169577	6419.685092
639.514383	6438.458349
639.859137	6369.916300
640.203839	6373.518205
640.548489	6363.657708
640.893086	6339.253482
641.237632	6311.161652
641.582125	6328.561195
641.926566	6305.475231
642.270955	6313.084852
642.615292	6313.319266
642.959576	6327.046328
643.303809	6316.623742
643.647990	6324.724877
643.992118	6310.559234
644.336195	6256.089567
644.680219	6283.016890
645.024192	6271.064315
645.368112	6366.977308
645.711981	6389.866667
646.055797	6466.343491
646.399562	6428.439055
646.743274	6546.238218
647.086935	6604.829028
647.430544	6598.457010
647.774101	6621.192614
648.117606	6623.168746
648.461059	6616.945442
648.804460	6583.789773
649.147810	6485.278065
649.491108	6459.595907
649.834354	6431.370486
650.177548	6346.295974
650.520690	6268.352174
650.863781	6238.906794
651.206820	6263.626092
651.549807	6184.404359
651.892742	6126.791533
652.235626	6135.202698
652.578458	6120.159895
652.921238	6026.969125
653.263967	6064.152676
653.606644	6003.172358
653.949269	6007.290981
654.291843	5950.411642
654.634365	6000.394682
654.976836	5954.994051
655.319255	5952.768381
655.661622	5932.117295
656.003938	5924.825266
656.346203	5887.273711
656.688416	5922.060193
657.030577	5868.553386
657.372687	5842.031875
657.714746	5836.645403
658.056753	5870.330393
658.398708	5812.326876
658.740612	5801.284229
659.082465	5848.260221
659.424266	5842.747719
659.766016	5841.326114
660.107715	5820.027239
660.449362	5836.247151
660.790958	5826.555533
661.132503	5814.963400
661.473996	5855.615264
661.815438	5837.663716
662.156829	5835.443087
662.498168	5831.137942
662.839456	5799.824815
663.180693	5836.874775
663.521879	5837.532646
663.863013	5828.541748
664.204097	5850.012022
664.545129	5888.539040
664.886110	5883.321446
665.227040	5917.182876
665.567918	5883.704574
665.908746	5911.350261
666.249522	5917.122383
666.590248	5904.330455
666.930922	5929.432880
667.271545	5941.544252
667.612118	5946.718997
667.952639	5919.017856
668.293109	5937.350012
668.633528	5893.978445
668.973896	5898.432305
669.314213	5889.285131
669.654480	5869.720413
669.994695	5863.907963
670.334859	5856.142065
670.674973	5848.383729
671.015035	5855.585018
671.355047	5851.678123
671.695008	5835.896791
672.034918	5812.294109
672.374777	5820.634698
672.714585	5809.150949
673.054342	5814.345858
673.394049	5805.952337
673.733705	5834.853272
674.073310	5824.108053
674.412864	5782.238750
674.752368	5772.935300
675.091820	5773.036123
675.431223	5713.542946
675.770574	5716.305498
676.109875	5664.628630
676.449125	5673.044837
676.788324	5636.798941
677.127473	5581.026135
677.466571	5572.937604
677.805619	5563.707251
678.144616	5550.418769
678.483562	5524.918093
678.822458	5495.903732
679.161303	5489.624975
679.500098	5482.237164
679.838842	5466.188650
680.177535	5471.686029
680.516179	5485.405529
680.854771	5500.012272
681.193314	5577.993881
681.531805	5685.012536
681.870247	5836.083314
682.208638	5934.161483
682.546978	5947.029028
682.885268	5926.274597
683.223508	5844.514644
683.561697	5785.472650
683.899836	5755.255974
684.237925	5710.772832
684.575963	5678.522050
684.913951	5634.396831
685.251889	5701.393765
685.589776	5666.410678
685.927614	5638.891019
686.265401	5708.708480
686.603137	5694.530234
686.940824	5773.671309
687.278460	5795.817098
687.616046	5796.895904
687.953582	5867.789651
688.291068	5851.980593
688.628504	5919.489204
688.965889	5874.494386
689.303224	5822.031098
689.640510	5773.240290
689.977745	5699.057191
690.314930	5600.333754
690.652065	5545.440630
690.989150	5452.690961
691.326185	5375.803283
691.663170	5322.727494
692.000105	5247.521041
692.336990	5170.905584
692.673825	5143.764012
693.010610	5079.126338
693.347345	5010.959855
693.684030	4997.527701
694.020665	4953.745280
694.357251	4863.044840
694.693786	4875.710739
695.030272	4839.870655
695.366707	4808.973423
695.703093	4773.140902
696.039429	4795.390034
696.375716	4779.563332
696.711952	4751.675669
697.048139	4740.877517
697.384276	4722.603335
697.720363	4732.854521
698.056400	4739.314760
698.392388	4689.417419
698.728326	4668.519316
699.064214	4647.298578
699.400053	4644.425121
699.735842	4609.913382
700.071581	4586.817335
700.407270	4562.123243
700.742910	4540.098442
701.078501	4492.951051
701.414042	4487.899814
701.749533	4457.889826
702.084974	4392.324579
702.420366	4450.930513
702.755709	4389.922469
703.091002	4333.136391
703.426246	4383.598341
703.761440	4340.619984
704.096584	4303.612874
704.431679	4320.654494
704.766725	4310.519255
705.101721	4295.453766
705.436668	4322.144155
705.771565	4273.829737
706.106413	4297.407213
706.441212	4331.591278
706.775961	4341.376157
707.110661	4319.984021
707.445311	4348.547199
707.779913	4371.360940
708.114465	4384.533475
708.448967	4408.554573
708.783421	4470.417093
709.117825	4507.464533
709.452180	4512.462837
709.786485	4556.998910
710.120742	4644.210872
710.454949	4623.872337
710.789107	4691.406154
711.123216	4768.669398
711.457275	4756.694137
711.791286	4835.449563
712.125247	4847.946584
712.459159	4752.333539
712.793023	4829.634592
713.126837	4788.304693
713.460602	4778.673568
713.794318	4697.795817
714.127985	4705.735634
714.461602	4621.989466
714.795171	4595.336885
715.128691	4529.900188
715.462162	4470.654027
715.795584	4423.917490
716.128957	4408.350407
716.462281	4353.164896
716.795556	4328.077593
717.128782	4287.894556
717.461960	4221.658836
717.795088	4227.597315
718.128167	4190.630534
718.461198	4129.045278
718.794180	4128.838591
719.127113	4106.743213
719.459997	4088.300152
719.792833	4044.426990
720.125619	4035.703273
720.458357	4001.461236
720.791046	4003.533150
721.123686	3978.556753
721.456278	3938.759364
721.788821	3951.664718
722.121315	3925.332251
722.453761	3904.066143
722.786158	3914.813883
723.118506	3940.206175
723.450805	3888.738515
723.783056	3915.328081
724.115259	3928.104886
724.447412	3931.754681
724.779518	3922.831839
725.111574	3929.937345
725.443582	3960.290132
725.775542	3944.236578
726.107453	3994.154083
726.439315	3994.915297
726.771129	4009.554808
727.102895	4045.054614
727.434612	4092.378445
727.766281	4105.157770
728.097901	4104.784725
728.429473	4109.024335
728.760996	4114.957773
729.092471	4111.015591
729.423897	4095.756018
729.755276	4102.243983
730.086606	4098.241307
730.417887	4136.405363
730.749120	4204.763409
731.080305	4269.605250
731.411442	4295.141215
731.742530	4263.354219
732.073570	4265.005197
732.404562	4318.859844
732.735506	4313.153258
733.066401	4273.345786
733.397249	4208.992937
733.728048	4132.921925
734.058798	4050.425963
734.389501	3980.696723
734.720156	3920.185233
735.050762	3873.191597
735.381320	3867.721945
735.711831	3816.637412
736.042293	3789.878968
736.372707	3816.541630
736.703073	3786.143473
737.033391	3771.902213
737.363661	3792.182775
737.693883	3819.135304
738.024056	3825.945903
738.354182	3820.161179
738.684260	3885.035788
739.014290	3900.832243
739.344272	3898.286461
739.674207	3941.889921
740.004093	3945.658183
740.333931	3942.693985
740.663722	3942.570477
740.993464	3939.016463
741.323159	3917.752876
741.652806	3885.376066
741.982405	3860.545862
742.311956	3828.773990
742.641460	3819.483144
742.970915	3792.150008
743.300323	3755.984770
743.629683	3719.824573
743.958996	3711.892318
744.288260	3683.651774
744.617477	3653.636744
744.946647	3638.314157
745.275768	3613.773820
745.604842	3611.648973
745.933869	3564.032755
746.262847	3557.738874
746.591778	3594.440995
746.920662	3566.636511
747.249498	3534.841953
747.578286	3580.484560
747.907027	3595.320676
748.235720	3593.992332
748.564365	3619.077114
748.892963	3622.404275
749.221514	3603.502469
749.550017	3577.003644
749.878473	3574.329312
750.206881	3548.989952
750.535242	3543.870660
750.863555	3549.733522
751.191821	3539.739434
751.520039	3520.653626
751.848210	3499.092611
752.176334	3533.538815
752.504411	3542.491904
752.832440	3497.194617
753.160421	3482.529900
753.488356	3489.635406
753.816243	3506.432531
754.144082	3460.694142
754.471875	3447.655198
754.799620	3465.916778
755.127318	3458.791107
755.454969	3454.927062
755.782572	3457.966878
756.110129	3438.689506
756.437638	3431.626849
756.765100	3445.890794
757.092515	3454.180971
757.419882	3460.104327
757.747203	3431.455450
758.074477	3434.961572
758.401703	3448.981021
758.728882	3474.325422
759.056014	3478.817090
759.383099	3483.039057
759.710138	3477.725680
760.037129	3496.561952
760.364073	3527.534801
760.690970	3513.119622
761.017820	3488.208760
761.344623	3505.565453
761.671379	3548.969787
761.998088	3600.508023
762.324751	3728.288671
762.651366	3973.939056
762.977935	4447.245429
763.304456	4883.978231
763.630931	4974.454340
763.957359	4615.854381
764.283740	4278.059265
764.610074	4086.455090
764.936362	3894.722365
765.262602	3736.314188
765.588796	3627.516005
765.914943	3536.586193
766.241044	3448.328192
766.567097	3422.252823
766.893104	3374.253477
767.219064	3342.300123
767.544978	3317.222904
767.870845	3258.203595
768.196665	3241.668610
768.522438	3251.715630
768.848165	3246.107346
769.173846	3210.985627
769.499479	3193.283616
769.825066	3177.993796
770.150607	3161.156342
770.476101	3177.091430
770.801548	3171.543640
771.126949	3127.413379
771.452303	3109.214814
771.777611	3119.113119
772.102872	3121.371556
772.428087	3096.480859
772.753256	3088.102461
773.078378	3078.655339
773.403453	3048.012685
773.728482	3032.024666
774.053465	3056.257492
774.378401	3043.261398
774.703291	3012.162520
775.028135	3012.338960
775.352932	3007.945595
775.677683	2997.573421
776.002388	2992.789366
776.327046	2994.059736
776.651658	2983.501040
776.976224	2973.048207
777.300743	2970.189873
777.625216	2961.723255
777.949643	2959.905919
778.274024	2959.921043
778.598359	2950.630196
778.922647	2951.930814
779.246889	2952.737398
779.571086	2939.345573
779.895236	2932.451795
780.219339	2944.187601
780.543397	2956.850980
780.867409	2958.713686
781.191374	2951.772017
781.515294	2947.171964
781.839167	2949.221193
782.162995	2940.605862
782.486776	2949.949640
782.810511	2947.366049
783.134201	2934.627053
783.457844	2942.140893
783.781441	2931.655293
784.104993	2911.004206
784.428498	2912.914803
784.751958	2928.048347
785.075372	2922.190527
785.398739	2905.080850
785.722061	2921.507450
786.045337	2933.311312
786.368568	2917.305648
786.691752	2908.612179
787.014891	2954.327882
787.337983	2984.847028
787.661030	3013.725278
787.984031	3080.611307
788.306987	3123.813995
788.629897	3118.805609
788.952760	3101.433793
789.275579	3087.863007
789.598351	3027.656506
789.921078	2979.962150
790.243759	2976.075420
790.566395	2956.430043
790.888984	2932.794594
791.211529	2917.104002
791.534027	2906.242836
791.856480	2897.446023
792.178888	2883.580329
792.501249	2872.298227
792.823566	2876.172354
793.145836	2872.681355
793.468062	2865.381764
793.790241	2864.549973
794.112375	2870.185983
794.434464	2880.575802
794.756507	2884.517984
795.078505	2889.849004
795.400457	2903.450037
795.722364	2941.314144
796.044226	2965.345324
796.366042	2968.954790
796.687812	2958.552369
797.009538	2979.765545
797.331218	2962.045889
797.652852	2949.942078
797.974442	2935.839451
798.295986	2928.315528
798.617484	2922.450146
798.938938	2909.012950
799.260346	2893.027452
799.581709	2888.044271
799.903026	2881.649567
800.224299	2876.694113
800.545526	2867.030221
800.866708	2852.564630
801.187845	2840.947291
801.508936	2845.766634
801.829983	2851.387521
802.150984	2834.855057
802.471940	2825.130671
802.792851	2826.053202
803.113717	2824.598829
803.434538	2828.934222
803.755314	2824.087152
804.076045	2815.239927
804.396731	2815.688590
804.717372	2813.331850
805.037967	2811.217086
805.358518	2815.862510
805.679024	2829.637462
805.999485	2827.772236
806.319901	2828.455312
806.640272	2820.152532
806.960598	2824.855928
807.280879	2835.528051
807.601115	2843.682117
807.921306	2829.642504
808.241453	2828.041937
808.561554	2833.713235
808.881611	2834.169460
809.201623	2828.558656
809.521590	2826.138902
809.841513	2824.455156
810.161390	2829.415652
810.481223	2821.667398
810.801011	2811.925368
811.120755	2810.758341
811.440453	2811.126346
811.760107	2810.828917
812.079716	2813.135245
812.399281	2797.928605
812.718801	2794.228398
813.038276	2791.024745
813.357707	2795.491207
813.677093	2801.407001
813.996434	2796.456588
814.315731	2790.535753
814.634983	2785.653395
814.954191	2788.320166
815.273354	2799.090591
815.592473	2808.721715
815.911547	2811.154072
816.230577	2821.692604
816.549562	2828.523367
816.868502	2828.611588
817.187399	2837.736076
817.506250	2853.519929
817.825058	2847.049608
818.143821	2857.729292
818.462539	2874.032384
818.781213	2902.643453
819.099843	2935.335335
819.418429	2992.076042
819.736970	3054.757749
820.055466	3126.861373
820.373919	3228.604460
820.692327	3370.500338
821.010691	3534.920091
821.329011	3974.244046
821.647286	4868.786714
821.965517	6239.133646
822.283704	6962.670293
822.601847	6939.153310
822.919945	6308.058822
823.237999	5811.273275
823.556010	5235.303804
823.873976	4692.064025
824.191897	4284.771561
824.509775	3995.046367
824.827609	3732.745051
825.145398	3604.913992
825.463144	3595.734051
825.780845	3686.923483
826.098502	3790.894760
826.416116	4072.017225
826.733685	4381.007188
827.051210	4445.130665
827.368692	4331.896268
827.686129	4067.076894
828.003522	3744.032194
828.320872	3490.104234
828.638177	3297.746406
828.955439	3164.571724
829.272656	3079.469485
829.589830	3012.880884
829.906960	2963.737196
830.224046	2921.013417
830.541088	2887.880433
830.858086	2871.705891
831.175041	2850.979187
831.491952	2858.160311
831.808819	2866.014429
832.125642	2892.314128
832.442421	2935.410953
832.759157	3017.687624
833.075849	3193.951569
833.392497	3472.039259
833.709101	3676.773119
834.025662	3623.097434
834.342179	3463.648258
834.658653	3286.814664
834.975083	3141.132879
835.291469	3045.819783
835.607811	2962.494552
835.924110	2904.319636
836.240366	2853.552696
836.556578	2809.772796
836.872746	2789.693880
837.188871	2770.292999
837.504952	2751.204670
837.820990	2742.559092
838.136984	2731.193810
838.452935	2724.499158
838.768842	2719.949517
839.084706	2738.826117
839.400526	2818.746050
839.716303	2950.259671
840.032037	3027.343955
840.347727	3011.718898
840.663373	2951.882923
840.978977	2879.620503
841.294537	2806.342291
841.610054	2757.803541
841.925527	2734.977196
842.240957	2715.767879
842.556344	2694.700897
842.871687	2680.159689
843.186987	2672.192146
843.502244	2664.174190
843.817458	2659.470794
844.132629	2648.203815
844.447756	2641.040335
844.762840	2634.895169
845.077881	2637.667803
845.392879	2634.272586
845.707833	2631.487349
846.022745	2623.305556
846.337613	2627.174642
846.652438	2627.454426
846.967221	2625.868983
847.281960	2623.938221
847.596656	2622.897223
847.911309	2620.737088
848.225919	2617.170472
848.540485	2612.925820
848.855009	2616.739453
849.169490	2614.307097
849.483928	2616.830194
849.798323	2613.193002
850.112675	2613.868516
850.426984	2615.211984
850.741251	2611.640326
851.055474	2612.494802
851.369654	2616.177365
851.683792	2614.816253
851.997887	2612.411623
852.311938	2611.325254
852.625947	2612.552775
852.939914	2617.014196
853.253837	2618.834053
853.567718	2613.419853
853.881555	2613.840790
854.195350	2616.540328
854.509103	2618.657612
854.822812	2613.208125
855.136479	2610.281735
855.450103	2612.986314
855.763685	2616.318517
856.077224	2611.499174
856.390720	2611.209307
856.704173	2613.624020
857.017584	2616.721809
857.330953	2617.442694
857.644278	2617.750205
857.957561	2620.172479
858.270802	2615.111161
858.584000	2616.358846
858.897155	2617.727519
859.210268	2621.210957
859.523339	2614.523866
859.836367	2612.099071
860.149352	2610.821139
860.462295	2615.577467
860.775195	2607.574636
861.088054	2610.722836
861.400869	2609.749893
861.713642	2605.013729
862.026373	2606.369800
862.339062	2610.672425
862.651708	2613.787858
862.964312	2615.186778
863.276873	2612.535131
863.589392	2617.263733
863.901869	2621.717593
864.214303	2625.233797
864.526696	2627.114148
864.839045	2630.723614
865.151353	2635.527834
865.463619	2630.363172
865.775842	2628.492903
866.088023	2629.112965
866.400162	2632.576238
866.712258	2633.758389
867.024313	2631.326032
867.336325	2628.150105
867.648296	2632.427524
867.960224	2633.692854
868.272110	2634.239819
868.583954	2626.103397
868.895755	2629.927112
869.207515	2631.754530
869.519233	2641.219296
869.830909	2638.141672
870.142542	2634.625467
870.454134	2634.433903
870.765684	2639.399440
871.077191	2641.045377
871.388657	2646.469658
871.700081	2643.407157
872.011463	2641.504122
872.322803	2642.000675
872.634101	2643.477733
872.945357	2654.724547
873.256571	2659.213695
873.567744	2657.330824
873.878874	2654.621204
874.189963	2654.777480
874.501010	2663.559170
874.812015	2666.838440
875.122979	2664.451454
875.433900	2657.109013
875.744780	2653.078611
876.055618	2659.324600
876.366415	2666.979592
876.677169	2665.749551
876.987882	2660.118582
877.298554	2658.124806
877.609183	2671.486384
877.919771	2676.547702
878.230317	2684.779907
878.540822	2696.377081
878.851285	2704.942002
879.161707	2731.657596
879.472087	2768.032042
879.782425	2815.819660
880.092722	2927.566917
880.402977	3113.698920
880.713191	3369.000595
881.023363	3659.570182
881.333494	3848.116898
881.643583	4018.694420
881.953631	4016.065458
882.263637	3834.772963
882.573602	3619.737505
882.883526	3491.699759
883.193408	3378.188098
883.503248	3279.822583
883.813048	3168.176149
884.122806	3053.111812
884.432522	2969.854636
884.742197	2909.159144
885.051831	2868.676158
885.361424	2834.784481
885.670975	2800.464305
885.980485	2769.645211
886.289954	2752.863210
886.599382	2741.654204
886.908768	2726.871021
887.218113	2709.927703
887.527417	2695.817513
887.836680	2690.229394
888.145901	2682.561799
888.455082	2675.526869
888.764221	2665.888183
889.073319	2656.027686
889.382376	2656.577172
889.691392	2656.748571
890.000366	2657.416524
890.309300	2656.839312
890.618193	2658.621359
890.927044	2661.288130
891.235855	2659.639672
891.544625	2659.246462
891.853353	2662.752585
892.162041	2665.552946
892.470687	2688.223015
892.779293	2696.939170
893.087858	2705.630119
893.396381	2728.988305
893.704864	2770.643360
894.013306	2839.742455
894.321707	2929.164963
894.630068	2977.665904
894.938387	2999.932681
895.246665	2990.735095
895.554903	2947.630709
895.863100	2908.163516
896.171256	2848.357787
896.479371	2790.122378
896.787446	2751.479413
897.095480	2732.713718
897.403473	2726.636607
897.711425	2710.794781
898.019336	2693.798531
898.327207	2680.119360
898.635038	2678.680111
898.942827	2675.652898
899.250576	2671.125942
899.558284	2656.458704
899.865952	2652.534166
900.173579	2650.535349
900.481165	2647.530821
900.788711	2639.540592
901.096216	2636.223513
901.403681	2630.965589
901.711105	2632.876187
902.018489	2628.197996
902.325832	2633.922226
902.633135	2633.347535
902.940397	2647.674494
903.247619	2684.608507
903.554800	2755.282964
903.861941	2879.829711
904.169041	3003.753875
904.476101	3064.545149
904.783121	3053.953685
905.090100	2999.398318
905.397039	2925.459715
905.703938	2855.130577
906.010796	2792.642955
906.317614	2743.567322
906.624391	2704.326981
906.931129	2680.363856
907.237826	2657.867707
907.544483	2639.696868
907.851099	2629.102883
908.157675	2615.874895
908.464211	2612.507405
908.770707	2600.201948
909.077163	2596.302616
909.383578	2592.743561
909.689954	2595.168356
909.996289	2589.446646
910.302584	2588.198961
910.608839	2585.617890
910.915054	2586.550503
911.221229	2590.248190
911.527363	2594.981833
911.833458	2586.893302
912.139513	2591.929415
912.445527	2592.675505
912.751502	2599.912082
913.057436	2603.375354
913.363331	2608.880294
913.669186	2619.688528
913.975000	2635.973976
914.280775	2647.707261
914.586510	2665.633604
914.892205	2706.116590
915.197859	2769.108328
915.503475	2850.686800
915.809050	2916.758683
916.114585	2932.219902
916.420081	2942.166099
916.725536	2954.867286
917.030952	2927.904674
917.336328	2881.546224
917.641665	2832.364727
917.946961	2783.944444
918.252218	2753.253899
918.557435	2724.531925
918.862612	2702.610468
919.167750	2685.097499
919.472848	2672.151816
919.777906	2654.245638
920.082925	2644.662404
920.387904	2629.652369
920.692843	2628.807976
920.997743	2625.437964
921.302603	2616.600822
921.607423	2608.908021
921.912204	2605.238061
922.216946	2601.792432
922.521647	2599.700353
922.826310	2593.961000
923.130932	2590.646441
923.435516	2587.137798
923.740059	2585.285174
924.044564	2581.307703
924.349028	2583.175451
924.653454	2573.781261
924.957840	2570.993503
925.262186	2574.797053
925.566493	2571.169943
925.870761	2564.888665
926.174989	2569.292113
926.479178	2564.540826
926.783328	2562.650393
927.087438	2564.074519
927.391509	2565.065106
927.695541	2561.664848
927.999533	2559.207285
928.303486	2558.529250
928.607400	2560.810372
928.911275	2558.181410
929.215110	2557.974723
929.518906	2556.822819
929.822663	2557.483210
930.126381	2555.643189
930.430060	2554.730740
930.733699	2556.114537
931.037299	2558.052861
931.340861	2556.444733
931.644383	2558.970351
931.947866	2560.870866
932.251309	2558.637635
932.554714	2556.908519
932.858080	2558.894733
933.161407	2557.538663
933.464694	2557.503375
933.767943	2554.690411
934.071153	2556.545556
934.374323	2553.362067
934.677455	2554.733261
934.980548	2554.082952
935.283602	2554.708055
935.586617	2554.370298
935.889593	2555.698642
936.192530	2553.586398
936.495428	2555.000442
936.798287	2555.459187
937.101108	2555.945658
937.403890	2558.342727
937.706632	2562.574776
938.009336	2567.328584
938.312002	2570.209603
938.614628	2571.361507
938.917216	2574.945767
939.219765	2579.467682
939.522275	2577.022723
939.824747	2578.192270
940.127179	2572.773030
940.429573	2570.872515
940.731929	2570.212124
941.034246	2564.865980
941.336524	2568.944274
941.638763	2569.634912
941.940964	2566.562328
942.243126	2560.684343
942.545250	2566.867318
942.847335	2561.730382
943.149381	2563.472101
943.451389	2561.054868
943.753359	2561.395146
944.055290	2558.199054
944.357182	2558.655279
944.659036	2556.404403
944.960851	2559.872717
945.262628	2555.854918
945.564367	2556.671585
945.866067	2558.110834
946.167729	2557.125288
946.469352	2559.091338
946.770937	2557.039589
947.072484	2556.298539
947.373992	2558.143602
947.675462	2558.201575
947.976893	2554.093034
948.278286	2556.250648
948.579641	2555.665874
948.880958	2553.639331
949.182236	2557.120247
949.483476	2552.701676
949.784678	2554.201419
950.085841	2552.895760
950.386967	2553.876265
950.688054	2554.463559
950.989103	2557.503375
951.290114	2557.185782
951.591087	2557.468087
951.892021	2558.161246
952.192917	2560.376833
952.493776	2558.751061
952.794596	2563.315825
953.095378	2563.512430
953.396122	2562.415979
953.696828	2561.410269
953.997496	2559.242573
954.298126	2555.973385
954.598718	2559.129147
954.899272	2554.970195
955.199788	2555.340720
955.500266	2552.613456
955.800706	2550.634803
956.101108	2544.431663
956.401472	2546.611962
956.701798	2545.061807
957.002087	2542.944523
957.302337	2544.779503
957.602550	2544.829914
957.902724	2544.782023
958.202861	2544.744215
958.502960	2543.834286
958.803022	2544.955943
959.103045	2544.298072
959.403031	2542.468134
959.702979	2540.247505
960.002889	2545.656663
960.302762	2540.529810
960.602596	2545.470141
960.902393	2543.448638
961.202153	2541.500232
961.501875	2541.706919
961.801559	2542.594162
962.101205	2540.890252
962.400814	2538.795653
962.700385	2542.153062
962.999918	2545.376879
963.299414	2541.757331
963.598873	2541.119625
963.898293	2539.821528
964.197677	2541.694317
964.497022	2541.031405
964.796331	2540.796991
965.095601	2536.549819
965.394835	2535.344983
965.694030	2537.679038
965.993189	2538.226003
966.292309	2537.550488
966.591393	2536.640560
966.890439	2541.364121
967.189447	2536.910262
967.488419	2538.629295
967.787353	2539.841692
968.086249	2538.934285
968.385108	2538.268853
968.683930	2539.556867
968.982714	2536.328008
969.281462	2537.840354
969.580172	2540.872608
969.878844	2539.766075
970.177480	2540.469316
970.476078	2537.984027
970.774639	2544.020809
971.073162	2541.510314
971.371649	2537.119469
971.670098	2536.781712
971.968510	2538.588966
972.266885	2535.244160
972.565223	2540.058462
972.863524	2540.698689
973.161788	2540.988555
973.460014	2539.836651
973.758204	2542.863864
974.056356	2539.670293
974.354471	2540.343287
974.652550	2541.132228
974.950591	2542.195911
975.248595	2543.224307
975.546563	2539.819007
975.844493	2538.856147
976.142386	2538.941847
976.440243	2537.172402
976.738062	2538.838503
977.035845	2539.082999
977.333590	2540.272711
977.631299	2537.442103
977.928971	2539.403112
978.226606	2539.980324
978.524204	2535.677699
978.821765	2540.484440
979.119290	2538.437731
979.416777	2540.703730
979.714228	2535.430683
980.011642	2537.767258
980.309020	2543.320089
980.606360	2540.703730
980.903664	2540.562578
981.200931	2540.602907
981.498162	2539.445962
981.795356	2541.565767
982.092513	2544.373690
982.389633	2548.391489
982.686717	2550.891902
982.983764	2552.215205
983.280775	2554.183775
983.577749	2552.961295
983.874686	2553.193188
984.171587	2549.941644
984.468451	2546.223793
984.765279	2548.192364
985.062070	2542.647095
985.358824	2545.845707
985.655543	2542.667259
985.952224	2539.778678
986.248869	2541.046528
986.545478	2534.062010
986.842050	2538.684748
987.138586	2531.475898
987.435086	2536.060827
987.731549	2533.018491
988.027975	2536.489325
988.324366	2536.164171
988.620719	2534.621578
988.917037	2535.173584
989.213318	2538.941847
989.509563	2536.796836
989.805772	2535.629808
990.101944	2536.529654
990.398080	2537.278266
990.694180	2535.173584
990.990244	2535.990251
991.286271	2534.349355
991.582262	2534.626619
991.878217	2534.188038
992.174136	2535.448327
992.470019	2534.999664
992.765865	2536.698533
993.061676	2535.508821
993.357450	2538.740200
993.653188	2537.643749
993.948890	2537.759696
994.244556	2536.703574
994.540186	2537.023687
994.835780	2537.008564
995.131337	2540.499563
995.426859	2541.991745
995.722345	2537.888245
996.017795	2538.147865
996.313208	2541.061652
996.608586	2537.618544
996.903928	2540.849923
997.199234	2541.409491
997.494504	2539.017464
997.789738	2539.536703
998.084936	2538.536034
998.380099	2538.077289
998.675225	2535.649973
998.970316	2537.863040
999.265371	2536.436393
999.560390	2536.748945
999.855373	2533.346166
1000.150320	2536.116280
1000.445232	2534.669469
1000.740108	2534.475384
1001.034948	2534.702236
1001.329752	2534.808100
1001.624521	2531.732997
1001.919254	2532.007739
1002.213951	2531.594365
1002.508613	2531.397760
1002.803239	2534.709798
1003.097829	2530.424817
1003.392384	2535.050076
1003.686903	2532.927750
1003.981386	2536.222144
1004.275834	2533.041176
1004.570246	2536.789274
1004.864623	2534.861032
1005.158964	2533.880528
1005.453270	2532.688295
1005.747540	2534.059489
1006.041775	2533.885569
1006.335974	2532.786598
1006.630138	2533.323481
1006.924266	2532.491690
1007.218359	2533.260466
1007.512416	2534.931609
1007.806438	2532.950435
1008.100425	2534.288862
1008.394376	2535.203831
1008.688292	2535.229037
1008.982172	2532.713501
1009.276017	2534.959335
1009.569827	2535.876825
1009.863602	2534.956814
1010.157341	2533.857843
1010.451045	2532.771474
1010.744714	2534.629139
1011.038347	2534.349355
1011.331945	2530.966741
1011.625508	2532.108562
1011.919036	2532.582431
1012.212528	2533.431865
1012.505986	2530.628984
1012.799408	2534.493028
1013.092795	2534.460261
1013.386147	2533.625950
1013.679464	2531.778367
1013.972745	2533.144520
1014.265992	2532.287523
1014.559204	2533.547812
1014.852380	2533.678882
1015.145521	2535.907072
1015.438628	2533.404139
1015.731699	2534.256094
1016.024736	2535.314736
1016.317737	2537.192566
1016.610703	2533.893131
1016.903635	2528.380629
1017.196531	2529.121679
1017.489393	2529.603109
1017.782219	2530.543284
1018.075011	2531.561597
1018.367768	2532.244674
1018.660490	2533.038655
1018.953177	2533.038655
1019.245829	2533.038655
