Dividing Wavelength (nm)	Counts (n)	Blue Motor Position (mm): 26.000000	Red Motor Position (mm): 0.000000	
326.493990	2131.054527
326.888308	2131.054527
327.282561	2131.054527
327.676750	2100.283324
328.070874	2098.067737
328.464933	2102.297265
328.858929	2106.468820
329.252859	2116.956940
329.646726	2127.530761
330.040528	2142.429891
330.434265	2158.410348
330.827938	2175.595642
331.221547	2193.184228
331.615091	2211.125694
332.008571	2229.906513
332.401986	2252.775707
332.795338	2270.253388
333.188625	2289.588733
333.581847	2309.786116
333.975006	2328.219095
334.368100	2344.401199
334.761129	2363.880218
335.154095	2376.513349
335.546996	2400.652914
335.939833	2422.271902
336.332606	2437.160950
336.725315	2451.944134
337.117960	2461.310598
337.510540	2469.293265
337.903056	2479.768783
338.295508	2485.230873
338.687896	2496.291164
339.080220	2504.314161
339.472480	2513.441170
339.864676	2515.727333
340.256807	2519.104906
340.648875	2522.288395
341.040879	2525.189579
341.432818	2525.905423
341.824694	2528.652852
342.216506	2528.037831
342.608253	2531.453212
342.999937	2526.359127
343.391557	2526.835516
343.783113	2527.407687
344.174605	2527.027079
344.566033	2524.302336
344.957397	2524.017511
345.348697	2519.914011
345.739934	2521.615401
346.131106	2518.086593
346.522215	2516.193640
346.913260	2516.186078
347.304241	2513.249606
347.695159	2510.539986
348.086012	2509.340191
348.476802	2508.757938
348.867528	2506.325581
349.258191	2505.176198
349.648789	2502.176712
350.039324	2500.538337
350.429796	2502.743841
350.820203	2500.583707
351.210548	2500.404746
351.600828	2497.185969
351.991045	2498.176556
352.381198	2496.391988
352.771288	2494.461226
353.161314	2496.785198
353.551276	2496.880979
353.941175	2494.065495
354.331010	2495.446771
354.720782	2491.219764
355.110490	2494.413335
355.500135	2497.992554
355.889717	2493.568941
356.279235	2497.027173
356.668689	2495.562718
357.058080	2497.367451
357.447408	2493.884013
357.836672	2491.948210
358.225873	2493.205978
358.615010	2493.248828
359.004084	2498.695795
359.393095	2499.459530
359.782043	2499.043634
360.170927	2498.816783
360.559748	2501.488594
360.948505	2501.516320
361.337199	2501.201248
361.725830	2500.533295
362.114398	2501.556650
362.502903	2503.132010
362.891344	2504.109994
363.279722	2502.559839
363.668037	2505.024963
364.056289	2504.838441
364.444478	2506.431445
364.832603	2505.224089
365.220665	2505.287103
365.608665	2504.493122
365.996601	2506.086126
366.384474	2508.447907
366.772284	2508.747856
367.160031	2507.853051
367.547715	2508.450427
367.935336	2504.261229
368.322893	2506.333143
368.710388	2508.150479
369.097820	2509.902280
369.485189	2507.270798
369.872495	2510.988648
370.259738	2510.245078
370.646918	2507.222907
371.034035	2507.399347
371.421090	2509.993021
371.808081	2509.143586
372.195010	2513.289935
372.581875	2509.418329
372.968678	2512.193484
373.355418	2512.352281
373.742096	2512.032167
374.128710	2513.557116
374.515262	2513.363032
374.901751	2511.976715
375.288177	2514.315810
375.674540	2510.875223
376.060841	2512.478309
376.447079	2512.621982
376.833254	2511.333968
377.219367	2511.535614
377.605417	2514.462003
377.991404	2507.555623
378.377329	2512.606859
378.763191	2508.251302
379.148991	2516.365039
379.534727	2516.987622
379.920402	2516.155831
380.306013	2515.813033
380.691563	2515.331603
381.077049	2515.626510
381.462474	2516.584329
381.847835	2514.895543
382.233134	2519.586336
382.618371	2515.452590
383.003545	2517.786644
383.388657	2517.738753
383.773706	2519.218332
384.158693	2520.065246
384.543618	2518.003414
384.928480	2521.328055
385.313280	2520.324865
385.698017	2520.173631
386.082692	2516.281860
386.467305	2518.890657
386.851856	2520.700431
387.236344	2519.568692
387.620770	2521.703621
388.005133	2517.032992
388.389435	2521.529701
388.773674	2519.939217
389.157851	2519.329237
389.541965	2522.648837
389.926018	2521.181862
390.310008	2520.463497
390.693936	2521.945596
391.077802	2522.570699
391.461606	2523.009280
391.845348	2524.476256
392.229027	2520.929804
392.612645	2521.433919
392.996200	2522.147242
393.379694	2522.893333
393.763125	2525.807120
394.146494	2524.123375
394.529801	2524.267048
394.913047	2524.234280
395.296230	2524.289733
395.679351	2522.109434
396.062410	2526.797707
396.445408	2523.589013
396.828343	2526.137316
397.211217	2522.648837
397.594028	2523.452901
397.976778	2520.783610
398.359466	2524.919877
398.742092	2524.443488
399.124656	2525.751668
399.507158	2523.523478
399.889598	2526.984230
400.271977	2525.497089
400.654294	2527.828623
401.036549	2526.810310
401.418742	2527.488345
401.800874	2528.569672
402.182944	2529.653521
402.564952	2526.228057
402.946898	2528.156298
403.328783	2528.063037
403.710606	2529.671165
404.092367	2527.967255
404.474067	2530.550846
404.855705	2527.745444
405.237282	2528.874662
405.618797	2528.375588
406.000250	2533.104190
406.381642	2528.930115
406.762972	2529.114117
407.144240	2533.086546
407.525447	2530.076978
407.906593	2531.899355
408.287677	2533.794828
408.668700	2531.044879
409.049661	2532.625281
409.430560	2528.988088
409.811399	2532.332894
410.192176	2534.551002
410.572891	2531.838861
410.953545	2531.284334
411.334138	2533.457071
411.714669	2531.664941
412.095139	2534.424973
412.475547	2533.923378
412.855894	2535.541588
413.236180	2532.811803
413.616405	2535.055117
413.996568	2534.548481
414.376670	2535.942360
414.756711	2535.024870
415.136691	2535.168543
415.516609	2533.978831
415.896466	2536.373379
416.276262	2532.184180
416.655997	2533.212575
417.035670	2532.937832
417.415283	2534.389685
417.794834	2529.386339
418.174324	2534.220806
418.553753	2536.461599
418.933121	2534.719880
419.312428	2535.750796
419.691674	2534.424973
420.070859	2536.438914
420.449983	2535.508821
420.829045	2536.176774
421.208047	2537.984027
421.586988	2536.068389
421.965867	2539.166178
422.344686	2538.795653
422.723444	2539.269522
423.102141	2537.994110
423.480777	2538.362114
423.859352	2538.057124
424.237866	2539.221631
424.616319	2541.709440
424.994712	2537.636188
425.373044	2539.846734
425.751314	2539.196425
426.129524	2539.763555
426.507673	2543.627599
426.885762	2540.192053
427.263789	2543.977959
427.641756	2541.348997
428.019662	2540.479398
428.397508	2541.260777
428.775292	2541.724563
429.153016	2541.767413
429.530679	2541.772454
429.908282	2543.741025
430.285824	2541.023843
430.663305	2540.902855
431.040726	2543.100798
431.418086	2543.592311
431.795385	2543.246992
432.172624	2544.993752
432.549802	2543.819163
432.926920	2544.426622
433.303977	2546.496016
433.680974	2545.812939
434.057910	2546.622044
434.434786	2546.100285
434.811601	2546.196067
435.188355	2546.178423
435.565050	2544.633309
435.941683	2545.636499
436.318257	2544.063659
436.694770	2542.077444
437.071222	2545.659184
437.447614	2543.259595
437.823946	2546.440563
438.200218	2550.627241
438.576429	2548.946016
438.952580	2549.414844
439.328670	2550.723023
439.704700	2552.464742
440.080670	2552.421892
440.456580	2549.797971
440.832429	2551.398538
441.208218	2553.571275
441.583947	2554.665205
441.959616	2557.652089
442.335224	2553.462890
442.710773	2554.229146
443.086261	2559.524878
443.461689	2559.625701
443.837057	2560.644014
444.212365	2565.922102
444.587612	2567.840261
444.962800	2566.698440
445.337927	2569.826476
445.712995	2573.592217
446.088002	2579.041705
446.462949	2580.155800
446.837837	2586.071594
447.212664	2591.142995
447.587431	2597.267997
447.962139	2610.667383
448.336786	2631.515075
448.711374	2632.840899
449.085901	2624.850670
449.460369	2629.249077
449.834776	2635.391722
450.209124	2651.094917
450.583412	2669.232988
450.957640	2680.096675
451.331808	2686.251924
451.705917	2682.133301
452.079965	2690.088242
452.453954	2708.793443
452.827883	2715.621686
453.201752	2727.561659
453.575562	2732.605333
453.949311	2756.719693
454.323001	2765.705549
454.696632	2782.555606
455.070202	2811.464103
455.443713	2833.640139
455.817164	2860.519571
456.190556	2880.233003
456.563888	2906.257960
456.937160	2927.561876
457.310373	2927.203954
457.683526	2949.672377
458.056619	2964.561425
458.429653	2986.626555
458.802628	3002.518793
459.175542	3038.948691
459.548398	3106.328753
459.921194	3157.854387
460.293930	3192.260262
460.666607	3310.351811
461.039224	3394.526477
461.411782	3450.132925
461.784280	3491.273781
462.156719	3509.144672
462.529099	3522.281919
462.901419	3498.648989
463.273680	3510.359590
463.645882	3551.366856
464.018024	3577.316195
464.390106	3652.263029
464.762130	3779.090898
465.134094	3951.483237
465.505999	4274.608595
465.877845	4651.553312
466.249631	4874.904154
466.621358	4833.601981
466.993026	4747.425976
467.364634	4731.924428
467.736184	4701.667423
468.107674	4678.384854
468.479105	4775.827837
468.850477	4753.356894
469.221790	4751.514352
469.593043	4705.990212
469.964238	4734.964244
470.335373	4804.988391
470.706449	4895.479623
471.077467	4957.939520
471.448425	5544.321494
471.819324	6059.121604
472.190164	6142.605632
472.560945	5705.456935
472.931667	5453.071568
473.302330	5463.973063
473.672934	5370.946131
474.043479	5605.213591
474.413965	5649.099356
474.784393	5666.786244
475.154761	5817.299975
475.525070	5932.376914
475.895321	5913.447381
476.265513	6072.132822
476.635645	6233.840435
477.005719	6316.265821
477.375734	6444.850532
477.745691	6658.524879
478.115588	6818.274003
478.485427	7042.549896
478.855207	7437.458765
479.224928	8022.083897
479.594591	8493.923294
479.964194	8481.890060
480.333739	8539.805356
480.703226	8601.120910
481.072653	8738.661231
481.442022	8982.022933
481.811333	9187.825518
482.180584	9145.772213
482.549777	9037.039566
482.918912	8991.870827
483.287988	9092.431764
483.657005	9168.346500
484.025964	9016.131380
484.394864	9194.200058
484.763706	9254.582998
485.132489	9128.385273
485.501213	9177.077778
485.869879	9295.950707
486.238487	9253.264737
486.607036	9392.703052
486.975527	9284.666084
487.343959	9490.171241
487.712333	9598.200647
488.080648	9585.320499
488.448905	9690.620121
488.817104	9687.592908
489.185244	9969.476587
489.553326	10152.064659
489.921350	10663.668677
490.289315	11591.586304
490.657222	11943.857094
491.025070	11925.529979
491.392861	11870.878830
491.760593	11611.319901
492.128267	11364.169772
492.495883	11118.973090
492.863440	10854.902328
493.230939	10592.122101
493.598380	10563.296784
493.965763	10489.043108
494.333088	10417.630123
494.700354	10377.295851
495.067563	10465.967226
495.434713	10327.456483
495.801805	10475.265635
496.168839	10434.099572
496.535815	10394.695393
496.902733	10424.901987
497.269593	10380.128979
497.636395	10492.408078
498.003139	10493.285239
498.369825	10398.652699
498.736453	10565.552700
499.103023	10502.941569
499.469535	10558.926103
499.835989	10555.251102
500.202385	10540.541015
500.568723	10410.020501
500.935003	10639.655141
501.301226	10461.538573
501.667390	10716.489887
502.033497	10826.576084
502.399546	10692.592297
502.765537	10615.286203
503.131470	10693.913080
503.497345	10871.069308
503.863163	10501.777063
504.228923	10804.142950
504.594625	10876.259176
504.960269	10637.255552
505.325856	10861.478513
505.691385	10662.640282
506.056856	10823.705147
506.422270	10849.074754
506.787625	10742.101469
507.152924	10863.200067
507.518164	10844.288178
507.883347	10768.552404
508.248472	10692.375528
508.613540	10924.548389
508.978550	10818.880763
509.343503	10791.822370
509.708398	10921.964797
510.073236	11022.659325
510.438016	11034.755574
510.802738	10982.025104
511.167403	11036.114165
511.532010	10943.261152
511.896561	11165.548310
512.261053	11243.844991
512.625488	11109.949424
512.989866	11094.034502
513.354186	11090.057031
513.718449	10993.254275
514.082655	11182.905003
514.446803	11082.021432
514.810894	11200.080214
515.174927	11066.096427
515.538904	11098.511046
515.902822	11250.791701
516.266684	11140.360185
516.630488	11077.713766
516.994235	11135.129988
517.357925	11194.305572
517.721558	11283.536516
518.085133	11306.320011
518.448651	11307.373612
518.812112	11190.272649
519.175516	11212.085722
519.538863	11329.501757
519.902152	11246.783984
520.265385	11410.389591
520.628560	11318.144037
520.991678	11299.816922
521.354739	11363.771521
521.717743	11290.518514
522.080690	11279.218768
522.443580	11410.278685
522.806413	11366.463497
523.169189	11399.914073
523.531908	11458.472116
523.894569	11276.710794
524.257174	11285.361414
524.619722	11403.284084
524.982213	11344.726041
525.344647	11402.777448
525.707025	11354.077382
526.069345	11442.892430
526.431608	11364.378980
526.793815	11470.512912
527.155964	11261.806622
527.518057	11313.390229
527.880093	11268.319793
528.242072	11334.031233
528.603995	11235.133877
528.965860	11163.085707
529.327669	11220.738862
529.689421	11165.898670
530.051117	11132.012034
530.412755	11234.264278
530.774337	11128.977260
531.135862	11110.506472
531.497331	11127.843000
531.858743	10980.545526
532.220098	11148.201700
532.581396	11016.214210
532.942638	11010.590803
533.303824	10970.974895
533.664953	10974.254166
534.026025	10894.276260
534.387040	10995.679070
534.747999	10995.457259
535.108902	11052.308871
535.469748	10809.174021
535.830537	10915.451627
536.191270	10902.447970
536.551947	10918.199056
536.912567	10916.790053
537.273131	10849.236071
537.633638	10820.448562
537.994089	10817.484363
538.354483	10761.799778
538.714821	10900.789431
539.075103	10916.356514
539.435328	10877.280010
539.795497	10706.432785
540.155609	10861.047494
540.515665	10945.123858
540.875665	10684.508807
541.235609	10754.348953
541.595496	10747.823179
541.955328	10908.058775
542.315102	10788.016299
542.674821	10738.091232
543.034483	10744.188507
543.394090	10741.350338
543.753640	10675.079329
544.113134	10897.948741
544.472571	10747.820658
544.831953	10895.528987
545.191278	10697.885509
545.550548	10730.184182
545.909761	10863.953720
546.268918	10837.026396
546.628019	10917.067317
546.987064	10788.089395
547.346053	10706.914216
547.704986	10801.584564
548.063863	10797.065170
548.422684	10787.489498
548.781449	10709.770029
549.140158	10807.071860
549.498811	10682.719198
549.857408	10546.613085
550.215949	10761.192319
550.574434	10612.090112
550.932864	10720.878212
551.291237	10781.183015
551.649555	10721.271422
552.007817	10735.560572
552.366022	10697.744357
552.724173	10696.284943
553.082267	10681.090905
553.440305	10824.529376
553.798288	10614.222520
554.156215	10770.626838
554.514086	10752.289641
554.871902	10596.414644
555.229661	10632.847063
555.587365	10611.069278
555.945014	10503.140695
556.302606	10628.574685
556.660143	10523.524600
557.017625	10672.702425
557.375050	10576.093753
557.732421	10710.087622
558.089735	10623.576381
558.446994	10624.143511
558.804197	10662.224387
559.161345	10655.141566
559.518437	10508.960707
559.875474	10604.845974
560.232455	10622.757193
560.589381	10581.954094
560.946251	10575.997971
561.303065	10678.706439
561.659825	10610.386202
562.016528	10546.320698
562.373177	10421.204301
562.729770	10542.779287
563.086307	10462.219128
563.442789	10550.073837
563.799216	10430.719479
564.155587	10476.735131
564.511904	10427.697307
564.868164	10421.045504
565.224370	10439.299522
565.580520	10365.186999
565.936615	10365.212205
566.292654	10240.799049
566.648638	10360.990239
567.004567	10323.695783
567.360441	10311.365120
567.716260	10218.398682
568.072023	10314.982148
568.427732	10264.396690
568.783385	10178.727321
569.138982	10250.210883
569.494525	10258.909394
569.850013	10134.287030
570.205445	10218.161747
570.560823	10107.226116
570.916145	10032.853973
571.271412	10101.098593
571.626625	10044.378051
571.981782	10024.382314
572.336884	9995.980453
572.691931	10000.197378
573.046923	9947.431621
573.401860	9905.716073
573.756743	9846.696764
574.111570	9886.852075
574.466342	9870.662410
574.821059	9900.813551
575.175722	9791.407910
575.530330	9799.819075
575.884882	9790.074524
576.239380	9719.359739
576.593823	9698.476759
576.948211	9712.002175
577.302544	9593.419113
577.656823	9607.252039
578.011047	9609.500394
578.365216	9585.118853
578.719330	9509.738480
579.073389	9518.013534
579.427394	9467.488569
579.781344	9442.920506
580.135239	9399.387622
580.489080	9403.990195
580.842866	9304.838261
581.196597	9311.850506
581.550273	9354.443215
581.903895	9318.880395
582.257463	9384.080158
582.610975	9259.203216
582.964434	9293.387280
583.317837	9210.606493
583.671186	9193.043113
584.024481	9187.518008
584.377721	9110.080844
584.730906	9087.607380
585.084037	9116.183161
585.437113	9054.885250
585.790135	9072.115914
586.143103	8968.784863
586.496016	8948.519425
586.848874	9003.525975
587.201679	8994.567845
587.554428	8877.101398
587.907124	8924.442874
588.259765	8894.122854
588.612352	8899.007732
588.964884	8780.422150
589.317362	8793.161146
589.669786	8784.752501
590.022155	8838.387857
590.374470	8853.609621
590.726731	8795.270868
591.078937	8640.903176
591.431090	8753.106658
591.783188	8628.575034
592.135232	8619.989949
592.487222	8615.427705
592.839157	8669.562136
593.191038	8608.269267
593.542866	8549.620483
593.894639	8452.497613
594.246358	8498.853543
594.598022	8521.369857
594.949633	8415.614011
595.301190	8398.209427
595.652692	8421.870082
596.004141	8531.326135
596.355535	8310.616858
596.706876	8290.772356
597.058162	8221.287612
597.409395	8301.502452
597.760573	8357.121503
598.111698	8271.968852
598.462768	8255.602746
598.813785	8226.303560
599.164748	8191.146553
599.515657	8181.424688
599.866511	8096.322449
600.217312	8223.256183
600.568060	8081.904749
600.918753	8180.673556
601.269392	8151.525605
601.619978	8060.706697
601.970510	8124.951162
602.320988	8124.595761
602.671412	8178.583998
603.021783	8117.449925
603.372100	8092.748271
603.722363	8094.058971
604.072572	8066.428407
604.422728	8078.653205
604.772830	8008.102257
605.122878	8019.850666
605.472872	8007.416660
605.822813	8043.259264
606.172701	7984.003021
606.522534	8058.687715
606.872314	8059.607726
607.222041	8028.302161
607.571714	8079.331240
607.921333	8042.931589
608.270899	8046.641878
608.620411	8136.414746
608.969870	8039.551495
609.319276	8039.329685
609.668627	8050.145480
610.017926	8088.848939
610.367171	8134.713357
610.716362	8110.006662
611.065500	8100.370496
611.414585	8125.044423
611.763616	8114.649564
612.112594	8103.528779
612.461518	8110.546065
612.810389	8172.297679
613.159207	8119.121068
613.507971	8059.539670
613.856682	8180.174482
614.205340	8132.840568
614.553945	8218.648568
614.902496	8111.919779
615.250994	8168.337853
615.599439	8149.499061
615.947830	8158.926018
616.296169	8131.343345
616.644454	8145.483782
616.992686	8143.860530
617.340864	8203.348666
617.688990	8106.256043
618.037063	8200.081998
618.385082	8140.392216
618.733048	8224.004794
619.080961	8169.003285
619.428821	8185.674381
619.776628	8185.127416
620.124382	8138.756362
620.472083	8129.115155
620.819731	8156.798652
621.167326	8047.753453
621.514868	8061.074702
621.862357	7943.066331
622.209793	7959.588713
622.557176	7901.204590
622.904506	7866.808797
623.251783	7797.233312
623.599007	7761.216789
623.946179	7759.165039
624.293297	7716.794141
624.640363	7631.618806
624.987376	7617.170859
625.334336	7562.630615
625.681243	7514.139756
626.028097	7503.709609
626.374899	7477.435115
626.721647	7473.767676
627.068343	7406.072541
627.414987	7378.958695
627.761577	7327.554050
628.108115	7368.500822
628.454600	7264.859740
628.801032	7316.826474
629.147412	7273.059177
629.493739	7265.449555
629.840014	7206.253806
630.186236	7261.227588
630.532405	7138.213352
630.878521	7191.326949
631.224585	7152.121896
631.570597	7073.268167
631.916556	7107.353929
632.262462	7105.082889
632.608316	7063.085037
632.954117	7045.466204
633.299866	7024.656321
633.645562	7018.072574
633.991206	6941.709175
634.336797	6881.545525
634.682336	6840.336613
635.027823	6809.648589
635.373257	6799.231044
635.718639	6731.528348
636.063968	6747.591985
636.409245	6641.720192
636.754470	6633.344315
637.099642	6598.164623
637.444762	6542.152363
637.789829	6548.363064
638.134845	6489.479867
638.479808	6479.702549
638.824719	6487.768395
639.169577	6414.243166
639.514383	6432.141783
639.859137	6359.581935
640.203839	6373.268668
640.548489	6352.305029
640.893086	6325.609599
641.237632	6305.117309
641.582125	6322.201779
641.926566	6295.219003
642.270955	6312.230377
642.615292	6300.179499
642.959576	6314.662734
643.303809	6305.631507
643.647990	6312.825233
643.992118	6303.151259
644.336195	6250.095635
644.680219	6274.010869
645.024192	6268.276557
645.368112	6359.332398
645.711981	6381.755450
646.055797	6459.507687
646.399562	6414.117137
646.743274	6544.231839
647.086935	6596.337205
647.430544	6591.943839
647.774101	6612.799093
648.117606	6612.814216
648.461059	6608.035202
648.804460	6568.053811
649.147810	6481.645914
649.491108	6447.885306
649.834354	6421.814979
650.177548	6338.330951
650.520690	6259.343632
650.863781	6232.670887
651.206820	6256.749958
651.549807	6174.261558
651.892742	6117.372137
652.235626	6130.711030
652.578458	6116.678978
652.921238	6017.262383
653.263967	6059.925668
653.606644	5999.441904
653.949269	6002.413664
654.291843	5938.978305
654.634365	5993.672304
654.976836	5945.899809
655.319255	5947.974244
655.661622	5925.974649
656.003938	5917.276138
656.346203	5881.695674
656.688416	5912.983595
657.030577	5868.646647
657.372687	5836.537018
657.714746	5822.174770
658.056753	5865.561461
658.398708	5803.759435
658.740612	5796.449762
659.082465	5846.435323
659.424266	5838.828222
659.766016	5834.727243
660.107715	5810.446526
660.449362	5826.447148
660.790958	5819.041693
661.132503	5807.409231
661.473996	5841.656309
661.815438	5828.214073
662.156829	5828.876984
662.498168	5818.966076
662.839456	5796.769876
663.180693	5831.934444
663.521879	5835.463252
663.863013	5822.575542
664.204097	5841.426937
664.545129	5881.143668
664.886110	5876.871290
665.227040	5911.461167
665.567918	5878.786928
665.908746	5902.868520
666.249522	5903.569240
666.590248	5895.392489
666.930922	5920.026087
667.271545	5933.362460
667.612118	5939.714313
667.952639	5908.202061
668.293109	5929.246358
668.633528	5886.971241
668.973896	5894.606069
669.314213	5884.364965
669.654480	5868.278643
669.994695	5859.781778
670.334859	5848.930694
670.674973	5840.522050
671.015035	5847.821641
671.355047	5845.459860
671.695008	5833.477037
672.034918	5808.898892
672.374777	5814.887783
672.714585	5801.493437
673.054342	5804.119878
673.394049	5798.592253
673.733705	5827.314227
674.073310	5815.838040
674.412864	5777.290857
674.752368	5768.022696
675.091820	5773.588130
675.431223	5708.564807
675.770574	5709.472214
676.109875	5661.011602
676.449125	5664.921017
676.788324	5635.641996
677.127473	5578.077060
677.466571	5567.294032
677.805619	5559.056787
678.144616	5543.449374
678.483562	5519.692937
678.822458	5490.328216
679.161303	5492.516076
679.500098	5478.927646
679.838842	5460.429132
680.177535	5469.498168
680.516179	5480.001412
680.854771	5488.457947
681.193314	5571.740330
681.531805	5681.115724
681.870247	5832.718344
682.208638	5929.649650
682.546978	5944.422751
682.885268	5919.171612
683.223508	5834.366801
683.561697	5778.289006
683.899836	5749.559470
684.237925	5708.373243
684.575963	5672.157594
684.913951	5631.135204
685.251889	5694.245409
685.589776	5658.402805
685.927614	5634.011182
686.265401	5704.073139
686.603137	5689.302558
686.940824	5764.466162
687.278460	5787.058093
687.616046	5792.563033
687.953582	5862.624989
688.291068	5846.205951
688.628504	5908.875055
688.965889	5869.675043
689.303224	5815.540612
689.640510	5764.304845
689.977745	5692.705337
690.314930	5593.162713
690.652065	5534.975195
690.989150	5447.695177
691.326185	5371.548549
691.663170	5320.040559
692.000105	5245.708746
692.336990	5167.507847
692.673825	5146.153519
693.010610	5071.756171
693.347345	5006.407693
693.684030	4990.301207
694.020665	4946.503662
694.357251	4859.591649
694.693786	4869.363926
695.030272	4838.128937
695.366707	4802.543432
695.703093	4768.694604
696.039429	4793.776865
696.375716	4772.629225
696.711952	4746.014453
697.048139	4734.389552
697.384276	4716.377510
697.720363	4727.909149
698.056400	4736.363164
698.392388	4682.087581
698.728326	4666.117206
699.064214	4643.099297
699.400053	4639.144512
699.735842	4605.038586
700.071581	4582.376079
700.407270	4556.560330
700.742910	4536.534346
701.078501	4484.287828
701.414042	4483.985358
701.749533	4453.695586
702.084974	4388.163106
702.420366	4442.894913
702.755709	4386.002972
703.091002	4331.235876
703.426246	4381.034915
703.761440	4335.946835
704.096584	4300.976350
704.431679	4324.757994
704.766725	4304.921053
705.101721	4295.993170
705.436668	4321.844207
705.771565	4269.746402
706.106413	4300.878048
706.441212	4330.368798
706.775961	4340.597299
707.110661	4322.255061
707.445311	4348.698433
707.779913	4369.576372
708.114465	4382.073392
708.448967	4404.408224
708.783421	4464.024910
709.117825	4507.383874
709.452180	4510.748844
709.786485	4555.272315
710.120742	4639.605778
710.454949	4622.438128
710.789107	4692.331206
711.123216	4765.329634
711.457275	4757.324282
711.791286	4832.941589
712.125247	4845.725956
712.459159	4751.098457
712.793023	4826.864478
713.126837	4788.357625
713.460602	4779.195328
713.794318	4697.074932
714.127985	4707.396694
714.461602	4622.765803
714.795171	4592.894446
715.128691	4523.500443
715.462162	4469.224860
715.795584	4421.480092
716.128957	4401.817071
716.462281	4351.395451
716.795556	4324.999969
717.128782	4289.691728
717.461960	4219.609607
717.795088	4229.772573
718.128167	4187.696582
718.461198	4130.809682
718.794180	4125.181233
719.127113	4105.508131
719.459997	4085.335953
719.792833	4041.911454
720.125619	4036.091442
720.458357	4002.081298
720.791046	4002.451822
721.123686	3973.351762
721.456278	3933.138478
721.788821	3954.167651
722.121315	3924.891150
722.453761	3901.686719
722.786158	3909.492946
723.118506	3937.181483
723.450805	3887.712640
723.783056	3910.954880
724.115259	3921.354781
724.447412	3927.809978
724.779518	3922.234462
725.111574	3931.802572
725.443582	3956.819298
725.775542	3943.195580
726.107453	3991.109226
726.439315	3990.635358
726.771129	4008.919623
727.102895	4043.378430
727.434612	4093.890792
727.766281	4102.465794
728.097901	4102.816154
728.429473	4106.970065
728.760996	4117.170840
729.092471	4109.241105
729.423897	4091.602108
729.755276	4100.212398
730.086606	4100.953448
730.417887	4137.824447
730.749120	4200.717883
731.080305	4266.167183
731.411442	4290.019403
731.742530	4261.988067
732.073570	4266.608284
732.404562	4316.853464
732.735506	4307.739058
733.066401	4274.469963
733.397249	4210.953946
733.728048	4129.193992
734.058798	4050.937640
734.389501	3980.003564
734.720156	3915.265067
735.050762	3877.602606
735.381320	3867.132130
735.711831	3815.571208
736.042293	3788.981642
736.372707	3812.531393
736.703073	3781.629119
737.033391	3776.106535
737.363661	3790.851910
737.693883	3813.698420
738.024056	3825.162003
738.354182	3818.432063
738.684260	3885.471847
739.014290	3903.652769
739.344272	3898.896440
739.674207	3940.680044
740.004093	3948.440900
740.333931	3943.147689
740.663722	3940.468315
740.993464	3937.920012
741.323159	3915.743976
741.652806	3883.916652
741.982405	3860.321531
742.311956	3828.509330
742.641460	3820.272084
742.970915	3796.906336
743.300323	3751.916559
743.629683	3718.289542
743.958996	3705.883262
744.288260	3684.755787
744.617477	3650.765807
744.946647	3639.831544
745.275768	3615.379427
745.604842	3609.415742
745.933869	3563.337076
746.262847	3555.349367
746.591778	3594.708176
746.920662	3562.969071
747.249498	3532.313815
747.578286	3577.328798
747.907027	3599.313270
748.235720	3594.171293
748.564365	3621.166672
748.892963	3620.455869
749.221514	3601.183538
749.550017	3581.838110
749.878473	3578.064807
750.206881	3545.183881
750.535242	3542.622974
750.863555	3546.265208
751.191821	3541.516441
751.520039	3522.770911
751.848210	3499.037158
752.176334	3532.449926
752.504411	3537.317160
752.832440	3502.974299
753.160421	3480.735249
753.488356	3494.074142
753.816243	3504.279958
754.144082	3463.771767
754.471875	3445.061524
754.799620	3466.148671
755.127318	3458.395376
755.454969	3458.390335
755.782572	3465.858804
756.110129	3438.061882
756.437638	3428.846653
756.765100	3443.841565
757.092515	3453.901187
757.419882	3459.272537
757.747203	3434.129782
758.074477	3433.585337
758.401703	3448.434056
758.728882	3473.793580
759.056014	3477.869353
759.383099	3480.127790
759.710138	3476.609065
760.037129	3493.252434
760.364073	3525.634286
760.690970	3511.304806
761.017820	3489.390910
761.344623	3506.450175
761.671379	3551.838204
761.998088	3603.588168
762.324751	3729.977457
762.651366	3974.244046
762.977935	4448.115028
763.304456	4884.023601
763.630931	4979.624043
763.957359	4616.101398
764.283740	4275.286630
764.610074	4087.521294
764.936362	3889.877816
765.262602	3733.402921
765.588796	3622.406796
765.914943	3535.381357
766.241044	3447.113274
766.567097	3420.614448
766.893104	3374.772716
767.219064	3344.077130
767.544978	3315.556802
767.870845	3261.618977
768.196665	3242.258425
768.522438	3251.118253
768.848165	3245.966194
769.173846	3211.381358
769.499479	3194.732947
769.825066	3177.497242
770.150607	3162.409069
770.476101	3177.232582
770.801548	3173.842406
771.126949	3126.881537
771.452303	3108.357817
771.777611	3117.338633
772.102872	3120.817029
772.428087	3095.122268
772.753256	3085.455856
773.078378	3077.793302
773.403453	3041.930533
773.728482	3033.579862
774.053465	3055.012327
774.378401	3043.687375
774.703291	3009.649505
775.028135	3009.614217
775.352932	3006.224041
775.677683	2996.797083
776.002388	2991.808861
776.327046	2996.255159
776.651658	2984.378200
776.976224	2971.442600
777.300743	2973.517034
777.625216	2963.782566
777.949643	2957.806278
778.274024	2961.796352
778.598359	2948.936368
778.922647	2953.004579
779.246889	2953.062553
779.571086	2938.662497
779.895236	2935.597475
780.219339	2942.886984
780.543397	2954.577419
780.867409	2959.381639
781.191374	2951.025927
781.515294	2945.019392
781.839167	2948.923765
782.162995	2940.628547
782.486776	2950.100875
782.810511	2946.395627
783.134201	2934.495983
783.457844	2940.346242
783.781441	2929.805189
784.104993	2912.748445
784.428498	2910.815163
784.751958	2927.491300
785.075372	2916.403282
785.398739	2904.123031
785.722061	2922.160280
786.045337	2932.713935
786.368568	2915.352201
786.691752	2906.436921
787.014891	2955.855352
787.337983	2985.716627
787.661030	3012.028929
787.984031	3080.180288
788.306987	3125.684263
788.629897	3116.083386
788.952760	3102.066457
789.275579	3086.867379
789.598351	3026.134078
789.921078	2982.676811
790.243759	2976.733291
790.566395	2957.886937
790.888984	2935.816765
791.211529	2917.829928
791.534027	2907.979514
791.856480	2898.240005
792.178888	2884.422202
792.501249	2876.666387
792.823566	2873.036756
793.145836	2868.318236
793.468062	2864.320601
793.790241	2863.244315
794.112375	2870.536344
794.434464	2881.110164
794.756507	2885.702655
795.078505	2891.358830
795.400457	2908.987745
795.722364	2943.489402
796.044226	2967.432362
796.366042	2968.639718
796.687812	2955.477265
797.009538	2978.444762
797.331218	2963.437247
797.652852	2951.081379
797.974442	2932.497166
798.295986	2927.551794
798.617484	2923.299580
798.938938	2910.081675
799.260346	2895.185065
799.581709	2888.644168
799.903026	2881.324413
800.224299	2874.181098
800.545526	2868.603061
800.866708	2853.441791
801.187845	2839.893690
801.508936	2843.984586
801.829983	2849.905422
802.150984	2836.715242
802.471940	2827.462205
802.792851	2823.590598
803.113717	2823.330979
803.434538	2832.523523
803.755314	2822.325269
804.076045	2814.307314
804.396731	2815.519711
804.717372	2815.983497
805.037967	2809.588794
805.358518	2816.016265
805.679024	2829.876917
805.999485	2825.009683
806.319901	2830.706187
806.640272	2821.208653
806.960598	2828.024293
807.280879	2835.162567
807.601115	2839.266066
807.921306	2829.473625
808.241453	2825.070177
808.561554	2831.391784
808.881611	2833.856908
809.201623	2831.094356
809.521590	2827.676454
809.841513	2822.133705
810.161390	2830.128975
810.481223	2823.343582
810.801011	2813.674649
811.120755	2807.857157
811.440453	2811.506953
811.760107	2810.907055
812.079716	2807.867240
812.399281	2799.526651
812.718801	2790.082049
813.038276	2788.564662
813.357707	2795.198820
813.677093	2801.422124
813.996434	2797.326187
814.315731	2789.507357
814.634983	2785.913015
814.954191	2788.602470
815.273354	2799.771147
815.592473	2811.350677
815.911547	2811.958136
816.230577	2817.702531
816.549562	2829.942452
816.868502	2825.796103
817.187399	2837.093329
817.506250	2854.213088
817.825058	2846.512725
818.143821	2860.517050
818.462539	2874.687734
818.781213	2901.234450
819.099843	2937.555963
819.418429	2995.446054
819.736970	3054.969478
820.055466	3126.004377
820.373919	3230.751992
820.692327	3370.638970
821.010691	3539.101728
821.329011	3980.182525
821.647286	4874.727714
821.965517	6252.470019
822.283704	6976.336861
822.601847	6952.522450
822.919945	6323.537685
823.237999	5821.831972
823.556010	5242.190020
823.873976	4692.850445
824.191897	4285.729381
824.509775	4001.589785
824.827609	3730.048033
825.145398	3611.182667
825.463144	3597.576592
825.780845	3686.842824
826.098502	3794.103455
826.416116	4078.961414
826.733685	4389.186460
827.051210	4448.661993
827.368692	4331.344261
827.686129	4073.058223
828.003522	3747.860950
828.320872	3494.207733
828.638177	3300.745892
828.955439	3163.518123
829.272656	3079.797160
829.589830	3014.592356
829.906960	2964.528657
830.224046	2918.152562
830.541088	2887.482182
830.858086	2873.815614
831.175041	2855.095289
831.491952	2854.933972
831.808819	2869.618854
832.125642	2890.809344
832.442421	2938.004626
832.759157	3018.262316
833.075849	3194.566589
833.392497	3474.156543
833.709101	3680.183460
834.025662	3624.302270
834.342179	3464.469966
834.658653	3291.906229
834.975083	3143.870226
835.291469	3047.289280
835.607811	2963.253245
835.924110	2903.702095
836.240366	2853.668643
836.556578	2812.784885
836.872746	2787.793365
837.188871	2766.464243
837.504952	2752.265833
837.820990	2743.529514
838.136984	2731.541650
838.452935	2723.400186
838.768842	2721.625700
839.084706	2738.624471
839.400526	2816.162458
839.716303	2950.400823
840.032037	3028.999974
840.347727	3013.299300
840.663373	2955.333593
840.978977	2879.968343
841.294537	2804.356076
841.610054	2762.257400
841.925527	2738.127917
842.240957	2716.990359
842.556344	2696.099818
842.871687	2680.182374
843.186987	2669.669048
843.502244	2669.669048
843.817458	2660.128664
844.132629	2649.547282
844.447756	2638.323153
844.762840	2636.193266
845.077881	2637.907258
845.392879	2636.231075
845.707833	2629.627163
846.022745	2624.898561
846.337613	2627.041051
846.652438	2627.315794
846.967221	2626.184055
847.281960	2624.190279
847.596656	2622.209105
847.911309	2621.621811
848.225919	2617.737602
848.540485	2617.730040
848.855009	2616.079062
849.169490	2614.017230
849.483928	2612.862806
849.798323	2614.758280
850.112675	2612.714092
850.426984	2613.954216
850.741251	2612.336005
851.055474	2610.906838
851.369654	2618.229114
851.683792	2616.389093
851.997887	2613.702158
852.311938	2611.862137
852.625947	2612.267950
852.939914	2615.625358
853.253837	2617.135184
853.567718	2610.357352
853.881555	2611.468927
854.195350	2613.745008
854.509103	2613.455142
854.822812	2611.731067
855.136479	2609.649070
855.450103	2611.032867
855.763685	2614.057559
856.077224	2611.055552
856.390720	2610.049842
856.704173	2613.621500
857.017584	2616.986470
857.330953	2618.655092
857.644278	2617.505709
857.957561	2618.650051
858.270802	2616.762138
858.584000	2616.449587
858.897155	2616.079062
859.210268	2619.307921
859.523339	2614.218876
859.836367	2609.601179
860.149352	2612.734257
860.462295	2613.102261
860.775195	2610.518669
861.088054	2610.044801
861.400869	2607.221755
861.713642	2603.917278
862.026373	2607.347784
862.339062	2608.073710
862.651708	2614.208794
862.964312	2616.726850
863.276873	2612.981273
863.589392	2615.579988
863.901869	2618.665174
864.214303	2627.293109
864.526696	2629.967441
864.839045	2631.381485
865.151353	2632.987092
865.463619	2632.059520
865.775842	2631.976341
866.088023	2632.339304
866.400162	2631.071454
866.712258	2632.243522
867.024313	2630.615229
867.336325	2624.573406
867.648296	2628.674385
867.960224	2634.892648
868.272110	2635.336270
868.583954	2628.636576
868.895755	2628.215640
869.207515	2632.964407
869.519233	2637.997999
869.830909	2635.971455
870.142542	2630.849643
870.454134	2633.115642
870.765684	2637.070427
871.077191	2641.383134
871.388657	2643.656694
871.700081	2640.936992
872.011463	2644.531334
872.322803	2645.108547
872.634101	2646.691469
872.945357	2652.995432
873.256571	2660.337872
873.567744	2655.730258
873.878874	2656.078097
874.189963	2655.760505
874.501010	2660.574807
874.812015	2665.169818
875.122979	2665.590755
875.433900	2654.936276
875.744780	2655.137922
876.055618	2660.920126
876.366415	2667.748368
876.677169	2665.381547
876.987882	2662.518171
877.298554	2657.955927
877.609183	2670.309275
877.919771	2675.262208
878.230317	2683.693538
878.540822	2693.009590
878.851285	2706.890407
879.161707	2730.566187
879.472087	2768.090015
879.782425	2818.589774
880.092722	2931.763678
880.402977	3115.735546
880.713191	3374.848333
881.023363	3659.761746
881.333494	3854.582177
881.643583	4024.153990
881.953631	4022.981922
882.263637	3841.830579
882.573602	3624.836632
882.883526	3499.390039
883.193408	3383.337636
883.503248	3285.153603
883.813048	3170.023732
884.122806	3055.546690
884.432522	2970.537713
884.742197	2908.735687
885.051831	2871.211858
885.361424	2835.800273
885.670975	2800.819707
885.980485	2771.873401
886.289954	2752.548138
886.599382	2739.274780
886.908768	2729.053840
887.218113	2711.044318
887.527417	2694.015301
887.836680	2687.131605
888.145901	2681.414937
888.455082	2673.580983
888.764221	2665.565549
889.073319	2656.055412
889.382376	2653.766728
889.691392	2656.952737
890.000366	2655.387459
890.309300	2653.794455
890.618193	2654.643889
890.927044	2659.546411
891.235855	2660.915084
891.544625	2659.344765
891.853353	2660.978099
892.162041	2668.169305
892.470687	2687.741585
892.779293	2698.890096
893.087858	2707.112218
893.396381	2729.661299
893.704864	2769.125972
894.013306	2838.885459
894.321707	2932.756785
894.630068	2982.109681
894.938387	3000.441837
895.246665	2993.202740
895.554903	2951.535083
895.863100	2909.176788
896.171256	2855.624611
896.479371	2790.765125
896.787446	2753.616862
897.095480	2735.004922
897.403473	2727.702811
897.711425	2715.629248
898.019336	2694.161494
898.327207	2678.584329
898.635038	2679.902590
898.942827	2677.452590
899.250576	2668.499500
899.558284	2656.882161
899.865952	2651.278919
900.173579	2649.653147
900.481165	2649.385966
900.788711	2637.977834
901.096216	2633.193779
901.403681	2629.889303
901.711105	2629.196144
902.018489	2626.252111
902.325832	2632.566156
902.633135	2636.140334
902.940397	2651.263795
903.247619	2684.679084
903.554800	2755.378746
903.861941	2876.588249
904.169041	3000.703977
904.476101	3062.538770
904.783121	3058.639438
905.090100	3003.955521
905.397039	2927.241763
905.703938	2854.162676
906.010796	2794.238480
906.317614	2742.380131
906.624391	2705.128524
906.931129	2681.256140
907.237826	2655.841163
907.544483	2640.155613
907.851099	2623.829836
908.157675	2617.777931
908.464211	2610.203597
908.770707	2600.121290
909.077163	2596.678182
909.383578	2593.333376
909.689954	2591.382449
909.996289	2587.934300
910.302584	2587.548652
910.608839	2586.782397
910.915054	2587.175607
911.221229	2588.599733
911.527363	2590.255752
911.833458	2591.324476
912.139513	2589.335741
912.445527	2591.226174
912.751502	2599.138265
913.057436	2603.939964
913.363331	2609.213011
913.669186	2618.501337
913.975000	2632.261166
914.280775	2648.433187
914.586510	2668.925478
914.892205	2704.359748
915.197859	2768.326949
915.503475	2853.938345
915.809050	2916.476379
916.114585	2934.246446
916.420081	2941.853547
916.725536	2952.727316
917.030952	2931.559511
917.336328	2883.658467
917.641665	2832.999912
917.946961	2782.613579
918.252218	2753.997470
918.557435	2726.306412
918.862612	2705.320088
919.167750	2687.466842
919.472848	2671.942608
919.777906	2655.568941
920.082925	2642.275418
920.387904	2631.865435
920.692843	2626.884775
920.997743	2623.628190
921.302603	2618.624845
921.607423	2611.599997
921.912204	2604.794439
922.216946	2601.479881
922.521647	2598.981989
922.826310	2595.266658
923.130932	2591.044692
923.435516	2584.619742
923.740059	2585.133939
924.044564	2584.075297
924.349028	2579.583629
924.653454	2573.277145
924.957840	2571.908472
925.262186	2569.695406
925.566493	2570.653225
925.870761	2563.111659
926.174989	2566.501835
926.479178	2564.681978
926.783328	2563.393963
927.087438	2563.411607
927.391509	2563.330949
927.695541	2560.185269
927.999533	2559.280382
928.303486	2558.108313
928.607400	2556.908519
928.911275	2555.360885
929.215110	2556.313663
929.518906	2556.343910
929.822663	2555.270144
930.126381	2557.649568
930.430060	2556.974054
930.733699	2557.803324
931.037299	2556.202757
931.340861	2558.178890
931.644383	2557.793241
931.947866	2559.214847
932.251309	2557.137891
932.554714	2556.989177
932.858080	2558.443550
933.161407	2556.013714
933.464694	2555.839794
933.767943	2557.362223
934.071153	2554.569423
934.374323	2553.069680
934.677455	2554.960113
934.980548	2553.682180
935.283602	2554.241748
935.586617	2554.763508
935.889593	2555.522202
936.192530	2554.851728
936.495428	2553.490617
936.798287	2554.619835
937.101108	2554.740823
937.403890	2558.619991
937.706632	2562.080743
938.009336	2563.366237
938.312002	2566.471588
938.614628	2570.622978
938.917216	2571.283369
939.219765	2576.500963
939.522275	2576.901735
939.824747	2576.679924
940.127179	2571.059038
940.429573	2567.769685
940.731929	2570.068451
941.034246	2565.148285
941.336524	2565.380178
941.638763	2565.387740
941.940964	2567.068964
942.243126	2565.186093
942.545250	2565.770867
942.847335	2561.702656
943.149381	2563.252811
943.451389	2561.904302
943.753359	2561.183417
944.055290	2556.608570
944.357182	2555.557490
944.659036	2557.594116
944.960851	2557.576472
945.262628	2555.978426
945.564367	2558.514126
945.866067	2557.359702
946.167729	2558.796431
946.469352	2557.153015
946.770937	2556.785011
947.072484	2555.524722
947.373992	2556.406924
947.675462	2556.175031
947.976893	2554.483724
948.278286	2555.423899
948.579641	2553.747715
948.880958	2552.595812
949.182236	2553.919115
949.483476	2554.284598
949.784678	2554.193858
950.085841	2551.060780
950.386967	2555.350802
950.688054	2552.779814
950.989103	2553.364588
951.290114	2557.069836
951.591087	2556.001111
951.892021	2556.013714
952.192917	2559.981102
952.493776	2559.111503
952.794596	2561.748027
953.095378	2561.788356
953.396122	2563.502348
953.696828	2561.012018
953.997496	2559.671071
954.298126	2554.408107
954.598718	2556.532953
954.899272	2554.876934
955.199788	2553.225956
955.500266	2553.210832
955.800706	2548.149514
956.101108	2546.364946
956.401472	2546.468289
956.701798	2544.713968
957.002087	2543.496529
957.302337	2545.341591
957.602550	2545.197918
957.902724	2542.616848
958.202861	2543.690613
958.502960	2544.585418
958.803022	2541.122146
959.103045	2544.945861
959.403031	2542.039636
959.702979	2541.727084
960.002889	2542.359749
960.302762	2536.743903
960.602596	2540.807073
960.902393	2540.277752
961.202153	2540.169367
961.501875	2541.603576
961.801559	2540.618030
962.101205	2539.168698
962.400814	2540.209697
962.700385	2541.840510
962.999918	2542.095088
963.299414	2539.408153
963.598873	2540.802032
963.898293	2538.324305
964.197677	2539.854295
964.497022	2538.808256
964.796331	2539.670293
965.095601	2537.058976
965.394835	2539.912269
965.694030	2540.358411
965.993189	2540.570139
966.292309	2536.693492
966.591393	2540.015612
966.890439	2540.164326
967.189447	2540.260108
967.488419	2533.971269
967.787353	2537.275745
968.086249	2540.802032
968.385108	2537.210210
968.683930	2541.036446
968.982714	2537.714326
969.281462	2538.420087
969.580172	2538.445293
969.878844	2538.795653
970.177480	2541.618699
970.476078	2540.549975
970.774639	2537.880684
971.073162	2540.547454
971.371649	2536.910262
971.670098	2537.099305
971.968510	2538.624254
972.266885	2535.017308
972.565223	2536.751465
972.863524	2542.301776
973.161788	2541.134748
973.460014	2540.799512
973.758204	2539.387989
974.056356	2540.862526
974.354471	2541.593493
974.652550	2538.077289
974.950591	2540.466796
975.248595	2539.692978
975.546563	2541.268339
975.844493	2539.153575
976.142386	2543.473844
976.440243	2538.561239
976.738062	2540.466796
977.035845	2537.472350
977.333590	2539.629964
977.631299	2538.636857
977.928971	2539.934954
978.226606	2538.835982
978.524204	2539.161137
978.821765	2539.035108
979.119290	2537.545447
979.416777	2538.455375
979.714228	2538.732639
980.011642	2540.590304
980.309020	2542.395037
980.606360	2537.479912
980.903664	2537.593338
981.200931	2538.982176
981.498162	2537.013605
981.795356	2539.582073
982.092513	2545.616334
982.389633	2545.548279
982.686717	2552.023641
982.983764	2552.920966
983.280775	2556.185113
983.577749	2551.002807
983.874686	2551.206974
984.171587	2550.753270
984.468451	2546.062476
984.765279	2544.348484
985.062070	2543.554502
985.358824	2544.353525
985.655543	2542.203473
985.952224	2537.883204
986.248869	2538.750283
986.545478	2533.668800
986.842050	2534.976979
987.138586	2535.526465
987.435086	2534.684592
987.731549	2533.341125
988.027975	2535.123173
988.324366	2538.067206
988.620719	2535.367668
988.917037	2537.958822
989.213318	2537.248019
989.509563	2537.893287
989.805772	2535.347504
990.101944	2537.023687
990.398080	2535.992772
990.694180	2536.514531
990.990244	2536.496887
991.286271	2534.104859
991.582262	2534.949253
991.878217	2533.099149
992.174136	2535.954963
992.470019	2537.555529
992.765865	2534.901362
993.061676	2535.886907
993.357450	2538.505787
993.653188	2533.141999
993.948890	2535.697864
994.244556	2539.030067
994.540186	2534.903882
994.835780	2535.176105
995.131337	2537.737011
995.426859	2536.383461
995.722345	2537.563091
996.017795	2537.389171
996.313208	2539.662732
996.608586	2538.651980
996.903928	2539.062834
997.199234	2538.394881
997.494504	2538.964532
997.789738	2537.285828
998.084936	2537.905889
998.380099	2537.358924
998.675225	2535.523944
998.970316	2536.128883
999.265371	2535.617206
999.560390	2536.267514
999.855373	2537.048893
1000.150320	2533.013450
1000.445232	2536.247350
1000.740108	2533.426824
1001.034948	2535.919675
1001.329752	2532.526978
1001.624521	2532.930271
1001.919254	2529.603109
1002.213951	2530.369364
1002.508613	2531.924560
1002.803239	2533.590662
1003.097829	2528.602440
1003.392384	2535.402957
1003.686903	2533.893131
1003.981386	2534.132586
1004.275834	2536.348173
1004.570246	2534.823224
1004.864623	2532.723583
1005.158964	2533.389016
1005.453270	2535.430683
1005.747540	2533.197452
1006.041775	2533.520086
1006.335974	2532.103521
1006.630138	2533.303316
1006.924266	2534.314067
1007.218359	2532.219468
1007.512416	2534.608975
1007.806438	2532.615198
1008.100425	2534.593851
1008.394376	2531.632173
1008.688292	2532.655528
1008.982172	2532.506814
1009.276017	2532.892462
1009.569827	2532.461443
1009.863602	2537.273225
1010.157341	2534.435055
1010.451045	2530.699560
1010.744714	2529.290558
1011.038347	2533.222657
1011.331945	2533.807431
1011.625508	2534.379602
1011.919036	2534.513193
1012.212528	2534.122503
1012.505986	2534.611495
1012.799408	2531.944725
1013.092795	2533.603265
1013.386147	2532.032945
1013.679464	2531.818696
1013.972745	2532.141330
1014.265992	2532.882380
1014.559204	2533.270548
1014.852380	2532.829447
1015.145521	2535.513862
1015.438628	2531.722914
1015.731699	2531.864067
1016.024736	2533.525127
1016.317737	2533.797349
1016.610703	2530.477749
1016.903635	2529.003212
1017.196531	2524.733354
1017.489393	2527.621936
1017.782219	2527.899199
1018.075011	2535.118131
1018.367768	2531.536392
1018.660490	2533.262987
1018.953177	2533.262987
1019.245829	2533.262987
