Dividing Wavelength (nm)	Counts (n)	Blue Motor Position (mm): 0.000000	Red Motor Position (mm): 43.700000	
326.493990	1.001660
326.888308	1.001660
327.282561	1.001660
327.676750	1.000920
328.070874	0.999074
328.464933	1.000135
328.858929	1.000153
329.252859	0.999104
329.646726	0.999921
330.040528	0.999628
330.434265	0.999336
330.827938	1.000175
331.221547	1.001097
331.615091	1.000236
332.008571	0.999893
332.401986	0.999445
332.795338	1.000634
333.188625	0.998109
333.581847	1.000916
333.975006	0.999592
334.368100	1.000049
334.761129	0.999651
335.154095	1.001856
335.546996	0.998784
335.939833	0.998415
336.332606	0.998443
336.725315	0.999177
337.117960	0.999707
337.510540	0.998621
337.903056	0.999598
338.295508	0.997753
338.687896	0.999352
339.080220	0.998894
339.472480	0.998719
339.864676	0.998776
340.256807	0.998442
340.648875	1.000914
341.040879	0.999911
341.432818	0.998353
341.824694	0.999231
342.216506	0.999908
342.608253	0.998084
342.999937	0.998112
343.391557	0.998592
343.783113	0.998091
344.174605	0.998905
344.566033	0.999261
344.957397	0.998224
345.348697	0.998494
345.739934	0.998791
346.131106	0.999023
346.522215	0.997241
346.913260	0.998880
347.304241	0.997922
347.695159	0.998697
348.086012	0.997722
348.476802	0.997911
348.867528	0.998294
349.258191	0.997732
349.648789	0.999503
350.039324	0.998183
350.429796	0.999515
350.820203	0.999335
351.210548	0.999071
351.600828	0.999049
351.991045	0.997536
352.381198	0.997707
352.771288	0.998528
353.161314	0.999253
353.551276	0.999755
353.941175	0.999180
354.331010	0.998144
354.720782	0.998599
355.110490	0.998706
355.500135	0.999695
355.889717	0.998698
356.279235	0.998146
356.668689	0.998427
357.058080	0.998436
357.447408	0.999032
357.836672	0.998717
358.225873	0.999695
358.615010	0.999394
359.004084	0.999206
359.393095	0.997944
359.782043	0.998598
360.170927	0.999068
360.559748	0.999217
360.948505	0.997761
361.337199	0.999877
361.725830	0.998699
362.114398	0.999597
362.502903	0.999852
362.891344	0.999796
363.279722	0.997998
363.668037	0.998894
364.056289	0.998670
364.444478	1.000081
364.832603	0.998843
365.220665	0.998544
365.608665	0.998143
365.996601	0.998392
366.384474	0.998307
366.772284	0.999048
367.160031	0.998054
367.547715	0.998462
367.935336	0.998830
368.322893	0.998864
368.710388	0.998016
369.097820	0.998856
369.485189	0.999314
369.872495	0.998062
370.259738	0.996292
370.646918	0.999080
371.034035	0.999532
371.421090	0.998293
371.808081	0.998519
372.195010	0.999470
372.581875	0.998794
372.968678	0.998453
373.355418	0.998409
373.742096	0.998756
374.128710	0.999131
374.515262	0.998366
374.901751	0.998828
375.288177	0.997934
375.674540	0.998962
376.060841	0.997758
376.447079	0.998006
376.833254	0.998875
377.219367	0.999314
377.605417	0.999588
377.991404	0.999163
378.377329	0.997989
378.763191	0.998559
379.148991	0.999125
379.534727	0.999280
379.920402	0.999341
380.306013	0.999577
380.691563	0.999603
381.077049	0.998160
381.462474	1.000026
381.847835	0.999720
382.233134	0.998186
382.618371	0.998688
383.003545	0.998977
383.388657	0.998856
383.773706	1.001352
384.158693	0.999780
384.543618	0.999353
384.928480	0.999037
385.313280	0.998846
385.698017	0.999239
386.082692	1.000641
386.467305	0.999308
386.851856	0.999708
387.236344	0.999495
387.620770	0.999100
388.005133	0.999771
388.389435	1.000246
388.773674	0.999340
389.157851	1.000663
389.541965	0.999426
389.926018	0.999897
390.310008	1.000994
390.693936	0.999098
391.077802	0.999105
391.461606	0.999918
391.845348	0.999246
392.229027	1.000340
392.612645	1.000583
392.996200	1.000852
393.379694	0.999901
393.763125	1.000790
394.146494	0.999987
394.529801	0.999285
394.913047	1.000627
395.296230	0.999487
395.679351	0.999793
396.062410	0.999317
396.445408	1.000384
396.828343	1.000482
397.211217	0.999871
397.594028	0.999846
397.976778	0.999034
398.359466	0.999966
398.742092	0.999385
399.124656	0.998898
399.507158	1.000207
399.889598	1.000308
400.271977	0.999667
400.654294	1.000384
401.036549	1.000845
401.418742	1.000290
401.800874	0.999431
402.182944	0.999975
402.564952	0.999618
402.946898	1.000420
403.328783	1.000653
403.710606	0.999476
404.092367	0.999852
404.474067	1.000585
404.855705	0.999394
405.237282	1.000639
405.618797	0.999491
406.000250	1.000269
406.381642	1.000391
406.762972	1.000743
407.144240	1.000951
407.525447	0.999971
407.906593	1.000313
408.287677	1.000379
408.668700	1.000823
409.049661	0.999632
409.430560	0.999887
409.811399	1.000008
410.192176	1.000352
410.572891	0.999853
410.953545	1.000408
411.334138	0.999658
411.714669	1.000709
412.095139	0.999573
412.475547	1.000304
412.855894	1.000768
413.236180	1.000936
413.616405	1.000919
413.996568	1.000618
414.376670	1.000006
414.756711	1.000209
415.136691	1.000850
415.516609	1.001133
415.896466	1.000087
416.276262	0.998668
416.655997	1.001085
417.035670	0.999634
417.415283	1.000555
417.794834	1.000343
418.174324	1.000241
418.553753	1.000177
418.933121	1.000138
419.312428	0.999823
419.691674	1.000321
420.070859	1.000969
420.449983	0.999919
420.829045	1.001174
421.208047	1.001249
421.586988	1.001444
421.965867	0.999908
422.344686	1.001280
422.723444	1.000227
423.102141	1.000826
423.480777	1.000786
423.859352	1.000045
424.237866	1.000317
424.616319	1.000895
424.994712	1.000880
425.373044	1.001042
425.751314	1.000941
426.129524	1.000525
426.507673	1.000851
426.885762	1.001237
427.263789	1.000943
427.641756	1.001460
428.019662	1.000899
428.397508	0.999970
428.775292	0.999820
429.153016	1.000196
429.530679	1.001384
429.908282	1.000879
430.285824	0.999486
430.663305	0.999768
431.040726	1.000158
431.418086	1.001337
431.795385	1.001516
432.172624	1.000073
432.549802	1.000823
432.926920	1.001221
433.303977	1.000584
433.680974	1.001071
434.057910	1.000645
434.434786	1.000891
434.811601	1.000262
435.188355	1.000264
435.565050	1.000827
435.941683	1.000833
436.318257	1.001107
436.694770	1.000314
437.071222	1.001984
437.447614	1.000966
437.823946	1.001527
438.200218	1.000902
438.576429	1.000563
438.952580	1.000984
439.328670	1.000657
439.704700	1.001799
440.080670	1.001378
440.456580	0.999862
440.832429	1.000563
441.208218	1.000842
441.583947	1.001382
441.959616	1.000444
442.335224	1.000851
442.710773	1.001807
443.086261	1.000972
443.461689	1.000658
443.837057	1.000640
444.212365	1.001195
444.587612	1.000306
444.962800	1.000427
445.337927	1.000779
445.712995	1.000988
446.088002	1.001936
446.462949	1.001563
446.837837	1.001405
447.212664	1.001367
447.587431	1.001191
447.962139	1.001559
448.336786	1.001053
448.711374	1.001657
449.085901	1.000502
449.460369	1.001884
449.834776	1.000675
450.209124	1.001689
450.583412	1.000666
450.957640	1.001188
451.331808	1.001485
451.705917	1.001208
452.079965	1.000751
452.453954	1.001115
452.827883	1.000183
453.201752	1.001097
453.575562	1.001523
453.949311	1.001663
454.323001	1.000494
454.696632	1.000811
455.070202	1.001064
455.443713	1.000417
455.817164	1.001285
456.190556	1.001189
456.563888	1.001129
456.937160	1.001192
457.310373	1.001486
457.683526	1.000972
458.056619	1.000522
458.429653	1.001285
458.802628	1.000625
459.175542	1.000622
459.548398	1.001198
459.921194	1.000759
460.293930	1.000946
460.666607	1.000647
461.039224	1.000758
461.411782	1.001501
461.784280	1.000743
462.156719	1.001784
462.529099	1.001000
462.901419	1.000914
463.273680	1.000994
463.645882	1.001881
464.018024	1.001863
464.390106	1.001571
464.762130	1.002065
465.134094	1.001142
465.505999	1.001529
465.877845	1.001254
466.249631	1.002116
466.621358	1.001770
466.993026	1.001749
467.364634	1.001814
467.736184	1.001988
468.107674	1.001321
468.479105	1.000779
468.850477	1.001919
469.221790	1.001761
469.593043	1.001518
469.964238	1.002434
470.335373	1.000769
470.706449	1.001211
471.077467	1.002138
471.448425	1.001503
471.819324	1.002198
472.190164	1.001453
472.560945	1.001432
472.931667	1.001234
473.302330	1.000788
473.672934	1.001755
474.043479	1.001255
474.413965	1.000957
474.784393	1.001629
475.154761	1.001720
475.525070	1.000309
475.895321	1.001712
476.265513	1.001368
476.635645	1.001686
477.005719	1.001943
477.375734	1.001455
477.745691	1.001582
478.115588	1.000733
478.485427	1.001522
478.855207	1.001653
479.224928	1.000853
479.594591	1.001179
479.964194	1.002331
480.333739	1.001403
480.703226	1.002238
481.072653	1.002300
481.442022	1.002087
481.811333	1.001402
482.180584	1.002577
482.549777	1.001613
482.918912	1.001861
483.287988	1.002066
483.657005	1.001469
484.025964	1.002020
484.394864	1.002409
484.763706	1.001564
485.132489	1.001985
485.501213	1.001676
485.869879	1.001324
486.238487	1.002141
486.607036	1.001969
486.975527	1.000856
487.343959	1.000905
487.712333	1.001334
488.080648	1.001299
488.448905	1.001693
488.817104	1.001647
489.185244	1.001517
489.553326	1.002007
489.921350	1.001149
490.289315	1.001256
490.657222	1.001693
491.025070	1.001687
491.392861	1.001918
491.760593	1.001728
492.128267	1.001230
492.495883	1.001559
492.863440	1.001765
493.230939	1.001465
493.598380	1.001249
493.965763	1.001221
494.333088	1.001818
494.700354	1.000714
495.067563	1.001652
495.434713	1.001576
495.801805	1.001824
496.168839	1.001508
496.535815	1.001010
496.902733	1.000977
497.269593	1.001178
497.636395	1.001808
498.003139	1.001300
498.369825	1.002285
498.736453	1.001506
499.103023	1.000946
499.469535	1.000689
499.835989	1.001459
500.202385	1.001529
500.568723	1.001542
500.935003	1.002169
501.301226	1.002299
501.667390	1.001393
502.033497	1.001873
502.399546	1.002125
502.765537	1.001581
503.131470	1.001208
503.497345	1.001301
503.863163	1.002279
504.228923	1.001629
504.594625	1.001432
504.960269	1.001582
505.325856	1.001599
505.691385	1.001129
506.056856	1.000948
506.422270	1.002073
506.787625	1.001516
507.152924	1.001608
507.518164	1.000998
507.883347	1.001732
508.248472	1.000998
508.613540	1.001384
508.978550	1.001629
509.343503	1.000738
509.708398	1.002055
510.073236	1.001668
510.438016	1.001147
510.802738	1.000858
511.167403	1.001355
511.532010	1.001959
511.896561	1.001326
512.261053	1.002630
512.625488	1.001908
512.989866	1.001763
513.354186	1.001319
513.718449	1.001373
514.082655	1.001111
514.446803	1.001341
514.810894	1.001514
515.174927	1.001761
515.538904	1.000942
515.902822	1.001646
516.266684	1.002232
516.630488	1.002400
516.994235	1.000903
517.357925	1.001245
517.721558	1.002005
518.085133	1.000773
518.448651	1.002309
518.812112	1.001364
519.175516	1.001230
519.538863	1.001691
519.902152	1.001463
520.265385	1.001235
520.628560	1.001395
520.991678	1.001816
521.354739	1.002027
521.717743	1.001309
522.080690	1.001985
522.443580	1.000972
522.806413	1.001398
523.169189	1.000913
523.531908	1.000757
523.894569	1.001212
524.257174	1.001251
524.619722	1.002080
524.982213	1.001178
525.344647	1.002014
525.707025	1.000978
526.069345	1.000879
526.431608	1.001296
526.793815	1.001690
527.155964	1.001488
527.518057	1.001555
527.880093	1.001688
528.242072	1.001651
528.603995	1.000993
528.965860	1.002427
529.327669	1.000872
529.689421	1.000526
530.051117	1.001447
530.412755	1.001074
530.774337	1.001853
531.135862	1.001489
531.497331	1.001097
531.858743	1.001479
532.220098	1.001382
532.581396	1.001407
532.942638	1.001267
533.303824	1.000959
533.664953	1.001350
534.026025	1.001448
534.387040	1.000517
534.747999	1.001303
535.108902	1.001596
535.469748	1.000248
535.830537	1.000750
536.191270	1.000676
536.551947	1.001303
536.912567	1.001099
537.273131	1.001868
537.633638	1.000523
537.994089	1.001346
538.354483	1.000813
538.714821	1.000956
539.075103	1.000963
539.435328	1.000238
539.795497	1.001367
540.155609	1.000800
540.515665	1.000846
540.875665	1.001131
541.235609	1.001000
541.595496	1.000850
541.955328	1.000257
542.315102	0.999994
542.674821	1.001219
543.034483	1.000462
543.394090	1.000539
543.753640	1.000361
544.113134	1.000680
544.472571	1.000718
544.831953	1.000645
545.191278	1.000336
545.550548	1.001275
545.909761	1.000199
546.268918	1.000409
546.628019	1.000905
546.987064	1.000308
547.346053	1.000887
547.704986	1.001069
548.063863	1.000725
548.422684	1.000904
548.781449	1.001338
549.140158	1.000128
549.498811	1.001268
549.857408	1.000558
550.215949	1.000989
550.574434	1.000336
550.932864	1.000319
551.291237	1.000486
551.649555	1.000341
552.007817	1.000493
552.366022	0.999832
552.724173	1.001007
553.082267	1.000462
553.440305	0.999693
553.798288	1.000591
554.156215	0.999884
554.514086	1.001040
554.871902	1.000407
555.229661	0.999866
555.587365	1.000968
555.945014	1.001373
556.302606	0.999829
556.660143	1.000545
557.017625	1.000323
557.375050	1.000618
557.732421	1.000185
558.089735	1.000991
558.446994	1.000644
558.804197	1.001263
559.161345	1.001422
559.518437	1.000582
559.875474	0.999261
560.232455	0.999819
560.589381	1.000689
560.946251	0.999216
561.303065	1.000315
561.659825	1.001042
562.016528	1.000371
562.373177	1.000599
562.729770	1.001061
563.086307	1.000468
563.442789	1.000952
563.799216	1.000284
564.155587	1.000220
564.511904	1.000256
564.868164	0.999703
565.224370	1.000599
565.580520	1.000467
565.936615	1.000534
566.292654	1.000007
566.648638	1.000300
567.004567	1.000555
567.360441	1.001201
567.716260	1.001566
568.072023	1.000248
568.427732	1.000551
568.783385	1.000815
569.138982	1.000685
569.494525	0.999870
569.850013	1.000331
570.205445	1.001077
570.560823	1.000854
570.916145	1.000118
571.271412	1.001095
571.626625	1.000371
571.981782	1.000008
572.336884	1.001570
572.691931	0.999905
573.046923	0.999629
573.401860	1.000677
573.756743	1.000522
574.111570	1.000165
574.466342	1.000785
574.821059	1.000243
575.175722	1.000698
575.530330	1.000495
575.884882	0.999665
576.239380	1.001232
576.593823	1.000560
576.948211	1.000793
577.302544	1.000751
577.656823	1.000531
578.011047	1.000576
578.365216	1.000769
578.719330	1.000470
579.073389	1.001080
579.427394	0.999745
579.781344	1.000405
580.135239	1.000596
580.489080	1.000728
580.842866	1.001000
581.196597	1.000129
581.550273	1.000457
581.903895	1.000639
582.257463	0.999662
582.610975	1.000300
582.964434	1.001006
583.317837	1.000950
583.671186	1.000279
584.024481	1.000386
584.377721	1.000506
584.730906	1.001015
585.084037	1.001077
585.437113	1.000544
585.790135	1.000176
586.143103	0.999837
586.496016	1.000845
586.848874	1.000362
587.201679	1.000085
587.554428	1.000002
587.907124	1.000206
588.259765	1.000653
588.612352	1.000543
588.964884	1.001200
589.317362	1.000059
589.669786	1.000615
590.022155	1.000698
590.374470	0.999865
590.726731	1.000431
591.078937	0.999884
591.431090	0.999969
591.783188	0.999961
592.135232	1.000421
592.487222	1.000497
592.839157	1.000437
593.191038	1.000364
593.542866	1.000686
593.894639	1.000836
594.246358	0.999977
594.598022	0.999857
594.949633	1.000537
595.301190	1.000093
595.652692	1.000670
596.004141	1.001413
596.355535	1.000455
596.706876	1.000443
597.058162	0.999816
597.409395	1.000212
597.760573	1.000484
598.111698	1.000360
598.462768	0.999604
598.813785	0.999899
599.164748	1.000438
599.515657	0.999980
599.866511	0.999952
600.217312	0.999985
600.568060	0.999342
600.918753	0.999649
601.269392	1.000009
601.619978	1.000019
601.970510	1.000195
602.320988	1.000176
602.671412	1.000002
603.021783	1.000032
603.372100	1.000762
603.722363	1.000489
604.072572	1.000081
604.422728	1.000625
604.772830	0.999443
605.122878	0.999166
605.472872	1.000039
605.822813	0.998859
606.172701	1.000550
606.522534	0.999718
606.872314	1.000328
607.222041	0.999697
607.571714	1.000003
607.921333	0.999191
608.270899	0.999989
608.620411	0.999218
608.969870	0.999841
609.319276	0.999428
609.668627	0.999382
610.017926	0.999093
610.367171	0.999432
610.716362	0.998655
611.065500	0.998754
611.414585	0.998794
611.763616	0.999528
612.112594	0.999130
612.461518	0.999450
612.810389	0.999126
613.159207	0.999366
613.507971	0.999458
613.856682	0.999691
614.205340	0.999340
614.553945	0.997978
614.902496	0.999190
615.250994	0.998372
615.599439	0.999256
615.947830	0.998894
616.296169	0.998879
616.644454	0.998369
616.992686	0.999211
617.340864	0.998682
617.688990	0.998628
618.037063	0.998911
618.385082	0.998627
618.733048	0.998305
619.080961	0.999014
619.428821	0.998761
619.776628	0.997829
620.124382	0.997950
620.472083	0.997910
620.819731	0.998234
621.167326	0.997826
621.514868	0.998274
621.862357	0.997757
622.209793	0.998876
622.557176	0.996468
622.904506	0.998242
623.251783	0.996881
623.599007	0.998225
623.946179	0.997617
624.293297	0.996823
624.640363	0.997536
624.987376	0.996127
625.334336	0.997951
625.681243	0.996918
626.028097	0.997737
626.374899	0.997155
626.721647	0.997482
627.068343	0.997833
627.414987	0.996069
627.761577	0.997234
628.108115	0.996891
628.454600	0.996939
628.801032	0.996310
629.147412	0.997127
629.493739	0.995968
629.840014	0.995909
630.186236	0.996067
630.532405	0.994758
630.878521	0.995014
631.224585	0.995332
631.570597	0.994675
631.916556	0.994425
632.262462	0.995482
632.608316	0.994405
632.954117	0.993776
633.299866	0.993541
633.645562	0.993273
633.991206	0.993453
634.336797	0.994911
634.682336	0.993307
635.027823	0.993902
635.373257	0.994350
635.718639	0.994057
636.063968	0.993044
636.409245	0.992943
636.754470	0.993312
637.099642	0.993516
637.444762	0.993016
637.789829	0.992423
638.134845	0.992008
638.479808	0.992757
638.824719	0.992148
639.169577	0.991228
639.514383	0.991063
639.859137	0.991252
640.203839	0.991329
640.548489	0.990399
640.893086	0.991620
641.237632	0.990147
641.582125	0.989524
641.926566	0.988465
642.270955	0.989575
642.615292	0.989429
642.959576	0.989250
643.303809	0.988577
643.647990	0.988012
643.992118	0.988353
644.336195	0.988592
644.680219	0.987545
645.024192	0.987555
645.368112	0.985829
645.711981	0.985798
646.055797	0.984658
646.399562	0.984851
646.743274	0.982003
647.086935	0.982574
647.430544	0.982081
647.774101	0.981981
648.117606	0.981984
648.461059	0.980337
648.804460	0.980501
649.147810	0.980767
649.491108	0.980587
649.834354	0.979628
650.177548	0.980432
650.520690	0.979707
650.863781	0.980085
651.206820	0.979348
651.549807	0.978944
651.892742	0.977674
652.235626	0.977197
652.578458	0.977118
652.921238	0.976959
653.263967	0.977316
653.606644	0.976701
653.949269	0.976042
654.291843	0.975387
654.634365	0.973752
654.976836	0.973103
655.319255	0.973755
655.661622	0.973645
656.003938	0.972062
656.346203	0.972470
656.688416	0.971188
657.030577	0.971579
657.372687	0.970644
657.714746	0.969474
658.056753	0.969474
658.398708	0.969117
658.740612	0.969033
659.082465	0.967703
659.424266	0.967192
659.766016	0.965807
660.107715	0.964545
660.449362	0.964178
660.790958	0.963724
661.132503	0.963387
661.473996	0.961991
661.815438	0.962150
662.156829	0.961704
662.498168	0.961266
662.839456	0.960190
663.180693	0.960641
663.521879	0.959587
663.863013	0.959442
664.204097	0.956545
664.545129	0.956768
664.886110	0.955414
665.227040	0.953173
665.567918	0.953463
665.908746	0.952585
666.249522	0.952142
666.590248	0.951522
666.930922	0.951199
667.271545	0.949608
667.612118	0.949109
667.952639	0.949116
668.293109	0.947268
668.633528	0.946709
668.973896	0.947221
669.314213	0.945898
669.654480	0.943543
669.994695	0.945121
670.334859	0.944956
670.674973	0.941565
671.015035	0.943071
671.355047	0.940060
671.695008	0.939493
672.034918	0.939818
672.374777	0.938896
672.714585	0.938050
673.054342	0.936887
673.394049	0.936440
673.733705	0.934495
674.073310	0.932987
674.412864	0.934896
674.752368	0.932688
675.091820	0.932955
675.431223	0.932181
675.770574	0.931146
676.109875	0.930421
676.449125	0.930076
676.788324	0.929582
677.127473	0.930403
677.466571	0.929215
677.805619	0.927752
678.144616	0.926466
678.483562	0.925782
678.822458	0.926589
679.161303	0.925690
679.500098	0.924483
679.838842	0.924697
680.177535	0.922973
680.516179	0.922299
680.854771	0.920920
681.193314	0.918741
681.531805	0.916315
681.870247	0.911606
682.208638	0.909040
682.546978	0.908282
682.885268	0.908544
683.223508	0.907644
683.561697	0.907425
683.899836	0.908176
684.237925	0.907526
684.575963	0.906283
684.913951	0.906793
685.251889	0.903467
685.589776	0.904018
685.927614	0.903646
686.265401	0.900388
686.603137	0.899918
686.940824	0.896678
687.278460	0.895471
687.616046	0.893710
687.953582	0.891419
688.291068	0.892075
688.628504	0.888284
688.965889	0.887672
689.303224	0.888936
689.640510	0.887780
689.977745	0.888096
690.314930	0.889481
690.652065	0.889125
690.989150	0.891851
691.326185	0.890885
691.663170	0.889958
692.000105	0.891878
692.336990	0.893516
692.673825	0.892003
693.010610	0.893119
693.347345	0.894529
693.684030	0.891387
694.020665	0.893273
694.357251	0.895159
694.693786	0.893842
695.030272	0.894758
695.366707	0.892897
695.703093	0.894053
696.039429	0.891895
696.375716	0.889555
696.711952	0.890093
697.048139	0.891487
697.384276	0.890293
697.720363	0.888492
698.056400	0.885834
698.392388	0.886803
698.728326	0.888976
699.064214	0.889829
699.400053	0.887867
699.735842	0.886781
700.071581	0.888044
700.407270	0.886796
700.742910	0.886972
701.078501	0.889285
701.414042	0.886255
701.749533	0.886045
702.084974	0.889301
702.420366	0.884995
702.755709	0.886609
703.091002	0.890193
703.426246	0.884134
703.761440	0.887596
704.096584	0.889759
704.431679	0.885268
704.766725	0.885312
705.101721	0.884410
705.436668	0.881691
705.771565	0.884774
706.106413	0.884738
706.441212	0.878854
706.775961	0.877600
707.110661	0.879907
707.445311	0.878249
707.779913	0.874418
708.114465	0.874789
708.448967	0.874158
708.783421	0.869093
709.117825	0.867436
709.452180	0.867092
709.786485	0.864122
710.120742	0.859983
710.454949	0.861418
710.789107	0.857785
711.123216	0.852846
711.457275	0.855170
711.791286	0.849267
712.125247	0.846339
712.459159	0.854200
712.793023	0.852252
713.126837	0.847013
713.460602	0.845592
713.794318	0.853157
714.127985	0.849557
714.461602	0.850018
714.795171	0.852884
715.128691	0.853906
715.462162	0.854401
715.795584	0.854553
716.128957	0.854763
716.462281	0.859302
716.795556	0.857853
717.128782	0.857417
717.461960	0.861932
717.795088	0.858324
718.128167	0.860620
718.461198	0.864371
718.794180	0.864123
719.127113	0.862389
719.459997	0.863483
719.792833	0.864863
720.125619	0.865940
720.458357	0.865243
720.791046	0.865390
721.123686	0.865501
721.456278	0.868853
721.788821	0.865627
722.121315	0.867019
722.453761	0.869755
722.786158	0.865635
723.118506	0.864252
723.450805	0.868829
723.783056	0.867209
724.115259	0.861987
724.447412	0.861505
724.779518	0.863604
725.111574	0.861504
725.443582	0.859711
725.775542	0.859308
726.107453	0.856193
726.439315	0.853720
726.771129	0.855048
727.102895	0.852214
727.434612	0.847392
727.766281	0.846247
728.097901	0.848648
728.429473	0.846630
728.760996	0.843119
729.092471	0.844067
729.423897	0.844180
729.755276	0.841843
730.086606	0.841569
730.417887	0.840591
730.749120	0.835652
731.080305	0.827336
731.411442	0.826844
731.742530	0.830487
732.073570	0.829151
732.404562	0.823006
732.735506	0.823364
733.066401	0.825656
733.397249	0.828886
733.728048	0.832813
734.058798	0.835034
734.389501	0.838564
734.720156	0.843726
735.050762	0.847295
735.381320	0.844120
735.711831	0.850850
736.042293	0.852495
736.372707	0.848088
736.703073	0.848991
737.033391	0.853020
737.363661	0.850599
737.693883	0.846520
738.024056	0.845519
738.354182	0.847171
738.684260	0.840583
739.014290	0.839035
739.344272	0.839073
739.674207	0.835636
740.004093	0.835469
740.333931	0.836025
740.663722	0.834956
740.993464	0.833914
741.323159	0.836117
741.652806	0.836756
741.982405	0.837872
742.311956	0.839662
742.641460	0.839976
742.970915	0.839073
743.300323	0.843264
743.629683	0.847522
743.958996	0.845316
744.288260	0.847441
744.617477	0.848615
744.946647	0.849832
745.275768	0.850137
745.604842	0.849350
745.933869	0.855941
746.262847	0.855281
746.591778	0.847824
746.920662	0.851843
747.249498	0.857510
747.578286	0.850566
747.907027	0.848341
748.235720	0.852099
748.564365	0.846538
748.892963	0.843739
749.221514	0.847011
749.550017	0.850850
749.878473	0.847126
750.206881	0.850948
750.535242	0.851740
750.863555	0.850366
751.191821	0.850547
751.520039	0.853813
751.848210	0.856485
752.176334	0.849892
752.504411	0.848385
752.832440	0.853347
753.160421	0.855885
753.488356	0.853766
753.816243	0.850574
754.144082	0.855807
754.471875	0.859216
754.799620	0.853534
755.127318	0.855071
755.454969	0.854839
755.782572	0.853133
756.110129	0.858614
756.437638	0.858216
756.765100	0.855103
757.092515	0.853608
757.419882	0.852593
757.747203	0.855980
758.074477	0.855307
758.401703	0.854253
758.728882	0.850416
759.056014	0.848411
759.383099	0.848787
759.710138	0.850464
760.037129	0.848158
760.364073	0.842542
760.690970	0.844183
761.017820	0.848719
761.344623	0.845110
761.671379	0.838156
761.998088	0.829481
762.324751	0.816574
762.651366	0.797252
762.977935	0.764133
763.304456	0.732495
763.630931	0.721060
763.957359	0.742627
764.283740	0.766101
764.610074	0.778155
764.936362	0.794000
765.262602	0.810840
765.588796	0.822167
765.914943	0.832766
766.241044	0.843480
766.567097	0.847926
766.893104	0.852008
767.219064	0.855960
767.544978	0.858965
767.870845	0.868805
768.196665	0.869847
768.522438	0.866555
768.848165	0.866363
769.173846	0.872711
769.499479	0.875625
769.825066	0.876868
770.150607	0.880381
770.476101	0.874372
770.801548	0.874874
771.126949	0.883005
771.452303	0.885658
771.777611	0.884074
772.102872	0.882729
772.428087	0.886203
772.753256	0.888139
773.078378	0.888195
773.403453	0.894916
773.728482	0.897646
774.053465	0.891706
774.378401	0.893855
774.703291	0.899671
775.028135	0.898962
775.352932	0.900317
775.677683	0.900771
776.002388	0.901079
776.327046	0.900429
776.651658	0.902663
776.976224	0.905083
777.300743	0.904641
777.625216	0.906175
777.949643	0.907045
778.274024	0.908125
778.598359	0.907676
778.922647	0.907625
779.246889	0.907290
779.571086	0.910170
779.895236	0.912721
780.219339	0.910028
780.543397	0.906981
780.867409	0.906423
781.191374	0.908092
781.515294	0.908057
781.839167	0.906532
782.162995	0.910191
782.486776	0.907052
782.810511	0.906431
783.134201	0.909200
783.457844	0.906543
783.781441	0.908468
784.104993	0.913319
784.428498	0.912793
784.751958	0.909221
785.075372	0.911354
785.398739	0.914075
785.722061	0.910700
786.045337	0.907060
786.368568	0.911476
786.691752	0.913416
787.014891	0.902390
787.337983	0.896621
787.661030	0.894474
787.984031	0.883332
788.306987	0.873423
788.629897	0.873977
788.952760	0.876040
789.275579	0.876765
789.598351	0.885988
789.921078	0.895823
790.243759	0.896176
790.566395	0.899011
790.888984	0.904621
791.211529	0.907099
791.534027	0.908602
791.856480	0.910534
792.178888	0.915406
792.501249	0.915952
792.823566	0.916743
793.145836	0.916481
793.468062	0.918340
793.790241	0.918595
794.112375	0.916195
794.434464	0.913044
794.756507	0.913548
795.078505	0.913996
795.400457	0.909978
795.722364	0.901318
796.044226	0.896764
796.366042	0.897315
796.687812	0.897739
797.009538	0.895638
797.331218	0.895816
797.652852	0.899304
797.974442	0.903060
798.295986	0.901640
798.617484	0.903524
798.938938	0.907014
799.260346	0.910864
799.581709	0.910947
799.903026	0.912374
800.224299	0.913249
800.545526	0.915983
800.866708	0.918713
801.187845	0.923186
801.508936	0.921484
801.829983	0.919979
802.150984	0.922285
802.471940	0.925337
802.792851	0.925336
803.113717	0.924494
803.434538	0.924244
803.755314	0.926316
804.076045	0.926452
804.396731	0.927681
804.717372	0.926450
805.037967	0.928162
805.358518	0.926290
805.679024	0.924593
805.999485	0.924071
806.319901	0.925550
806.640272	0.926211
806.960598	0.924597
807.280879	0.922769
807.601115	0.920655
807.921306	0.922831
808.241453	0.923635
808.561554	0.921520
808.881611	0.921746
809.201623	0.922719
809.521590	0.922578
809.841513	0.922802
810.161390	0.923001
810.481223	0.924030
810.801011	0.926541
811.120755	0.927338
811.440453	0.926754
811.760107	0.924152
812.079716	0.923474
812.399281	0.926329
812.718801	0.929815
813.038276	0.929731
813.357707	0.928178
813.677093	0.925553
813.996434	0.928909
814.315731	0.929966
814.634983	0.930855
814.954191	0.929101
815.273354	0.927265
815.592473	0.923503
815.911547	0.923570
816.230577	0.921297
816.549562	0.919690
816.868502	0.920514
817.187399	0.917063
817.506250	0.913913
817.825058	0.913836
818.143821	0.911133
818.462539	0.907358
818.781213	0.900443
819.099843	0.891755
819.418429	0.880149
819.736970	0.867719
820.055466	0.850649
820.373919	0.830573
820.692327	0.802447
821.010691	0.775961
821.329011	0.722336
821.647286	0.650955
821.965517	0.581490
822.283704	0.554817
822.601847	0.550512
822.919945	0.564977
823.237999	0.576266
823.556010	0.603782
823.873976	0.643551
824.191897	0.680089
824.509775	0.711505
824.827609	0.746730
825.145398	0.763788
825.463144	0.766197
825.780845	0.751341
826.098502	0.738900
826.416116	0.706941
826.733685	0.674948
827.051210	0.667756
827.368692	0.675708
827.686129	0.700895
828.003522	0.740781
828.320872	0.778544
828.638177	0.814034
828.955439	0.840040
829.272656	0.857081
829.589830	0.870617
829.906960	0.884121
830.224046	0.893064
830.541088	0.901138
830.858086	0.903755
831.175041	0.909372
831.491952	0.909259
831.808819	0.906054
832.125642	0.900149
832.442421	0.888320
832.759157	0.871614
833.075849	0.836329
833.392497	0.784414
833.709101	0.751092
834.025662	0.758751
834.342179	0.782908
834.658653	0.812760
834.975083	0.843327
835.291469	0.863005
835.607811	0.881599
835.924110	0.893937
836.240366	0.908445
836.556578	0.920465
836.872746	0.926221
837.188871	0.932433
837.504952	0.935258
837.820990	0.937075
838.136984	0.941130
838.452935	0.943813
838.768842	0.944865
839.084706	0.940794
839.400526	0.918802
839.716303	0.886847
840.032037	0.869853
840.347727	0.871363
840.663373	0.885758
840.978977	0.901540
841.294537	0.920902
841.610054	0.933823
841.925527	0.939927
842.240957	0.944848
842.556344	0.952804
842.871687	0.957278
843.186987	0.960943
843.502244	0.959694
843.817458	0.960945
844.132629	0.964903
844.447756	0.969100
844.762840	0.968454
845.077881	0.968134
845.392879	0.968257
845.707833	0.971097
846.022745	0.972594
846.337613	0.973315
846.652438	0.973234
846.967221	0.971523
847.281960	0.972180
847.596656	0.974523
847.911309	0.972398
848.225919	0.975104
848.540485	0.975509
848.855009	0.974877
849.169490	0.975064
849.483928	0.975345
849.798323	0.975987
850.112675	0.975755
850.426984	0.975642
850.741251	0.976589
851.055474	0.976467
851.369654	0.974694
851.683792	0.975881
851.997887	0.976260
852.311938	0.977874
852.625947	0.975660
852.939914	0.974531
853.253837	0.976399
853.567718	0.976756
853.881555	0.978454
854.195350	0.973122
854.509103	0.975557
854.822812	0.977659
855.136479	0.977308
855.450103	0.976210
855.763685	0.974381
856.077224	0.974664
856.390720	0.975861
856.704173	0.976822
857.017584	0.975389
857.330953	0.973552
857.644278	0.975558
857.957561	0.975503
858.270802	0.974346
858.584000	0.974275
858.897155	0.973204
859.210268	0.973432
859.523339	0.975153
859.836367	0.975924
860.149352	0.976547
860.462295	0.975821
860.775195	0.976101
861.088054	0.976018
861.400869	0.976136
861.713642	0.977582
862.026373	0.976469
862.339062	0.976892
862.651708	0.974191
862.964312	0.974556
863.276873	0.974836
863.589392	0.975686
863.901869	0.973878
864.214303	0.971961
864.526696	0.970402
864.839045	0.970636
865.151353	0.969804
865.463619	0.969368
865.775842	0.970211
866.088023	0.968865
866.400162	0.969657
866.712258	0.969061
867.024313	0.969892
867.336325	0.969432
867.648296	0.970316
867.960224	0.969231
868.272110	0.968660
868.583954	0.970737
868.895755	0.970459
869.207515	0.969560
869.519233	0.967243
869.830909	0.968592
870.142542	0.970482
870.454134	0.970213
870.765684	0.968977
871.077191	0.965325
871.388657	0.966333
871.700081	0.964779
872.011463	0.967031
872.322803	0.967359
872.634101	0.964956
872.945357	0.964926
873.256571	0.961490
873.567744	0.961597
873.878874	0.963581
874.189963	0.960572
874.501010	0.960430
874.812015	0.959011
875.122979	0.960509
875.433900	0.962516
875.744780	0.962293
876.055618	0.960442
876.366415	0.958774
876.677169	0.958377
876.987882	0.961231
877.298554	0.959659
877.609183	0.957602
877.919771	0.954512
878.230317	0.952770
878.540822	0.950982
878.851285	0.946576
879.161707	0.939373
879.472087	0.929078
879.782425	0.915683
880.092722	0.886191
880.402977	0.842667
880.713191	0.796624
881.023363	0.754947
881.333494	0.730725
881.643583	0.705652
881.953631	0.700753
882.263637	0.722369
882.573602	0.754463
882.883526	0.774183
883.193408	0.791347
883.503248	0.808496
883.813048	0.831248
884.122806	0.856658
884.432522	0.876714
884.742197	0.893102
885.051831	0.900635
885.361424	0.909369
885.670975	0.920209
885.980485	0.928838
886.289954	0.933365
886.599382	0.938258
886.908768	0.941790
887.218113	0.944877
887.527417	0.950105
887.836680	0.952682
888.145901	0.953670
888.455082	0.955528
888.764221	0.959596
889.073319	0.961852
889.382376	0.961607
889.691392	0.961637
890.000366	0.961191
890.309300	0.962384
890.618193	0.961854
890.927044	0.961008
891.235855	0.960145
891.544625	0.960406
891.853353	0.960921
892.162041	0.959264
892.470687	0.952673
892.779293	0.948733
893.087858	0.946313
893.396381	0.940096
893.704864	0.928049
894.013306	0.909414
894.321707	0.886113
894.630068	0.874259
894.938387	0.871031
895.246665	0.870494
895.554903	0.880914
895.863100	0.891754
896.171256	0.905380
896.479371	0.922263
896.787446	0.934565
897.095480	0.938004
897.403473	0.940081
897.711425	0.943147
898.019336	0.950867
898.327207	0.953915
898.635038	0.957123
898.942827	0.955311
899.250576	0.958029
899.558284	0.961770
899.865952	0.961813
900.173579	0.963366
900.481165	0.963109
900.788711	0.967426
901.096216	0.969241
901.403681	0.969004
901.711105	0.970321
902.018489	0.971318
902.325832	0.970274
902.633135	0.969502
902.940397	0.963671
903.247619	0.954348
903.554800	0.932489
903.861941	0.900967
904.169041	0.871842
904.476101	0.857319
904.783121	0.858031
905.090100	0.870840
905.397039	0.888326
905.703938	0.906839
906.010796	0.923281
906.317614	0.936605
906.624391	0.946909
906.931129	0.955828
907.237826	0.961809
907.544483	0.967758
907.851099	0.970518
908.157675	0.975335
908.464211	0.976411
908.770707	0.979394
909.077163	0.979800
909.383578	0.981471
909.689954	0.981567
909.996289	0.981680
910.302584	0.982916
910.608839	0.986090
910.915054	0.984658
911.221229	0.983210
911.527363	0.982343
911.833458	0.982033
912.139513	0.983683
912.445527	0.980931
912.751502	0.980872
913.057436	0.979141
913.363331	0.976727
913.669186	0.973246
913.975000	0.969647
914.280775	0.963976
914.586510	0.958933
914.892205	0.949047
915.197859	0.930931
915.503475	0.907079
915.809050	0.890668
916.114585	0.886699
916.420081	0.885699
916.725536	0.880904
917.030952	0.887956
917.336328	0.899525
917.641665	0.912059
917.946961	0.924160
918.252218	0.935556
918.557435	0.941482
918.862612	0.949154
919.167750	0.953620
919.472848	0.957110
919.777906	0.962384
920.082925	0.967353
920.387904	0.971112
920.692843	0.970935
920.997743	0.970528
921.302603	0.974643
921.607423	0.975640
921.912204	0.978074
922.216946	0.977828
922.521647	0.979065
922.826310	0.981158
923.130932	0.982615
923.435516	0.983511
923.740059	0.985327
924.044564	0.984039
924.349028	0.985471
924.653454	0.988969
924.957840	0.989762
925.262186	0.989495
925.566493	0.989102
925.870761	0.989916
926.174989	0.990728
926.479178	0.992397
926.783328	0.993074
927.087438	0.992556
927.391509	0.992269
927.695541	0.993246
927.999533	0.993270
928.303486	0.994161
928.607400	0.995097
928.911275	0.992486
929.215110	0.993405
929.518906	0.994103
929.822663	0.993315
930.126381	0.994630
930.430060	0.993927
930.733699	0.993423
931.037299	0.993219
931.340861	0.994841
931.644383	0.994382
931.947866	0.993521
932.251309	0.994522
932.554714	0.993992
932.858080	0.994017
933.161407	0.993975
933.464694	0.994800
933.767943	0.993960
934.071153	0.996523
934.374323	0.995092
934.677455	0.994114
934.980548	0.994915
935.283602	0.993598
935.586617	0.994210
935.889593	0.994257
936.192530	0.994196
936.495428	0.994727
936.798287	0.994950
937.101108	0.994253
937.403890	0.992546
937.706632	0.992628
938.009336	0.991028
938.312002	0.990067
938.614628	0.988368
938.917216	0.988209
939.219765	0.987559
939.522275	0.988095
939.824747	0.987890
940.127179	0.987264
940.429573	0.988888
940.731929	0.987787
941.034246	0.989065
941.336524	0.988796
941.638763	0.990607
941.940964	0.990516
942.243126	0.990325
942.545250	0.991443
942.847335	0.991633
943.149381	0.992591
943.451389	0.992095
943.753359	0.992472
944.055290	0.995054
944.357182	0.993305
944.659036	0.991363
944.960851	0.992795
945.262628	0.992731
945.564367	0.993579
945.866067	0.993717
946.167729	0.994350
946.469352	0.993647
946.770937	0.992363
947.072484	0.994960
947.373992	0.995146
947.675462	0.994492
947.976893	0.993987
948.278286	0.994119
948.579641	0.995235
948.880958	0.994278
949.182236	0.994519
949.483476	0.994578
949.784678	0.993069
950.085841	0.995202
950.386967	0.993850
950.688054	0.995412
950.989103	0.994987
951.290114	0.993234
951.591087	0.993450
951.892021	0.993294
952.192917	0.992097
952.493776	0.990723
952.794596	0.991374
953.095378	0.990668
953.396122	0.991359
953.696828	0.989711
953.997496	0.993506
954.298126	0.994402
954.598718	0.994353
954.899272	0.994962
955.199788	0.993861
955.500266	0.994678
955.800706	0.996934
956.101108	0.996187
956.401472	0.996162
956.701798	0.996588
957.002087	0.996397
957.302337	0.995330
957.602550	0.997392
957.902724	0.997158
958.202861	0.997700
958.502960	0.997508
958.803022	0.997459
959.103045	0.998869
959.403031	0.998755
959.702979	0.998236
960.002889	0.998745
960.302762	0.996456
960.602596	0.998219
960.902393	0.998186
961.202153	0.998867
961.501875	0.998943
961.801559	0.996964
962.101205	0.998359
962.400814	0.998255
962.700385	0.998250
962.999918	0.998748
963.299414	0.999619
963.598873	0.998803
963.898293	0.997953
964.197677	0.998597
964.497022	0.998396
964.796331	0.999816
965.095601	0.998371
965.394835	0.998375
965.694030	0.998822
965.993189	1.000307
966.292309	0.997932
966.591393	1.000349
966.890439	0.999370
967.189447	0.997964
967.488419	0.998713
967.787353	0.998421
968.086249	0.998742
968.385108	0.999403
968.683930	0.999244
968.982714	0.998841
969.281462	0.999520
969.580172	0.997531
969.878844	0.998282
970.177480	0.998894
970.476078	0.999180
970.774639	0.998776
971.073162	0.999361
971.371649	0.998091
971.670098	0.998469
971.968510	0.999902
972.266885	0.997242
972.565223	0.998759
972.863524	0.998631
973.161788	0.998339
973.460014	0.999910
973.758204	0.998272
974.056356	0.997701
974.354471	0.996784
974.652550	0.998197
974.950591	0.997621
975.248595	0.999164
975.546563	0.999758
975.844493	0.999336
976.142386	0.997682
976.440243	0.998742
976.738062	0.999218
977.035845	1.000534
977.333590	0.999605
977.631299	0.997811
977.928971	0.998261
978.226606	0.998213
978.524204	0.997118
978.821765	0.999653
979.119290	0.998704
979.416777	0.998258
979.714228	0.998888
980.011642	0.997384
980.309020	0.999505
980.606360	0.999255
980.903664	1.000179
981.200931	0.998014
981.498162	0.996574
981.795356	0.996851
982.092513	0.996045
982.389633	0.996842
982.686717	0.993817
982.983764	0.994620
983.280775	0.994274
983.577749	0.993566
983.874686	0.994637
984.171587	0.994407
984.468451	0.996577
984.765279	0.996950
985.062070	0.996269
985.358824	0.997792
985.655543	0.996498
985.952224	0.998076
986.248869	0.998836
986.545478	0.999098
986.842050	0.999207
987.138586	0.997691
987.435086	0.998664
987.731549	1.001501
988.027975	0.998784
988.324366	0.999637
988.620719	0.998162
988.917037	0.997278
989.213318	0.998907
989.509563	0.999974
989.805772	1.000052
990.101944	1.000599
990.398080	0.999114
990.694180	0.999106
990.990244	0.998934
991.286271	0.998744
991.582262	0.999016
991.878217	0.999627
992.174136	1.000043
992.470019	1.000728
992.765865	0.999308
993.061676	0.999930
993.357450	0.998611
993.653188	0.999702
993.948890	0.999144
994.244556	0.999602
994.540186	0.998416
994.835780	0.996600
995.131337	0.998204
995.426859	0.997821
995.722345	0.999639
996.017795	0.998233
996.313208	0.997951
996.608586	0.997030
996.903928	0.997964
997.199234	0.998476
997.494504	0.997797
997.789738	0.997649
998.084936	0.996843
998.380099	0.998405
998.675225	0.998969
998.970316	0.999481
999.265371	0.999122
999.560390	0.998958
999.855373	0.999049
1000.150320	0.999208
1000.445232	0.999269
1000.740108	0.999594
1001.034948	0.999210
1001.329752	0.999492
1001.624521	0.999577
1001.919254	1.000195
1002.213951	0.999542
1002.508613	0.999308
1002.803239	1.000483
1003.097829	0.999559
1003.392384	0.999836
1003.686903	0.998858
1003.981386	0.998415
1004.275834	1.000316
1004.570246	0.999685
1004.864623	1.000457
1005.158964	1.000163
1005.453270	0.999568
1005.747540	0.998391
1006.041775	0.998957
1006.335974	0.999781
1006.630138	0.999951
1006.924266	1.000370
1007.218359	1.001313
1007.512416	1.000118
1007.806438	0.998913
1008.100425	1.000344
1008.394376	0.999537
1008.688292	0.997885
1008.982172	1.001389
1009.276017	0.999804
1009.569827	0.998552
1009.863602	0.998573
1010.157341	1.001500
1010.451045	1.000071
1010.744714	1.000686
1011.038347	1.000686
1011.331945	1.000047
1011.625508	0.998170
1011.919036	1.000412
1012.212528	0.999430
1012.505986	0.999167
1012.799408	0.999774
1013.092795	1.000045
1013.386147	0.999543
1013.679464	1.000585
1013.972745	0.998690
1014.265992	0.997876
1014.559204	0.999330
1014.852380	0.999027
1015.145521	0.999409
1015.438628	0.999675
1015.731699	0.999951
1016.024736	0.999505
1016.317737	0.999843
1016.610703	0.999722
1016.903635	1.000378
1017.196531	0.999173
1017.489393	1.000831
1017.782219	0.999898
1018.075011	0.999649
1018.367768	1.000101
1018.660490	1.000274
1018.953177	1.000274
1019.245829	1.000274
