Dividing Wavelength (nm)	Counts (n)	Blue Motor Position (mm): 0.000000	Red Motor Position (mm): 2.600000	
326.493990	1.001498
326.888308	1.001498
327.282561	1.001498
327.676750	1.001326
328.070874	1.000096
328.464933	1.000806
328.858929	1.001307
329.252859	1.000738
329.646726	1.000879
330.040528	1.000498
330.434265	0.999551
330.827938	1.001462
331.221547	1.000426
331.615091	0.999876
332.008571	1.000774
332.401986	1.000492
332.795338	1.000912
333.188625	0.998563
333.581847	1.001527
333.975006	1.000184
334.368100	1.001067
334.761129	1.000470
335.154095	1.001552
335.546996	0.998313
335.939833	0.995487
336.332606	0.993648
336.725315	0.995053
337.117960	0.994941
337.510540	0.994087
337.903056	0.993796
338.295508	0.993104
338.687896	0.994859
339.080220	0.994528
339.472480	0.994215
339.864676	0.994825
340.256807	0.994503
340.648875	0.995589
341.040879	0.994560
341.432818	0.995086
341.824694	0.994059
342.216506	0.994826
342.608253	0.994519
342.999937	0.993250
343.391557	0.994103
343.783113	0.993889
344.174605	0.994235
344.566033	0.995141
344.957397	0.993620
345.348697	0.993862
345.739934	0.993962
346.131106	0.994201
346.522215	0.992958
346.913260	0.993090
347.304241	0.993528
347.695159	0.993816
348.086012	0.992114
348.476802	0.993840
348.867528	0.992912
349.258191	0.992128
349.648789	0.994587
350.039324	0.993515
350.429796	0.994332
350.820203	0.994175
351.210548	0.994151
351.600828	0.993546
351.991045	0.994513
352.381198	0.993068
352.771288	0.993573
353.161314	0.994213
353.551276	0.994571
353.941175	0.994019
354.331010	0.992400
354.720782	0.993682
355.110490	0.991775
355.500135	0.993235
355.889717	0.993114
356.279235	0.992867
356.668689	0.993420
357.058080	0.992560
357.447408	0.992798
357.836672	0.993002
358.225873	0.992862
358.615010	0.995079
359.004084	0.994045
359.393095	0.993287
359.782043	0.992740
360.170927	0.994175
360.559748	0.993730
360.948505	0.991872
361.337199	0.993156
361.725830	0.993157
362.114398	0.991759
362.502903	0.992629
362.891344	0.993716
363.279722	0.992365
363.668037	0.992428
364.056289	0.991815
364.444478	0.992570
364.832603	0.992720
365.220665	0.990732
365.608665	0.991969
365.996601	0.991692
366.384474	0.992165
366.772284	0.991258
367.160031	0.988471
367.547715	0.989788
367.935336	0.989618
368.322893	0.987291
368.710388	0.986390
369.097820	0.984481
369.485189	0.984292
369.872495	0.979942
370.259738	0.978203
370.646918	0.977230
371.034035	0.973845
371.421090	0.969867
371.808081	0.965155
372.195010	0.963689
372.581875	0.957641
372.968678	0.953080
373.355418	0.948827
373.742096	0.943163
374.128710	0.938921
374.515262	0.932838
374.901751	0.926800
375.288177	0.923420
375.674540	0.916514
376.060841	0.909745
376.447079	0.903606
376.833254	0.896644
377.219367	0.891666
377.605417	0.880510
377.991404	0.876513
378.377329	0.869943
378.763191	0.865724
379.148991	0.855628
379.534727	0.847720
379.920402	0.840980
380.306013	0.836713
380.691563	0.823611
381.077049	0.817197
381.462474	0.812509
381.847835	0.802748
382.233134	0.796383
382.618371	0.797661
383.003545	0.780915
383.388657	0.778985
383.773706	0.771525
384.158693	0.767128
384.543618	0.760868
384.928480	0.753407
385.313280	0.743148
385.698017	0.744028
386.082692	0.732611
386.467305	0.730518
386.851856	0.723992
387.236344	0.718546
387.620770	0.713338
388.005133	0.707784
388.389435	0.703648
388.773674	0.700580
389.157851	0.691439
389.541965	0.689804
389.926018	0.696187
390.310008	0.683205
390.693936	0.678976
391.077802	0.671850
391.461606	0.673758
391.845348	0.662811
392.229027	0.663100
392.612645	0.661378
392.996200	0.648276
393.379694	0.641058
393.763125	0.631434
394.146494	0.635876
394.529801	0.625678
394.913047	0.619413
395.296230	0.624638
395.679351	0.615514
396.062410	0.612222
396.445408	0.615097
396.828343	0.610077
397.211217	0.606000
397.594028	0.618405
397.976778	0.607598
398.359466	0.604294
398.742092	0.599956
399.124656	0.612154
399.507158	0.600603
399.889598	0.596431
400.271977	0.588692
400.654294	0.592949
401.036549	0.591073
401.418742	0.595887
401.800874	0.581383
402.182944	0.578237
402.564952	0.570216
402.946898	0.571828
403.328783	0.572562
403.710606	0.583597
404.092367	0.559218
404.474067	0.564099
404.855705	0.562502
405.237282	0.572269
405.618797	0.557774
406.000250	0.553598
406.381642	0.544594
406.762972	0.548990
407.144240	0.547517
407.525447	0.547979
407.906593	0.540646
408.287677	0.535850
408.668700	0.544191
409.049661	0.538018
409.430560	0.533528
409.811399	0.542650
410.192176	0.523691
410.572891	0.530765
410.953545	0.519191
411.334138	0.532460
411.714669	0.524792
412.095139	0.536665
412.475547	0.521408
412.855894	0.522684
413.236180	0.522389
413.616405	0.527228
413.996568	0.518347
414.376670	0.523845
414.756711	0.529254
415.136691	0.525510
415.516609	0.517170
415.896466	0.513517
416.276262	0.509517
416.655997	0.511369
417.035670	0.492870
417.415283	0.484652
417.794834	0.489373
418.174324	0.494845
418.553753	0.504282
418.933121	0.486101
419.312428	0.479741
419.691674	0.484915
420.070859	0.474243
420.449983	0.481970
420.829045	0.471478
421.208047	0.480671
421.586988	0.474181
421.965867	0.472576
422.344686	0.461655
422.723444	0.473893
423.102141	0.490574
423.480777	0.463992
423.859352	0.484123
424.237866	0.461219
424.616319	0.462282
424.994712	0.452990
425.373044	0.463713
425.751314	0.451507
426.129524	0.467690
426.507673	0.451420
426.885762	0.445165
427.263789	0.451272
427.641756	0.460038
428.019662	0.450506
428.397508	0.449709
428.775292	0.454252
429.153016	0.446184
429.530679	0.452516
429.908282	0.445905
430.285824	0.455223
430.663305	0.434312
431.040726	0.455496
431.418086	0.455262
431.795385	0.447308
432.172624	0.444868
432.549802	0.446638
432.926920	0.445488
433.303977	0.444599
433.680974	0.442035
434.057910	0.440290
434.434786	0.439745
434.811601	0.442193
435.188355	0.424215
435.565050	0.433959
435.941683	0.435459
436.318257	0.419897
436.694770	0.419953
437.071222	0.418648
437.447614	0.422365
437.823946	0.429073
438.200218	0.418480
438.576429	0.428465
438.952580	0.421668
439.328670	0.418611
439.704700	0.425206
440.080670	0.425886
440.456580	0.407005
440.832429	0.414623
441.208218	0.426304
441.583947	0.415171
441.959616	0.414846
442.335224	0.419812
442.710773	0.410875
443.086261	0.408803
443.461689	0.422306
443.837057	0.412074
444.212365	0.402092
444.587612	0.409566
444.962800	0.399282
445.337927	0.400911
445.712995	0.426964
446.088002	0.389297
446.462949	0.399936
446.837837	0.403945
447.212664	0.393438
447.587431	0.385003
447.962139	0.355613
448.336786	0.314477
448.711374	0.324757
449.085901	0.368786
449.460369	0.373323
449.834776	0.376683
450.209124	0.356425
450.583412	0.348514
450.957640	0.341893
451.331808	0.352913
451.705917	0.376626
452.079965	0.380710
452.453954	0.369258
452.827883	0.375547
453.201752	0.370703
453.575562	0.382462
453.949311	0.370926
454.323001	0.376540
454.696632	0.372571
455.070202	0.365562
455.443713	0.357144
455.817164	0.351904
456.190556	0.347906
456.563888	0.344359
456.937160	0.341868
457.310373	0.359331
457.683526	0.358329
458.056619	0.364087
458.429653	0.364623
458.802628	0.367834
459.175542	0.361748
459.548398	0.344896
459.921194	0.337039
460.293930	0.337175
460.666607	0.314388
461.039224	0.302803
461.411782	0.298778
461.784280	0.298319
462.156719	0.302279
462.529099	0.306612
462.901419	0.322473
463.273680	0.327178
463.645882	0.326631
464.018024	0.332364
464.390106	0.325109
464.762130	0.310087
465.134094	0.292790
465.505999	0.262145
465.877845	0.232797
466.249631	0.219470
466.621358	0.227086
466.993026	0.240941
467.364634	0.246817
467.736184	0.256019
468.107674	0.264421
468.479105	0.263321
468.850477	0.270367
469.221790	0.277093
469.593043	0.287396
469.964238	0.292342
470.335373	0.291724
470.706449	0.289487
471.077467	0.290526
471.448425	0.252722
471.819324	0.227898
472.190164	0.227377
472.560945	0.256507
472.931667	0.278618
473.302330	0.282622
473.672934	0.294606
474.043479	0.282643
474.413965	0.284586
474.784393	0.287995
475.154761	0.283185
475.525070	0.280098
475.895321	0.285894
476.265513	0.280570
476.635645	0.275086
477.005719	0.275422
477.375734	0.271985
477.745691	0.265176
478.115588	0.261768
478.485427	0.255224
478.855207	0.242132
479.224928	0.224682
479.594591	0.213060
479.964194	0.216321
480.333739	0.217303
480.703226	0.218993
481.072653	0.217440
481.442022	0.213092
481.811333	0.209476
482.180584	0.212924
482.549777	0.218180
482.918912	0.221976
483.287988	0.221338
483.657005	0.221057
484.025964	0.227585
484.394864	0.224885
484.763706	0.225228
485.132489	0.230361
485.501213	0.231144
485.869879	0.229555
486.238487	0.232815
486.607036	0.230430
486.975527	0.235340
487.343959	0.230892
487.712333	0.229965
488.080648	0.231597
488.448905	0.230696
488.817104	0.232287
489.185244	0.226455
489.553326	0.223495
489.921350	0.213415
490.289315	0.195650
490.657222	0.190756
491.025070	0.192047
491.392861	0.194189
491.760593	0.199917
492.128267	0.205500
492.495883	0.210854
492.863440	0.217079
493.230939	0.223316
493.598380	0.224800
493.965763	0.227209
494.333088	0.229484
494.700354	0.230699
495.067563	0.229617
495.434713	0.232954
495.801805	0.231055
496.168839	0.232545
496.535815	0.234015
496.902733	0.233842
497.269593	0.235380
497.636395	0.233108
498.003139	0.233879
498.369825	0.236326
498.736453	0.232812
499.103023	0.234430
499.469535	0.233805
499.835989	0.233979
500.202385	0.234967
500.568723	0.238259
500.935003	0.233470
501.301226	0.238093
501.667390	0.232100
502.033497	0.230033
502.399546	0.233161
502.765537	0.234735
503.131470	0.233242
503.497345	0.229780
503.863163	0.238345
504.228923	0.231076
504.594625	0.230066
504.960269	0.235439
505.325856	0.230573
505.691385	0.234914
506.056856	0.231721
506.422270	0.231169
506.787625	0.233627
507.152924	0.231119
507.518164	0.231485
507.883347	0.233176
508.248472	0.234870
508.613540	0.230146
508.978550	0.232617
509.343503	0.233063
509.708398	0.230481
510.073236	0.228145
510.438016	0.228280
510.802738	0.229203
511.167403	0.227909
511.532010	0.230164
511.896561	0.225262
512.261053	0.224321
512.625488	0.226180
512.989866	0.226598
513.354186	0.226912
513.718449	0.228949
514.082655	0.225146
514.446803	0.227365
514.810894	0.225018
515.174927	0.227746
515.538904	0.227265
515.902822	0.224233
516.266684	0.226534
516.630488	0.227367
516.994235	0.226532
517.357925	0.225358
517.721558	0.223452
518.085133	0.222859
518.448651	0.223163
518.812112	0.225271
519.175516	0.224544
519.538863	0.222674
519.902152	0.223996
520.265385	0.220974
520.628560	0.222715
520.991678	0.223247
521.354739	0.221998
521.717743	0.223333
522.080690	0.223807
522.443580	0.220857
522.806413	0.221911
523.169189	0.221153
523.531908	0.220026
523.894569	0.223650
524.257174	0.223670
524.619722	0.221627
524.982213	0.222552
525.344647	0.221441
525.707025	0.222381
526.069345	0.220388
526.431608	0.222337
526.793815	0.220210
527.155964	0.224237
527.518057	0.222843
527.880093	0.224406
528.242072	0.222585
528.603995	0.224599
528.965860	0.226107
529.327669	0.225343
529.689421	0.225860
530.051117	0.226978
530.412755	0.224436
530.774337	0.226887
531.135862	0.227349
531.497331	0.226555
531.858743	0.229357
532.220098	0.226207
532.581396	0.228817
532.942638	0.229106
533.303824	0.229985
533.664953	0.229970
534.026025	0.231711
534.387040	0.229700
534.747999	0.229744
535.108902	0.228632
535.469748	0.233433
535.830537	0.231409
536.191270	0.231645
536.551947	0.231384
536.912567	0.231109
537.273131	0.233064
537.633638	0.233077
537.994089	0.233422
538.354483	0.234832
538.714821	0.231445
539.075103	0.231284
539.435328	0.232255
539.795497	0.235776
540.155609	0.232689
540.515665	0.230295
540.875665	0.236544
541.235609	0.234809
541.595496	0.234810
541.955328	0.231318
542.315102	0.234215
542.674821	0.235025
543.034483	0.234935
543.394090	0.234800
543.753640	0.236971
544.113134	0.231629
544.472571	0.235070
544.831953	0.231733
545.191278	0.236244
545.550548	0.235464
545.909761	0.232076
546.268918	0.233111
546.628019	0.231160
546.987064	0.234031
547.346053	0.235789
547.704986	0.233753
548.063863	0.234037
548.422684	0.234085
548.781449	0.236165
549.140158	0.233763
549.498811	0.236679
549.857408	0.239836
550.215949	0.234317
550.574434	0.237529
550.932864	0.235532
551.291237	0.234157
551.649555	0.235654
552.007817	0.235184
552.366022	0.236114
552.724173	0.236291
553.082267	0.236200
553.440305	0.233440
553.798288	0.237725
554.156215	0.234406
554.514086	0.234861
554.871902	0.238199
555.229661	0.237486
555.587365	0.237964
555.945014	0.240533
556.302606	0.237338
556.660143	0.239820
557.017625	0.236550
557.375050	0.238833
557.732421	0.235806
558.089735	0.237711
558.446994	0.237958
558.804197	0.236880
559.161345	0.236887
559.518437	0.240653
559.875474	0.238326
560.232455	0.237554
560.589381	0.239020
560.946251	0.238975
561.303065	0.236431
561.659825	0.237877
562.016528	0.239257
562.373177	0.242192
562.729770	0.239550
563.086307	0.241641
563.442789	0.239290
563.799216	0.242117
564.155587	0.240992
564.511904	0.242021
564.868164	0.242255
565.224370	0.241930
565.580520	0.243951
565.936615	0.243584
566.292654	0.246429
566.648638	0.243675
567.004567	0.244339
567.360441	0.245219
567.716260	0.247015
568.072023	0.245128
568.427732	0.245546
568.783385	0.248240
569.138982	0.246293
569.494525	0.245838
569.850013	0.248973
570.205445	0.247348
570.560823	0.249746
570.916145	0.251324
571.271412	0.249961
571.626625	0.251268
571.981782	0.251851
572.336884	0.252826
572.691931	0.252439
573.046923	0.253582
573.401860	0.254802
573.756743	0.256653
574.111570	0.255466
574.466342	0.255968
574.821059	0.255222
575.175722	0.257775
575.530330	0.257557
575.884882	0.257772
576.239380	0.259973
576.593823	0.260590
576.948211	0.259889
577.302544	0.263539
577.656823	0.263126
578.011047	0.263016
578.365216	0.263212
578.719330	0.265549
579.073389	0.265478
579.427394	0.266597
579.781344	0.267502
580.135239	0.268840
580.489080	0.268599
580.842866	0.271480
581.196597	0.271568
581.550273	0.270189
581.903895	0.270962
582.257463	0.269272
582.610975	0.272373
582.964434	0.272098
583.317837	0.274594
583.671186	0.274748
584.024481	0.274934
584.377721	0.277219
584.730906	0.278240
585.084037	0.277258
585.437113	0.279446
585.790135	0.278456
586.143103	0.281513
586.496016	0.282515
586.848874	0.279905
587.201679	0.280413
587.554428	0.284169
587.907124	0.282622
588.259765	0.283456
588.612352	0.284331
588.964884	0.287805
589.317362	0.287274
589.669786	0.287084
590.022155	0.285892
590.374470	0.284883
590.726731	0.287198
591.078937	0.292239
591.431090	0.288256
591.783188	0.292483
592.135232	0.292932
592.487222	0.293089
592.839157	0.291385
593.191038	0.293576
593.542866	0.295263
593.894639	0.298880
594.246358	0.297030
594.598022	0.296346
594.949633	0.300225
595.301190	0.300696
595.652692	0.300137
596.004141	0.296562
596.355535	0.304134
596.706876	0.304470
597.058162	0.307056
597.409395	0.304291
597.760573	0.301962
598.111698	0.305190
598.462768	0.305865
598.813785	0.307042
599.164748	0.308077
599.515657	0.308552
599.866511	0.311887
600.217312	0.307242
600.568060	0.312727
600.918753	0.309168
601.269392	0.310098
601.619978	0.313387
601.970510	0.310656
602.320988	0.310823
602.671412	0.308443
603.021783	0.311006
603.372100	0.312261
603.722363	0.312064
604.072572	0.313234
604.422728	0.312759
604.772830	0.314888
605.122878	0.314648
605.472872	0.314937
605.822813	0.313404
606.172701	0.316314
606.522534	0.313590
606.872314	0.313492
607.222041	0.314152
607.571714	0.312598
607.921333	0.314080
608.270899	0.313863
608.620411	0.310628
608.969870	0.314112
609.319276	0.314456
609.668627	0.314468
610.017926	0.313014
610.367171	0.311438
610.716362	0.312276
611.065500	0.312476
611.414585	0.311106
611.763616	0.311769
612.112594	0.312038
612.461518	0.311583
612.810389	0.309028
613.159207	0.311759
613.507971	0.313274
613.856682	0.309214
614.205340	0.310883
614.553945	0.307411
614.902496	0.311240
615.250994	0.309562
615.599439	0.310273
615.947830	0.309610
616.296169	0.310586
616.644454	0.310265
616.992686	0.309895
617.340864	0.307991
617.688990	0.311846
618.037063	0.308218
618.385082	0.310129
618.733048	0.307344
619.080961	0.309023
619.428821	0.308615
619.776628	0.308067
620.124382	0.309950
620.472083	0.310776
620.819731	0.310302
621.167326	0.313916
621.514868	0.313425
621.862357	0.318097
622.209793	0.317174
622.557176	0.319678
622.904506	0.320392
623.251783	0.322658
623.599007	0.325336
623.946179	0.325181
624.293297	0.326779
624.640363	0.330489
624.987376	0.331297
625.334336	0.334026
625.681243	0.335829
626.028097	0.336526
626.374899	0.337610
626.721647	0.338207
627.068343	0.341005
627.414987	0.342248
627.761577	0.344606
628.108115	0.342520
628.454600	0.348051
628.801032	0.345046
629.147412	0.347040
629.493739	0.347348
629.840014	0.351317
630.186236	0.348036
630.532405	0.354150
630.878521	0.351151
631.224585	0.353194
631.570597	0.356952
631.916556	0.355585
632.262462	0.355614
632.608316	0.357730
632.954117	0.358084
633.299866	0.358870
633.645562	0.359511
633.991206	0.364189
634.336797	0.366946
634.682336	0.369365
635.027823	0.370915
635.373257	0.371804
635.718639	0.375310
636.063968	0.374350
636.409245	0.380159
636.754470	0.380603
637.099642	0.383035
637.444762	0.386165
637.789829	0.385557
638.134845	0.389026
638.479808	0.390042
638.824719	0.389733
639.169577	0.393787
639.514383	0.392578
639.859137	0.396566
640.203839	0.396735
640.548489	0.397120
640.893086	0.398636
641.237632	0.400265
641.582125	0.398893
641.926566	0.400088
642.270955	0.400538
642.615292	0.400998
642.959576	0.399838
643.303809	0.400310
643.647990	0.399876
643.992118	0.400669
644.336195	0.404009
644.680219	0.402016
645.024192	0.402852
645.368112	0.396443
645.711981	0.395662
646.055797	0.391300
646.399562	0.393106
646.743274	0.385709
647.086935	0.382309
647.430544	0.382885
647.774101	0.382139
648.117606	0.381676
648.461059	0.381844
648.804460	0.384631
649.147810	0.389740
649.491108	0.391828
649.834354	0.392829
650.177548	0.398057
650.520690	0.403741
650.863781	0.405034
651.206820	0.404133
651.549807	0.408756
651.892742	0.412583
652.235626	0.411900
652.578458	0.413314
652.921238	0.419546
653.263967	0.417121
653.606644	0.420889
653.949269	0.420744
654.291843	0.424377
654.634365	0.421475
654.976836	0.424645
655.319255	0.425128
655.661622	0.426262
656.003938	0.426772
656.346203	0.429199
656.688416	0.427383
657.030577	0.430331
657.372687	0.432875
657.714746	0.433718
658.056753	0.430358
658.398708	0.434105
658.740612	0.435358
659.082465	0.431888
659.424266	0.432144
659.766016	0.431519
660.107715	0.434393
660.449362	0.433528
660.790958	0.433780
661.132503	0.434248
661.473996	0.432089
661.815438	0.433056
662.156829	0.432890
662.498168	0.433407
662.839456	0.435640
663.180693	0.433296
663.521879	0.432726
663.863013	0.433686
664.204097	0.432685
664.545129	0.429075
664.886110	0.429792
665.227040	0.426755
665.567918	0.429495
665.908746	0.427844
666.249522	0.427006
666.590248	0.428285
666.930922	0.426750
667.271545	0.425213
667.612118	0.425205
667.952639	0.426680
668.293109	0.425793
668.633528	0.428846
668.973896	0.428574
669.314213	0.429102
669.654480	0.430705
669.994695	0.430711
670.334859	0.431765
670.674973	0.431778
671.015035	0.431848
671.355047	0.432012
671.695008	0.432887
672.034918	0.434857
672.374777	0.434277
672.714585	0.435423
673.054342	0.435380
673.394049	0.435302
673.733705	0.432772
674.073310	0.434004
674.412864	0.436824
674.752368	0.437760
675.091820	0.437568
675.431223	0.441909
675.770574	0.442194
676.109875	0.445552
676.449125	0.445173
676.788324	0.447615
677.127473	0.453105
677.466571	0.452828
677.805619	0.454366
678.144616	0.455021
678.483562	0.456983
678.822458	0.459499
679.161303	0.460941
679.500098	0.461278
679.838842	0.463177
680.177535	0.462526
680.516179	0.461040
680.854771	0.460043
681.193314	0.453275
681.531805	0.444551
681.870247	0.433007
682.208638	0.425180
682.546978	0.424225
682.885268	0.425954
683.223508	0.432432
683.561697	0.436342
683.899836	0.439048
684.237925	0.442626
684.575963	0.445039
684.913951	0.448100
685.251889	0.443724
685.589776	0.445407
685.927614	0.447540
686.265401	0.442361
686.603137	0.444143
686.940824	0.437468
687.278460	0.436172
687.616046	0.435319
687.953582	0.430267
688.291068	0.431659
688.628504	0.427169
688.965889	0.429204
689.303224	0.433504
689.640510	0.437569
689.977745	0.443143
690.314930	0.451169
690.652065	0.455464
690.989150	0.463160
691.326185	0.469467
691.663170	0.474297
692.000105	0.481895
692.336990	0.488833
692.673825	0.490928
693.010610	0.498277
693.347345	0.503750
693.684030	0.505108
694.020665	0.509920
694.357251	0.518733
694.693786	0.518052
695.030272	0.522816
695.366707	0.525855
695.703093	0.529356
696.039429	0.526689
696.375716	0.529056
696.711952	0.531680
697.048139	0.533588
697.384276	0.535667
697.720363	0.534586
698.056400	0.533151
698.392388	0.538555
698.728326	0.541269
699.064214	0.543804
699.400053	0.545232
699.735842	0.548818
700.071581	0.550891
700.407270	0.554427
700.742910	0.556650
701.078501	0.563188
701.414042	0.563854
701.749533	0.566661
702.084974	0.575944
702.420366	0.567972
702.755709	0.575677
703.091002	0.583045
703.426246	0.576773
703.761440	0.582450
704.096584	0.587455
704.431679	0.584587
704.766725	0.586969
705.101721	0.587949
705.436668	0.584869
705.771565	0.591539
706.106413	0.588492
706.441212	0.583708
706.775961	0.582199
707.110661	0.585007
707.445311	0.581476
707.779913	0.578519
708.114465	0.577243
708.448967	0.573787
708.783421	0.565683
709.117825	0.559989
709.452180	0.560952
709.786485	0.554085
710.120742	0.543506
710.454949	0.545756
710.789107	0.538096
711.123216	0.529274
711.457275	0.530672
711.791286	0.521106
712.125247	0.520701
712.459159	0.530941
712.793023	0.523792
713.126837	0.528140
713.460602	0.528649
713.794318	0.537527
714.127985	0.536278
714.461602	0.547278
714.795171	0.549801
715.128691	0.557809
715.462162	0.565111
715.795584	0.571033
716.128957	0.573920
716.462281	0.580649
716.795556	0.583871
717.128782	0.588596
717.461960	0.598971
717.795088	0.597060
718.128167	0.603328
718.461198	0.612284
718.794180	0.612262
719.127113	0.614901
719.459997	0.619136
719.792833	0.625954
720.125619	0.626056
720.458357	0.632009
720.791046	0.631847
721.123686	0.635972
721.456278	0.642373
721.788821	0.639402
722.121315	0.644030
722.453761	0.648062
722.786158	0.646522
723.118506	0.642896
723.450805	0.650285
723.783056	0.645748
724.115259	0.643432
724.447412	0.642937
724.779518	0.644594
725.111574	0.643361
725.443582	0.638800
725.775542	0.641252
726.107453	0.632610
726.439315	0.633145
726.771129	0.630785
727.102895	0.625170
727.434612	0.617817
727.766281	0.615492
728.097901	0.614828
728.429473	0.614238
728.760996	0.613863
729.092471	0.612212
729.423897	0.617083
729.755276	0.616177
730.086606	0.616303
730.417887	0.610859
730.749120	0.601538
731.080305	0.591947
731.411442	0.587905
731.742530	0.593146
732.073570	0.592551
732.404562	0.584151
732.735506	0.585354
733.066401	0.590591
733.397249	0.599380
733.728048	0.611135
734.058798	0.624251
734.389501	0.634216
734.720156	0.644720
735.050762	0.651566
735.381320	0.653581
735.711831	0.663301
736.042293	0.668200
736.372707	0.663169
736.703073	0.667669
737.033391	0.670070
737.363661	0.666945
737.693883	0.662167
738.024056	0.660699
738.354182	0.662123
738.684260	0.650678
739.014290	0.646682
739.344272	0.647849
739.674207	0.640363
740.004093	0.640402
740.333931	0.640794
740.663722	0.641242
740.993464	0.641638
741.323159	0.645002
741.652806	0.650240
741.982405	0.654918
742.311956	0.658754
742.641460	0.662675
742.970915	0.665650
743.300323	0.673367
743.629683	0.680044
743.958996	0.681729
744.288260	0.686847
744.617477	0.691989
744.946647	0.693535
745.275768	0.698659
745.604842	0.699240
745.933869	0.709359
746.262847	0.710051
746.591778	0.702750
746.920662	0.709809
747.249498	0.715714
747.578286	0.706859
747.907027	0.702869
748.235720	0.703173
748.564365	0.698269
748.892963	0.698306
749.221514	0.701217
749.550017	0.706279
749.878473	0.705553
750.206881	0.711865
750.535242	0.713679
750.863555	0.713055
751.191821	0.714418
751.520039	0.717561
751.848210	0.723630
752.176334	0.715855
752.504411	0.714332
752.832440	0.722370
753.160421	0.726639
753.488356	0.724495
753.816243	0.722495
754.144082	0.730655
754.471875	0.733730
754.799620	0.729281
755.127318	0.730627
755.454969	0.730703
755.782572	0.729214
756.110129	0.735166
756.437638	0.738073
756.765100	0.734596
757.092515	0.732150
757.419882	0.731098
757.747203	0.736832
758.074477	0.735535
758.401703	0.732044
758.728882	0.727675
759.056014	0.726993
759.383099	0.726089
759.710138	0.726789
760.037129	0.723738
760.364073	0.717120
760.690970	0.719811
761.017820	0.725285
761.344623	0.720798
761.671379	0.712657
761.998088	0.700931
762.324751	0.676918
762.651366	0.635518
762.977935	0.568233
763.304456	0.515155
763.630931	0.506106
763.957359	0.545315
764.283740	0.589944
764.610074	0.617210
764.936362	0.648787
765.262602	0.674894
765.588796	0.697409
765.914943	0.714503
766.241044	0.732778
766.567097	0.739707
766.893104	0.749557
767.219064	0.756010
767.544978	0.762378
767.870845	0.776128
768.196665	0.779667
768.522438	0.776813
768.848165	0.779646
769.173846	0.788068
769.499479	0.792957
769.825066	0.796493
770.150607	0.801647
770.476101	0.795658
770.801548	0.797610
771.126949	0.808505
771.452303	0.812956
771.777611	0.811079
772.102872	0.811694
772.428087	0.815680
772.753256	0.819574
773.078378	0.822601
773.403453	0.830690
773.728482	0.835167
774.053465	0.828673
774.378401	0.832171
774.703291	0.840796
775.028135	0.840139
775.352932	0.841785
775.677683	0.845183
776.002388	0.845387
776.327046	0.843696
776.651658	0.848148
776.976224	0.851941
777.300743	0.851053
777.625216	0.853886
777.949643	0.854660
778.274024	0.855402
778.598359	0.857546
778.922647	0.855646
779.246889	0.855966
779.571086	0.860423
779.895236	0.863476
780.219339	0.859913
780.543397	0.856562
780.867409	0.855392
781.191374	0.857311
781.515294	0.858594
781.839167	0.858142
782.162995	0.861374
782.486776	0.859198
782.810511	0.858737
783.134201	0.862906
783.457844	0.861397
783.781441	0.863251
784.104993	0.869684
784.428498	0.869435
784.751958	0.864625
785.075372	0.866933
785.398739	0.871352
785.722061	0.868102
786.045337	0.862838
786.368568	0.867946
786.691752	0.871169
787.014891	0.856066
787.337983	0.847137
787.661030	0.839476
787.984031	0.822366
788.306987	0.808686
788.629897	0.810990
788.952760	0.815034
789.275579	0.818580
789.598351	0.835227
789.921078	0.847960
790.243759	0.849730
790.566395	0.855716
790.888984	0.863297
791.211529	0.867794
791.534027	0.871592
791.856480	0.873118
792.178888	0.878330
792.501249	0.880267
792.823566	0.881155
793.145836	0.881385
793.468062	0.883309
793.790241	0.884518
794.112375	0.882130
794.434464	0.877545
794.756507	0.876874
795.078505	0.876347
795.400457	0.871034
795.722364	0.859042
796.044226	0.851372
796.366042	0.850371
796.687812	0.854231
797.009538	0.849887
797.331218	0.852769
797.652852	0.858475
797.974442	0.862987
798.295986	0.863333
798.617484	0.865940
798.938938	0.870024
799.260346	0.875204
799.581709	0.876895
799.903026	0.879734
800.224299	0.880406
800.545526	0.884071
800.866708	0.887969
801.187845	0.891426
801.508936	0.890266
801.829983	0.888205
802.150984	0.891563
802.471940	0.896582
802.792851	0.895790
803.113717	0.896797
803.434538	0.896016
803.755314	0.897106
804.076045	0.898480
804.396731	0.898945
804.717372	0.899410
805.037967	0.899659
805.358518	0.898109
805.679024	0.896033
805.999485	0.895507
806.319901	0.896448
806.640272	0.896602
806.960598	0.895289
807.280879	0.892166
807.601115	0.891343
807.921306	0.894827
808.241453	0.895129
808.561554	0.892485
808.881611	0.893685
809.201623	0.894247
809.521590	0.895548
809.841513	0.896413
810.161390	0.895860
810.481223	0.897096
810.801011	0.900967
811.120755	0.901112
811.440453	0.900757
811.760107	0.900263
812.079716	0.899729
812.399281	0.902956
812.718801	0.906087
813.038276	0.906280
813.357707	0.905668
813.677093	0.903164
813.996434	0.906406
814.315731	0.907691
814.634983	0.908343
814.954191	0.906773
815.273354	0.904478
815.592473	0.901225
815.911547	0.900147
816.230577	0.897801
816.549562	0.894372
816.868502	0.896794
817.187399	0.891488
817.506250	0.886448
817.825058	0.889619
818.143821	0.884624
818.462539	0.879274
818.781213	0.872314
819.099843	0.860553
819.418429	0.844675
819.736970	0.827022
820.055466	0.806501
820.373919	0.781688
820.692327	0.748053
821.010691	0.712436
821.329011	0.634157
821.647286	0.517561
821.965517	0.402074
822.283704	0.359060
822.601847	0.359416
822.919945	0.395410
823.237999	0.429874
823.556010	0.477297
823.873976	0.533708
824.191897	0.584533
824.509775	0.628859
824.827609	0.674227
825.145398	0.697077
825.463144	0.700515
825.780845	0.683495
826.098502	0.663804
826.416116	0.617756
826.733685	0.572861
827.051210	0.563636
827.368692	0.579022
827.686129	0.617305
828.003522	0.671210
828.320872	0.718944
828.638177	0.763478
828.955439	0.796315
829.272656	0.819029
829.589830	0.836340
829.906960	0.851822
830.224046	0.865336
830.541088	0.874850
830.858086	0.880241
831.175041	0.886803
831.491952	0.884441
831.808819	0.882387
832.125642	0.875361
832.442421	0.859498
832.759157	0.837523
833.075849	0.791265
833.392497	0.726240
833.709101	0.684887
834.025662	0.695434
834.342179	0.726758
834.658653	0.766382
834.975083	0.801921
835.291469	0.829658
835.607811	0.852503
835.924110	0.868805
836.240366	0.885595
836.556578	0.899835
836.872746	0.907684
837.188871	0.913768
837.504952	0.918468
837.820990	0.922487
838.136984	0.926575
838.452935	0.928709
838.768842	0.930713
839.084706	0.923984
839.400526	0.897228
839.716303	0.856682
840.032037	0.834129
840.347727	0.836715
840.663373	0.856319
840.978977	0.878012
841.294537	0.899914
841.610054	0.917189
841.925527	0.926073
842.240957	0.932376
842.556344	0.939399
842.871687	0.945628
843.186987	0.949220
843.502244	0.949613
843.817458	0.950779
844.132629	0.955343
844.447756	0.960539
844.762840	0.959202
845.077881	0.959973
845.392879	0.959922
845.707833	0.962293
846.022745	0.965347
846.337613	0.963967
846.652438	0.965238
846.967221	0.963373
847.281960	0.965129
847.596656	0.967379
847.911309	0.965199
848.225919	0.966709
848.540485	0.967302
848.855009	0.968437
849.169490	0.967109
849.483928	0.968991
849.798323	0.970438
850.112675	0.969093
850.426984	0.969435
850.741251	0.969623
851.055474	0.970639
851.369654	0.967343
851.683792	0.969517
851.997887	0.969918
852.311938	0.970937
852.625947	0.970736
852.939914	0.967944
853.253837	0.968619
853.567718	0.970546
853.881555	0.971436
854.195350	0.967861
854.509103	0.969039
854.822812	0.970264
855.136479	0.969382
855.450103	0.969187
855.763685	0.968056
856.077224	0.968968
856.390720	0.970342
856.704173	0.970990
857.017584	0.968945
857.330953	0.966954
857.644278	0.968023
857.957561	0.968309
858.270802	0.968235
858.584000	0.968379
858.897155	0.966092
859.210268	0.967537
859.523339	0.968004
859.836367	0.970244
860.149352	0.970090
860.462295	0.968472
860.775195	0.968678
861.088054	0.968719
861.400869	0.969651
861.713642	0.970670
862.026373	0.970407
862.339062	0.970414
862.651708	0.966747
862.964312	0.968619
863.276873	0.968708
863.589392	0.968476
863.901869	0.966665
864.214303	0.964616
864.526696	0.964312
864.839045	0.963252
865.151353	0.961146
865.463619	0.961614
865.775842	0.962878
866.088023	0.961637
866.400162	0.961464
866.712258	0.961732
867.024313	0.962562
867.336325	0.962801
867.648296	0.962801
867.960224	0.961696
868.272110	0.961544
868.583954	0.963275
868.895755	0.963736
869.207515	0.961516
869.519233	0.959341
869.830909	0.961355
870.142542	0.961628
870.454134	0.961584
870.765684	0.960037
871.077191	0.957236
871.388657	0.958773
871.700081	0.956520
872.011463	0.958104
872.322803	0.957557
872.634101	0.955658
872.945357	0.953266
873.256571	0.952270
873.567744	0.951955
873.878874	0.951498
874.189963	0.950433
874.501010	0.950789
874.812015	0.949203
875.122979	0.950221
875.433900	0.952964
875.744780	0.953105
876.055618	0.951023
876.366415	0.949538
876.677169	0.949635
876.987882	0.951124
877.298554	0.951101
877.609183	0.947065
877.919771	0.944697
878.230317	0.941565
878.540822	0.939488
878.851285	0.934529
879.161707	0.925585
879.472087	0.914390
879.782425	0.895816
880.092722	0.861636
880.402977	0.807830
880.713191	0.745477
881.023363	0.684598
881.333494	0.649276
881.643583	0.621419
881.953631	0.621548
882.263637	0.650618
882.573602	0.689346
882.883526	0.716818
883.193408	0.741203
883.503248	0.764400
883.813048	0.792026
884.122806	0.821704
884.432522	0.846259
884.742197	0.866467
885.051831	0.879083
885.361424	0.889361
885.670975	0.900408
885.980485	0.911531
886.289954	0.917822
886.599382	0.923062
886.908768	0.927334
887.218113	0.932871
887.527417	0.937066
887.836680	0.940445
888.145901	0.942505
888.455082	0.945272
888.764221	0.949379
889.073319	0.952567
889.382376	0.952249
889.691392	0.952637
890.000366	0.951583
890.309300	0.954008
890.618193	0.952560
890.927044	0.950171
891.235855	0.950949
891.544625	0.950111
891.853353	0.950837
892.162041	0.948478
892.470687	0.941610
892.779293	0.937499
893.087858	0.932270
893.396381	0.924201
893.704864	0.910940
894.013306	0.885979
894.321707	0.857898
894.630068	0.844166
894.938387	0.838416
895.246665	0.839625
895.554903	0.851896
895.863100	0.866391
896.171256	0.883897
896.479371	0.903695
896.787446	0.916554
897.095480	0.922750
897.403473	0.926814
897.711425	0.931078
898.019336	0.938404
898.327207	0.940725
898.635038	0.944733
898.942827	0.943291
899.250576	0.948061
899.558284	0.951503
899.865952	0.952524
900.173579	0.955397
900.481165	0.954716
900.788711	0.958215
901.096216	0.960587
901.403681	0.961201
901.711105	0.962537
902.018489	0.962136
902.325832	0.961217
902.633135	0.960906
902.940397	0.955488
903.247619	0.942573
903.554800	0.915959
903.861941	0.875023
904.169041	0.837955
904.476101	0.819136
904.783121	0.820044
905.090100	0.837822
905.397039	0.859001
905.703938	0.882409
906.010796	0.902977
906.317614	0.920585
906.624391	0.932249
906.931129	0.942589
907.237826	0.950023
907.544483	0.958475
907.851099	0.962218
908.157675	0.967546
908.464211	0.969685
908.770707	0.971654
909.077163	0.973128
909.383578	0.975658
909.689954	0.974422
909.996289	0.975688
910.302584	0.977719
910.608839	0.978741
910.915054	0.979215
911.221229	0.977525
911.527363	0.976501
911.833458	0.975837
912.139513	0.976511
912.445527	0.973905
912.751502	0.972885
913.057436	0.971236
913.363331	0.970920
913.669186	0.965711
913.975000	0.960013
914.280775	0.954183
914.586510	0.946072
914.892205	0.933227
915.197859	0.910552
915.503475	0.882248
915.809050	0.862369
916.114585	0.855773
916.420081	0.852443
916.725536	0.849798
917.030952	0.858825
917.336328	0.871935
917.641665	0.887505
917.946961	0.904633
918.252218	0.915659
918.557435	0.924845
918.862612	0.933512
919.167750	0.940105
919.472848	0.945239
919.777906	0.950746
920.082925	0.956938
920.387904	0.960625
920.692843	0.962255
920.997743	0.962983
921.302603	0.966631
921.607423	0.968222
921.912204	0.971243
922.216946	0.970853
922.521647	0.973187
922.826310	0.975007
923.130932	0.976619
923.435516	0.977449
923.740059	0.979820
924.044564	0.978910
924.349028	0.979919
924.653454	0.982665
924.957840	0.984518
925.262186	0.983441
925.566493	0.982980
925.870761	0.985247
926.174989	0.986087
926.479178	0.987603
926.783328	0.988124
927.087438	0.987970
927.391509	0.988185
927.695541	0.990526
927.999533	0.989487
928.303486	0.990500
928.607400	0.990878
928.911275	0.989791
929.215110	0.990059
929.518906	0.990336
929.822663	0.989012
930.126381	0.991771
930.430060	0.990911
930.733699	0.991735
931.037299	0.989423
931.340861	0.990737
931.644383	0.990952
931.947866	0.989118
932.251309	0.990376
932.554714	0.989877
932.858080	0.990133
933.161407	0.989811
933.464694	0.990175
933.767943	0.989242
934.071153	0.992717
934.374323	0.990915
934.677455	0.991411
934.980548	0.991785
935.283602	0.990767
935.586617	0.991939
935.889593	0.989712
936.192530	0.991405
936.495428	0.992101
936.798287	0.990395
937.101108	0.990398
937.403890	0.989308
937.706632	0.988576
938.009336	0.985831
938.312002	0.985231
938.614628	0.984411
938.917216	0.982772
939.219765	0.982311
939.522275	0.982167
939.824747	0.982840
940.127179	0.983674
940.429573	0.984725
940.731929	0.983324
941.034246	0.984162
941.336524	0.985354
941.638763	0.985588
941.940964	0.986152
942.243126	0.985696
942.545250	0.986990
942.847335	0.987581
943.149381	0.987796
943.451389	0.987721
943.753359	0.987704
944.055290	0.990600
944.357182	0.989338
944.659036	0.988252
944.960851	0.989467
945.262628	0.989391
945.564367	0.990065
945.866067	0.989257
946.167729	0.990833
946.469352	0.990472
946.770937	0.988685
947.072484	0.991461
947.373992	0.990925
947.675462	0.991094
947.976893	0.989978
948.278286	0.990205
948.579641	0.991381
948.880958	0.990982
949.182236	0.991020
949.483476	0.991537
949.784678	0.989516
950.085841	0.991966
950.386967	0.991239
950.688054	0.990395
950.989103	0.991846
951.290114	0.988469
951.591087	0.989636
951.892021	0.989324
952.192917	0.987995
952.493776	0.987459
952.794596	0.988391
953.095378	0.987052
953.396122	0.988408
953.696828	0.986241
953.997496	0.990384
954.298126	0.991010
954.598718	0.990592
954.899272	0.992112
955.199788	0.990531
955.500266	0.991575
955.800706	0.992050
956.101108	0.993402
956.401472	0.993760
956.701798	0.995095
957.002087	0.993510
957.302337	0.992894
957.602550	0.994777
957.902724	0.995814
958.202861	0.995320
958.502960	0.996241
958.803022	0.995406
959.103045	0.996011
959.403031	0.996308
959.702979	0.995091
960.002889	0.996073
960.302762	0.994970
960.602596	0.997488
960.902393	0.995394
961.202153	0.996981
961.501875	0.997856
961.801559	0.996266
962.101205	0.997040
962.400814	0.996950
962.700385	0.996992
962.999918	0.996729
963.299414	0.996118
963.598873	0.995868
963.898293	0.996842
964.197677	0.996342
964.497022	0.996986
964.796331	0.997467
965.095601	0.997506
965.394835	0.998234
965.694030	0.997185
965.993189	0.997306
966.292309	0.996704
966.591393	0.997961
966.890439	0.997756
967.189447	0.997182
967.488419	0.998081
967.787353	0.996733
968.086249	0.997235
968.385108	0.997901
968.683930	0.996878
968.982714	0.997733
969.281462	0.997262
969.580172	0.996862
969.878844	0.998112
970.177480	0.997538
970.476078	0.997746
970.774639	0.996334
971.073162	0.997166
971.371649	0.996472
971.670098	0.996777
971.968510	0.998205
972.266885	0.995458
972.565223	0.997150
972.863524	0.995344
973.161788	0.997113
973.460014	0.998416
973.758204	0.996766
974.056356	0.996808
974.354471	0.995243
974.652550	0.996078
974.950591	0.997196
975.248595	0.997221
975.546563	0.997905
975.844493	0.999091
976.142386	0.997646
976.440243	0.997042
976.738062	0.998114
977.035845	0.998144
977.333590	0.996340
977.631299	0.998877
977.928971	0.997772
978.226606	0.996673
978.524204	0.995620
978.821765	0.999190
979.119290	0.997568
979.416777	0.997179
979.714228	0.997970
980.011642	0.995670
980.309020	0.997880
980.606360	0.996613
980.903664	0.997830
981.200931	0.997631
981.498162	0.995348
981.795356	0.995339
982.092513	0.994517
982.389633	0.994928
982.686717	0.992235
982.983764	0.991618
983.280775	0.989458
983.577749	0.991231
983.874686	0.992099
984.171587	0.991348
984.468451	0.994813
984.765279	0.995411
985.062070	0.994227
985.358824	0.995281
985.655543	0.995772
985.952224	0.996245
986.248869	0.996301
986.545478	0.997080
986.842050	0.998930
987.138586	0.996058
987.435086	0.997424
987.731549	0.998504
988.027975	0.999003
988.324366	0.998946
988.620719	0.998197
988.917037	0.996440
989.213318	0.998795
989.509563	0.998641
989.805772	0.999648
990.101944	0.999093
990.398080	0.998199
990.694180	0.998083
990.990244	0.998455
991.286271	0.998428
991.582262	0.997699
991.878217	0.998860
992.174136	0.999189
992.470019	0.999796
992.765865	0.998676
993.061676	0.998540
993.357450	0.999211
993.653188	0.998080
993.948890	0.998642
994.244556	0.997544
994.540186	0.998587
994.835780	0.997434
995.131337	0.997840
995.426859	0.997408
995.722345	0.998334
996.017795	0.997857
996.313208	0.995887
996.608586	0.995092
996.903928	0.997184
997.199234	0.996196
997.494504	0.998002
997.789738	0.996357
998.084936	0.996597
998.380099	0.998829
998.675225	0.998156
998.970316	0.998578
999.265371	0.999378
999.560390	0.998564
999.855373	0.999137
1000.150320	0.999100
1000.445232	1.000445
1000.740108	0.997592
1001.034948	0.998220
1001.329752	1.000295
1001.624521	0.998978
1001.919254	0.999298
1002.213951	0.999250
1002.508613	0.998060
1002.803239	0.999560
1003.097829	0.999811
1003.392384	0.999484
1003.686903	0.999623
1003.981386	0.998445
1004.275834	1.000354
1004.570246	0.998996
1004.864623	1.000432
1005.158964	0.999942
1005.453270	0.999691
1005.747540	0.999394
1006.041775	0.999184
1006.335974	1.000050
1006.630138	0.998212
1006.924266	0.999686
1007.218359	1.001272
1007.512416	0.999985
1007.806438	1.000280
1008.100425	0.999382
1008.394376	0.999851
1008.688292	0.999709
1008.982172	1.002388
1009.276017	1.000380
1009.569827	0.999373
1009.863602	0.999720
1010.157341	1.000422
1010.451045	0.998853
1010.744714	0.999859
1011.038347	0.999250
1011.331945	0.999426
1011.625508	0.998645
1011.919036	0.999219
1012.212528	0.999601
1012.505986	0.997698
1012.799408	0.998900
1013.092795	0.999505
1013.386147	0.998840
1013.679464	1.000054
1013.972745	0.999293
1014.265992	0.998513
1014.559204	0.999171
1014.852380	1.000098
1015.145521	1.000089
1015.438628	1.000573
1015.731699	0.999474
1016.024736	0.998900
1016.317737	0.999500
1016.610703	0.999402
1016.903635	1.001565
1017.196531	0.998838
1017.489393	0.999889
1017.782219	0.998366
1018.075011	0.999105
1018.367768	0.999669
1018.660490	1.000070
1018.953177	1.000070
1019.245829	1.000070
