Dividing Wavelength (nm)	Counts (n)	Slit_number_8_of_a_total_of_40	
326.493990	2073.594615
326.888308	2073.594615
327.282561	2073.594615
327.676750	2039.146731
328.070874	2013.100769
328.464933	1971.931346
328.858929	2062.672115
329.252859	2011.420385
329.646726	2074.434808
330.040528	2118.124808
330.434265	2130.727692
330.827938	2131.567885
331.221547	2181.139231
331.615091	2147.531538
332.008571	2215.587115
332.401986	2218.947885
332.795338	2228.190000
333.188625	2274.400577
333.581847	2268.519231
333.975006	2290.364231
334.368100	2313.889615
334.761129	2400.429423
335.154095	2355.059038
335.546996	2365.981538
335.939833	2423.114615
336.332606	2455.041923
336.725315	2470.165385
337.117960	2496.211346
337.510540	2477.727115
337.903056	2491.170192
338.295508	2452.521346
338.687896	2486.129038
339.080220	2536.540577
339.472480	2496.211346
339.864676	2503.773077
340.256807	2521.417115
340.648875	2534.860192
341.040879	2510.494615
341.432818	2521.417115
341.824694	2558.385577
342.216506	2510.494615
342.608253	2516.375962
342.999937	2522.257308
343.391557	2503.773077
343.783113	2502.092692
344.174605	2531.499423
344.566033	2539.061154
344.957397	2560.906154
345.348697	2492.850577
345.739934	2466.804615
346.131106	2485.288846
346.522215	2522.257308
346.913260	2492.850577
347.304241	2492.850577
347.695159	2496.211346
348.086012	2553.344423
348.476802	2490.330000
348.867528	2509.654423
349.258191	2496.211346
349.648789	2555.024808
350.039324	2462.603654
350.429796	2497.891731
350.820203	2474.366346
351.210548	2459.242885
351.600828	2486.969231
351.991045	2486.129038
352.381198	2510.494615
352.771288	2458.402692
353.161314	2471.005577
353.551276	2477.727115
353.941175	2476.046731
354.331010	2476.046731
354.720782	2509.654423
355.110490	2486.969231
355.500135	2488.649615
355.889717	2507.133846
356.279235	2444.959615
356.668689	2481.087885
357.058080	2463.443846
357.447408	2486.129038
357.836672	2459.242885
358.225873	2448.320385
358.615010	2492.850577
359.004084	2501.252500
359.393095	2501.252500
359.782043	2513.015192
360.170927	2455.041923
360.559748	2544.942500
360.948505	2490.330000
361.337199	2526.458269
361.725830	2430.676346
362.114398	2492.010385
362.502903	2470.165385
362.891344	2496.211346
363.279722	2440.758654
363.668037	2485.288846
364.056289	2473.526154
364.444478	2513.855385
364.832603	2465.964423
365.220665	2475.206538
365.608665	2526.458269
365.996601	2480.247692
366.384474	2479.407500
366.772284	2487.809423
367.160031	2487.809423
367.547715	2497.891731
367.935336	2492.010385
368.322893	2482.768269
368.710388	2478.567308
369.097820	2518.056346
369.485189	2517.216154
369.872495	2475.206538
370.259738	2487.809423
370.646918	2472.685962
371.034035	2478.567308
371.421090	2514.695577
371.808081	2540.741538
372.195010	2506.293654
372.581875	2518.896538
372.968678	2471.845769
373.355418	2534.020000
373.742096	2502.932885
374.128710	2507.133846
374.515262	2559.225769
374.901751	2513.855385
375.288177	2519.736731
375.674540	2456.722308
376.060841	2541.581731
376.447079	2463.443846
376.833254	2499.572115
377.219367	2495.371154
377.605417	2534.020000
377.991404	2507.133846
378.377329	2544.942500
378.763191	2484.448654
379.148991	2528.978846
379.534727	2509.654423
379.920402	2494.530962
380.306013	2596.194231
380.691563	2560.906154
381.077049	2584.431538
381.462474	2521.417115
381.847835	2555.865000
382.233134	2587.792308
382.618371	2561.746346
383.003545	2593.673654
383.388657	2633.162692
383.773706	2599.555000
384.158693	2580.230577
384.543618	2596.194231
384.928480	2619.719615
385.313280	2616.358846
385.698017	2601.235385
386.082692	2618.879423
386.467305	2671.811538
386.851856	2681.893846
387.236344	2639.884231
387.620770	2736.506346
388.005133	2719.702500
388.389435	2734.825962
388.773674	2770.114038
389.157851	2735.666154
389.541965	2750.789615
389.926018	2732.305385
390.310008	2807.082500
390.693936	2754.990577
391.077802	2798.680577
391.461606	2829.767692
391.845348	2869.256731
392.229027	2910.426154
392.612645	2914.627115
392.996200	2889.421346
393.379694	2953.275962
393.763125	2979.321923
394.146494	2995.285577
394.529801	3026.372692
394.913047	3069.222500
395.296230	3074.263654
395.679351	3076.784231
396.062410	3127.195769
396.445408	3076.784231
396.828343	3147.360385
397.211217	3139.798654
397.594028	3143.999615
397.976778	3192.730769
398.359466	3149.040769
398.742092	3221.297308
399.124656	3291.873462
399.507158	3305.316538
399.889598	3278.430385
400.271977	3247.343269
400.654294	3389.335769
401.036549	3380.933846
401.418742	3348.166346
401.800874	3436.386538
402.182944	3441.427692
402.564952	3548.132115
402.946898	3533.848846
403.328783	3554.013462
403.710606	3603.584808
404.092367	3642.233654
404.474067	3715.330385
404.855705	3658.197308
405.237282	3736.335192
405.618797	3834.637692
406.000250	3864.044423
406.381642	3904.373654
406.762972	3955.625385
407.144240	3981.671346
407.525447	4025.361346
407.906593	4028.722115
408.287677	4074.092500
408.668700	4093.416923
409.049661	4198.440962
409.430560	4230.368269
409.811399	4252.213269
410.192176	4184.997885
410.572891	4265.656346
410.953545	4371.520577
411.334138	4383.283269
411.714669	4509.312115
412.095139	4421.932115
412.475547	4582.408846
412.855894	4561.404038
413.236180	4647.943846
413.616405	4694.154423
413.996568	4694.154423
414.376670	4831.105769
414.756711	4751.287500
415.136691	4934.449423
415.516609	4979.819808
415.896466	5078.962500
416.276262	5207.511923
416.655997	5225.155962
417.035670	5296.572308
417.415283	5514.182115
417.794834	5618.365962
418.174324	5562.073077
418.553753	5583.077885
418.933121	5725.910577
419.312428	5608.283654
419.691674	5730.951731
420.070859	5769.600577
420.449983	5870.423654
420.829045	5958.643846
421.208047	5890.588269
421.586988	6052.745385
421.965867	6299.761923
422.344686	6297.241346
422.723444	6453.517115
423.102141	6241.788654
423.480777	6576.185192
423.859352	6440.914231
424.237866	6882.015192
424.616319	6839.165385
424.994712	6945.869808
425.373044	7074.419231
425.751314	7208.850000
426.129524	7060.135962
426.507673	7349.162115
426.885762	7201.288269
427.263789	7438.222500
427.641756	7434.021538
428.019662	7612.982500
428.397508	7670.115577
428.775292	7765.897500
429.153016	7899.488077
429.530679	7935.616346
429.908282	7991.909231
430.285824	7839.834423
430.663305	8256.569808
431.040726	8311.182308
431.418086	8282.615769
431.795385	8318.744038
432.172624	8680.866923
432.549802	8700.191346
432.926920	8689.268846
433.303977	8690.949231
433.680974	9072.396538
434.057910	9054.752500
434.434786	9180.781346
434.811601	9292.526923
435.188355	9741.189615
435.565050	9686.577115
435.941683	9808.405000
436.318257	10113.394808
436.694770	10237.743269
437.071222	10112.554615
437.447614	10052.060769
437.823946	10059.622500
438.200218	10161.285769
438.576429	10327.643846
438.952580	10429.307115
439.328670	10725.054808
439.704700	10922.500000
440.080670	10704.890192
440.456580	10919.979423
440.832429	11199.763462
441.208218	10788.069231
441.583947	11366.961731
441.959616	11282.102308
442.335224	11280.421923
442.710773	11687.075000
443.086261	11775.295192
443.461689	11924.009231
443.837057	11573.649038
444.212365	11926.529808
444.587612	12165.984615
444.962800	11849.232115
445.337927	12306.296731
445.712995	11918.968077
446.088002	12976.770192
446.462949	13526.255962
446.837837	14262.264423
447.212664	14971.386731
447.587431	16348.461923
447.962139	16853.417500
448.336786	17458.355962
448.711374	16364.425577
449.085901	14878.965577
449.460369	15486.424615
449.834776	16203.108654
450.209124	16935.756346
450.583412	16359.384423
450.957640	16761.836538
451.331808	15805.697692
451.705917	15788.053654
452.079965	15893.077692
452.453954	15897.278654
452.827883	16140.934423
453.201752	15964.494038
453.575562	16426.599808
453.949311	16994.569808
454.323001	17418.026731
454.696632	17147.484808
455.070202	18430.458462
455.443713	18379.206731
455.817164	18872.399615
456.190556	18962.300192
456.563888	18619.501731
456.937160	18304.429615
457.310373	17780.989808
457.683526	18109.505000
458.056619	18219.570192
458.429653	18614.460577
458.802628	19517.667308
459.175542	19779.807308
459.548398	20893.902308
459.921194	22590.250577
460.293930	22906.162885
460.666607	24355.494615
461.039224	24630.237500
461.411782	24797.435769
461.784280	23769.880577
462.156719	23522.864038
462.529099	23269.125962
462.901419	22902.802115
463.273680	22495.308846
463.645882	23109.489423
464.018024	24108.478077
464.390106	26445.893077
464.762130	29570.568269
465.134094	32938.059038
465.505999	36087.099808
465.877845	37850.663462
466.249631	37225.560385
466.621358	35692.209423
466.993026	33748.004423
467.364634	32668.357308
467.736184	31354.296538
468.107674	31458.480385
468.479105	30868.665385
468.850477	30099.889423
469.221790	29074.854808
469.593043	28074.185769
469.964238	28907.656538
470.335373	30039.395577
470.706449	33564.002308
471.077467	35208.258654
471.448425	36418.975769
471.819324	37885.111346
472.190164	35277.994615
472.560945	32682.640577
472.931667	31358.497500
473.302330	31078.713462
473.672934	31119.042692
474.043479	31500.490000
474.413965	31414.790385
474.784393	31153.490577
475.154761	31959.235000
475.525070	32045.774808
475.895321	32127.273462
476.265513	33090.133846
476.635645	33522.832885
477.005719	34259.681538
477.375734	35104.915000
477.745691	35655.240962
478.115588	38465.684231
478.485427	40706.477115
478.855207	43774.859423
479.224928	45318.292692
479.594591	46284.513846
479.964194	45503.135000
480.333739	45397.270769
480.703226	45451.043077
481.072653	46154.284038
481.442022	46233.262115
481.811333	47128.066923
482.180584	45708.141923
482.549777	45621.602115
482.918912	45071.276154
483.287988	44885.593654
483.657005	44234.444615
484.025964	43656.392308
484.394864	44512.548269
484.763706	44082.369808
485.132489	44015.154423
485.501213	43709.324423
485.869879	43828.631731
486.238487	44016.834808
486.607036	44111.776538
486.975527	44119.338269
487.343959	44289.057115
487.712333	44347.030385
488.080648	44647.819231
488.448905	45366.183654
488.817104	46112.274423
489.185244	48529.507692
489.553326	50238.458846
489.921350	52875.822500
490.289315	54950.257308
490.657222	55267.009808
491.025070	55177.949423
491.392861	53948.748077
491.760593	52880.023462
492.128267	51134.944038
492.495883	49797.357885
492.863440	48988.252692
493.230939	48233.760000
493.598380	47359.119808
493.965763	47110.422885
494.333088	46574.380192
494.700354	46388.697692
495.067563	46085.388269
495.434713	46781.067500
495.801805	46903.735577
496.168839	46924.740385
496.535815	46643.275962
496.902733	47039.006538
497.269593	47016.321346
497.636395	46452.552308
498.003139	47293.584808
498.369825	47110.422885
498.736453	47617.058846
499.103023	47177.638269
499.469535	46796.190962
499.835989	47554.884615
500.202385	47229.730192
500.568723	48053.958846
500.935003	48056.479423
501.301226	48149.740769
501.667390	48945.402885
502.033497	49581.428462
502.399546	48519.425385
502.765537	48237.120769
503.131470	48701.747115
503.497345	48943.722500
503.863163	47996.825769
504.228923	48647.134615
504.594625	49113.441346
504.960269	48758.040000
505.325856	49480.605385
505.691385	48855.502308
506.056856	49001.695769
506.422270	49681.411346
506.787625	49410.869423
507.152924	49674.689808
507.518164	50175.444423
507.883347	49125.204038
508.248472	49884.737885
508.613540	50302.313462
508.978550	50594.700385
509.343503	50520.763462
509.708398	50900.530385
510.073236	50939.179231
510.438016	51255.931731
510.802738	51433.212308
511.167403	51739.042308
511.532010	51903.720000
511.896561	51931.446346
512.261053	52683.418462
512.625488	52571.672885
512.989866	52176.782500
513.354186	52038.990962
513.718449	52488.493846
514.082655	52648.970577
514.446803	52965.723077
514.810894	53111.916538
515.174927	52891.786154
515.538904	53127.880192
515.902822	53539.574423
516.266684	53314.402885
516.630488	53503.446154
516.994235	53172.410385
517.357925	53812.636923
517.721558	53843.724038
518.085133	54152.914808
518.448651	54481.430000
518.812112	53944.547115
519.175516	53766.426346
519.538863	54348.679615
519.902152	54488.151538
520.265385	54401.611731
520.628560	54799.022692
520.991678	54672.153654
521.354739	54614.180385
521.717743	55161.985769
522.080690	54532.681731
522.443580	55148.542692
522.806413	54727.606346
523.169189	54751.971923
523.531908	55071.245000
523.894569	54936.814231
524.257174	54835.991154
524.619722	55079.646923
524.982213	54847.753846
525.344647	54814.146154
525.707025	54558.727692
526.069345	54930.092692
526.431608	54798.182500
526.793815	55095.610577
527.155964	54643.587115
527.518057	54596.536346
527.880093	54619.221538
528.242072	54794.821731
528.603995	54685.596731
528.965860	54446.141923
529.327669	54237.774231
529.689421	54104.183654
530.051117	54010.082115
530.412755	53902.537500
530.774337	54293.226923
531.135862	53795.833077
531.497331	53932.784423
531.858743	53456.395385
532.220098	54184.842115
532.581396	53571.501731
532.942638	53433.710192
533.303824	53947.907885
533.664953	53600.068269
534.026025	53652.160192
534.387040	53560.579231
534.747999	53352.211538
535.108902	53572.341923
535.469748	52889.265577
535.830537	53221.141538
536.191270	53232.064038
536.551947	52756.515192
536.912567	53475.719808
537.273131	53421.107308
537.633638	53129.560577
537.994089	53301.800000
538.354483	52617.883462
538.714821	52579.234615
539.075103	53340.448846
539.435328	53149.725192
539.795497	52986.727885
540.155609	52945.558462
540.515665	53243.826731
540.875665	52854.817692
541.235609	52983.367115
541.595496	53193.415192
541.955328	53752.983269
542.315102	53165.688846
542.674821	52401.113846
543.034483	52812.808077
543.394090	52412.876538
543.753640	52286.007500
544.113134	53327.005769
544.472571	52188.545192
544.831953	53451.354231
545.191278	52774.159231
545.550548	51968.414808
545.909761	52059.995769
546.268918	52450.685192
546.628019	52451.525385
546.987064	52159.978654
547.346053	51278.616923
547.704986	52108.726923
548.063863	51477.742500
548.422684	51635.698654
548.781449	52095.283846
549.140158	51713.836538
549.498811	51797.015577
549.857408	51221.483846
550.215949	51643.260385
550.574434	51414.728077
550.932864	51051.765000
551.291237	51926.405192
551.649555	51117.300000
552.007817	51203.839808
552.366022	50971.106538
552.724173	51051.765000
553.082267	51299.621731
553.440305	51514.710962
553.798288	50538.407500
554.156215	50999.673077
554.514086	51108.898077
554.871902	51295.420769
555.229661	51085.372692
555.587365	50951.782115
555.945014	50716.528269
556.302606	50562.773077
556.660143	50859.360962
557.017625	50440.105000
557.375050	50432.543269
557.732421	50798.867115
558.089735	50647.632500
558.446994	50413.218846
558.804197	50676.199038
559.161345	50717.368462
559.518437	50079.662500
559.875474	50372.889615
560.232455	50152.759231
560.589381	50377.090577
560.946251	50133.434808
561.303065	50362.807308
561.659825	49946.071923
562.016528	49309.206154
562.373177	49682.251538
562.729770	49904.062308
563.086307	49078.153269
563.442789	49677.210385
563.799216	49643.602692
564.155587	49229.387885
564.511904	48950.444038
564.868164	49124.363846
565.224370	49131.085385
565.580520	48785.766346
565.936615	49105.879615
566.292654	48858.863077
566.648638	48558.914423
567.004567	48526.146923
567.360441	48452.210000
567.716260	48272.408846
568.072023	48241.321731
568.427732	48111.932115
568.783385	47563.286538
569.138982	47960.697500
569.494525	47820.385385
569.850013	47598.574615
570.205445	47399.449038
570.560823	47253.255577
570.916145	47272.580000
571.271412	46406.341731
571.626625	46478.598269
571.981782	46253.426731
572.336884	46077.826538
572.691931	46307.199038
573.046923	45820.727692
573.401860	45460.285192
573.756743	45209.907885
574.111570	44840.223269
574.466342	44699.070962
574.821059	44532.712885
575.175722	43954.660577
575.530330	44105.055000
575.884882	44281.495385
576.239380	43817.709231
576.593823	43905.929423
576.948211	43890.805962
577.302544	43424.499231
577.656823	43070.778269
578.011047	43364.845577
578.365216	43086.741923
578.719330	42751.505192
579.073389	42185.215577
579.427394	42514.570962
579.781344	42443.154615
580.135239	41967.605769
580.489080	41844.097500
580.842866	41636.570000
581.196597	41787.804615
581.550273	41617.245577
581.903895	41199.670000
582.257463	42050.784808
582.610975	41237.478654
582.964434	40968.617115
583.317837	40850.150000
583.671186	40636.741154
584.024481	40485.506538
584.377721	40151.110000
584.730906	40408.208846
585.084037	40308.225962
585.437113	40165.393269
585.790135	40148.589423
586.143103	39494.919808
586.496016	39552.052885
586.848874	39269.748269
587.201679	39704.127692
587.554428	38818.565000
587.907124	38978.201538
588.259765	38468.204808
588.612352	38772.354423
588.964884	38437.957885
589.317362	38320.330962
589.669786	38283.362500
590.022155	37716.232692
590.374470	38187.580577
590.726731	37435.608462
591.078937	37343.187308
591.431090	36815.546538
591.783188	37107.933462
592.135232	36569.370192
592.487222	36169.438654
592.839157	35943.426923
593.191038	35792.192308
593.542866	35743.461154
593.894639	34979.726346
594.246358	35090.631731
594.598022	35367.895192
594.949633	34614.242692
595.301190	34622.644615
595.652692	34387.390769
596.004141	34405.875000
596.355535	33658.103846
596.706876	33485.024231
597.058162	33405.205962
597.409395	33544.677885
597.760573	33858.069615
598.111698	33353.114038
598.462768	33127.102308
598.813785	33161.550192
599.164748	32664.996538
599.515657	32837.235962
599.866511	32369.248846
600.217312	32661.635769
600.568060	31682.811731
600.918753	32270.106154
601.269392	31908.823462
601.619978	31688.693077
601.970510	31880.256923
602.320988	31651.724615
602.671412	31855.051154
603.021783	31532.417308
603.372100	31253.473462
603.722363	31355.136731
604.072572	31180.376731
604.422728	31071.151731
604.772830	30907.314231
605.122878	30954.365000
605.472872	30990.493269
605.822813	31077.873269
606.172701	30673.740769
606.522534	30322.540385
606.872314	30672.060385
607.222041	30520.825769
607.571714	30527.547308
607.921333	29994.025192
608.270899	30380.513654
608.620411	30370.431346
608.969870	30368.750962
609.319276	30189.790000
609.668627	30230.959423
610.017926	30410.760577
610.367171	30380.513654
610.716362	30230.959423
611.065500	29881.439423
611.414585	29964.618462
611.763616	29850.352308
612.112594	29736.086154
612.461518	29846.991538
612.810389	29821.785769
613.159207	29627.701346
613.507971	29645.345385
613.856682	29703.318654
614.205340	29465.544231
614.553945	29845.311154
614.902496	29379.004423
615.250994	29421.014038
615.599439	29195.002308
615.947830	29443.699231
616.296169	29416.813077
616.644454	29405.890577
616.992686	29183.239615
617.340864	29212.646346
617.688990	29016.041346
618.037063	29213.486538
618.385082	29254.655962
618.733048	28881.610577
619.080961	29018.561923
619.428821	28902.615385
619.776628	28981.593462
620.124382	28469.916346
620.472083	28427.906731
620.819731	28183.410769
621.167326	28127.117885
621.514868	27731.387308
621.862357	27435.639615
622.209793	27417.995577
622.557176	27004.620962
622.904506	26395.481538
623.251783	26433.290192
623.599007	26301.380000
623.946179	25918.252308
624.293297	25805.666538
624.640363	25251.979808
624.987376	25215.851538
625.334336	25028.488654
625.681243	24578.145577
626.028097	24717.617500
626.374899	24272.315577
626.721647	24062.267500
627.068343	23884.986923
627.414987	23896.749615
627.761577	23372.469615
628.108115	23548.910000
628.454600	23082.603269
628.801032	23175.024423
629.147412	23108.649231
629.493739	22959.935192
629.840014	22637.301346
630.186236	22586.049615
630.532405	22338.192885
630.878521	22544.880192
631.224585	22167.633846
631.570597	22025.641346
631.916556	22055.048077
632.262462	21740.816154
632.608316	21780.305192
632.954117	21443.388077
633.299866	21417.342115
633.645562	21255.185000
633.991206	20921.628654
634.336797	20773.754808
634.682336	20515.815769
635.027823	20342.736154
635.373257	20292.324615
635.718639	20136.889038
636.063968	19729.395769
636.409245	19589.923846
636.754470	19602.526731
637.099642	19142.101346
637.444762	19090.009423
637.789829	18858.116346
638.134845	18632.944808
638.479808	18664.872115
638.824719	18359.042115
639.169577	18132.190192
639.514383	18307.790385
639.859137	17947.347885
640.203839	18007.841731
640.548489	17596.147500
640.893086	17712.934231
641.237632	17380.218077
641.582125	17497.845000
641.926566	17253.349038
642.270955	17260.070577
642.615292	17351.651538
642.959576	17111.356538
643.303809	17040.780385
643.647990	17125.639808
643.992118	16863.499808
644.336195	16922.313269
644.680219	16975.245385
645.024192	17065.986154
645.368112	17160.927885
645.711981	16991.209038
646.055797	17246.627500
646.399562	17355.852500
646.743274	17648.239423
647.086935	17507.927308
647.430544	17318.884038
647.774101	17406.264038
648.117606	17507.927308
648.461059	17484.401923
648.804460	17225.622692
649.147810	16862.659615
649.491108	16755.115000
649.834354	16477.851538
650.177548	16206.469423
650.520690	15938.448077
650.863781	15867.871923
651.206820	15790.574231
651.549807	15511.630385
651.892742	15420.889615
652.235626	15143.626154
652.578458	14982.309231
652.921238	14825.193269
653.263967	14735.292692
653.606644	14584.058077
653.949269	14516.002500
654.291843	14363.087500
654.634365	14446.266538
654.976836	14418.540192
655.319255	14186.647115
655.661622	14159.760962
656.003938	13955.594231
656.346203	13920.306154
656.688416	14050.535962
657.030577	13820.323269
657.372687	13842.168269
657.714746	13782.514615
658.056753	13845.529038
658.398708	13553.142115
658.740612	13532.137308
659.082465	13558.183269
659.424266	13623.718269
659.766016	13633.800577
660.107715	13418.711346
660.449362	13328.810769
660.790958	13297.723654
661.132503	13274.198269
661.473996	13282.600192
661.815438	13241.430769
662.156829	13282.600192
662.498168	13228.827885
662.839456	12934.760577
663.180693	13024.661154
663.521879	12977.610385
663.863013	13110.360769
664.204097	13099.438269
664.545129	13206.142692
664.886110	13063.310000
665.227040	13056.588462
665.567918	13104.479423
665.908746	13156.571346
666.249522	13215.384808
666.590248	13085.995192
666.930922	13089.355962
667.271545	13048.186538
667.612118	12961.646731
667.952639	12775.964231
668.293109	12838.978654
668.633528	12684.383269
668.973896	12601.204231
669.314213	12517.185000
669.654480	12462.572500
669.994695	12476.015577
670.334859	12463.412692
670.674973	12369.311154
671.015035	12547.431923
671.355047	12355.868077
671.695008	12211.355000
672.034918	12334.863269
672.374777	12296.214423
672.714585	12092.047692
673.054342	12288.652692
673.394049	12018.110769
673.733705	12102.130000
674.073310	12018.950962
674.412864	11877.798654
674.752368	11848.391923
675.091820	11864.355577
675.431223	11769.413846
675.770574	11673.631923
676.109875	11459.382885
676.449125	11420.734038
676.788324	11398.048846
677.127473	11153.552885
677.466571	11056.930769
677.805619	11081.296346
678.144616	11102.301154
678.483562	11031.725000
678.822458	10708.250962
679.161303	10819.156346
679.500098	10793.110385
679.838842	10783.028077
680.177535	10851.083654
680.516179	10915.778462
680.854771	11001.478077
681.193314	11168.676346
681.531805	11456.862308
681.870247	11598.014615
682.208638	11812.263654
682.546978	11845.871346
682.885268	11776.135385
683.223508	11632.462500
683.561697	11420.734038
683.899836	11440.058462
684.237925	11287.983654
684.575963	10941.824423
684.913951	11102.301154
685.251889	11132.548077
685.589776	11186.320385
685.927614	11214.046731
686.265401	11155.233269
686.603137	11204.804615
686.940824	11215.727115
687.278460	11322.431538
687.616046	11388.806731
687.953582	11429.135962
688.291068	11420.734038
688.628504	11492.990577
688.965889	11531.639423
689.303224	11375.363654
689.640510	11197.242885
689.977745	10982.993846
690.314930	10723.374423
690.652065	10467.955962
690.989150	10425.946346
691.326185	10062.983269
691.663170	9807.564808
692.000105	9631.124423
692.336990	9483.250577
692.673825	9426.957692
693.010610	9284.125000
693.347345	8991.738077
693.684030	8753.123462
694.020665	8906.878654
694.357251	8663.222885
694.693786	8543.075385
695.030272	8553.157692
695.366707	8330.506731
695.703093	8255.729615
696.039429	8291.857885
696.375716	8132.221346
696.711952	8338.908654
697.048139	8073.407885
697.384276	8072.567692
697.720363	8202.797500
698.056400	7997.790577
698.392388	7896.127308
698.728326	7996.110192
699.064214	7915.451731
699.400053	7880.163654
699.735842	7737.330962
700.071581	7654.151923
700.407270	7568.452308
700.742910	7657.512692
701.078501	7507.118269
701.414042	7363.445385
701.749533	7311.353462
702.084974	7201.288269
702.420366	7151.716923
702.755709	7196.247115
703.091002	7028.208654
703.426246	7087.862308
703.761440	6964.354038
704.096584	6867.731923
704.431679	6900.499423
704.766725	6929.906154
705.101721	6942.509038
705.436668	6888.736731
705.771565	6947.550192
706.106413	6974.436346
706.441212	6952.591346
706.775961	6891.257308
707.110661	7001.322500
707.445311	7124.830769
707.779913	6945.029615
708.114465	7069.378077
708.448967	7086.181923
708.783421	7261.782115
709.117825	7345.801346
709.452180	7466.789038
709.786485	7451.665577
710.120742	7607.101154
710.454949	7727.248654
710.789107	7767.577885
711.123216	7912.090962
711.457275	8027.197308
711.791286	8079.289231
712.125247	8170.030000
712.459159	8149.865385
712.793023	8155.746731
713.126837	7842.355000
713.460602	7876.802885
713.794318	7717.166346
714.127985	7723.047692
714.461602	7434.861731
714.795171	7509.638846
715.128691	7229.854808
715.462162	7069.378077
715.795584	6982.838269
716.128957	6872.773077
716.462281	6839.165385
716.795556	6691.291538
717.128782	6624.916346
717.461960	6548.458846
717.795088	6435.032885
718.128167	6364.456731
718.461198	6316.565769
718.794180	6217.423077
719.127113	6126.682308
719.459997	6146.846923
719.792833	6061.987500
720.125619	6004.014231
720.458357	5932.597885
720.791046	5825.893462
721.123686	5830.094423
721.456278	5757.837885
721.788821	5783.043654
722.121315	5706.586154
722.453761	5765.399615
722.786158	5721.709615
723.118506	5783.883846
723.450805	5693.143077
723.783056	5699.024423
724.115259	5684.741154
724.447412	5681.380385
724.779518	5683.900962
725.111574	5842.697308
725.443582	5766.239808
725.775542	5742.714423
726.107453	5866.222692
726.439315	5893.108846
726.771129	5979.648654
727.102895	6049.384615
727.434612	6048.544423
727.766281	6141.805769
728.097901	6187.176154
728.429473	6099.796154
728.760996	6134.244038
729.092471	6197.258462
729.423897	6178.774231
729.755276	6125.001923
730.086606	6143.486154
730.417887	6270.355192
730.749120	6377.899808
731.080305	6373.698846
731.411442	6522.412885
731.742530	6589.628269
732.073570	6534.175577
732.404562	6577.865577
732.735506	6503.088462
733.066401	6480.403269
733.397249	6356.054808
733.728048	6177.093846
734.058798	5912.433269
734.389501	5771.280962
734.720156	5699.864615
735.050762	5615.845385
735.381320	5556.191731
735.711831	5479.734231
736.042293	5422.601154
736.372707	5458.729423
736.703073	5373.029808
737.033391	5365.468077
737.363661	5438.564808
737.693883	5560.392692
738.024056	5551.990769
738.354182	5566.274038
738.684260	5541.068269
739.014290	5625.087500
739.344272	5829.254231
739.674207	5789.765192
740.004093	5842.697308
740.333931	5774.641731
740.663722	5747.755577
740.993464	5729.271346
741.323159	5709.106731
741.652806	5628.448269
741.982405	5609.964038
742.311956	5587.278846
742.641460	5557.872115
742.970915	5450.327500
743.300323	5317.577115
743.629683	5231.877500
743.958996	5249.521538
744.288260	5149.538654
744.617477	5149.538654
744.946647	5029.391154
745.275768	5006.705962
745.604842	4924.367115
745.933869	4938.650385
746.262847	4963.856154
746.591778	4955.454231
746.920662	4929.408269
747.249498	4933.609231
747.578286	4955.454231
747.907027	4984.860962
748.235720	5098.286923
748.564365	5077.282115
748.892963	5082.323269
749.221514	5023.509808
749.550017	4982.340385
749.878473	4973.098269
750.206881	4946.212115
750.535242	4851.270385
750.863555	4924.367115
751.191821	4837.827308
751.520039	4862.192885
751.848210	4857.151731
752.176334	4857.151731
752.504411	4870.594808
752.832440	4794.977500
753.160421	4820.183269
753.488356	4721.880769
753.816243	4726.921923
754.144082	4795.817692
754.471875	4734.483654
754.799620	4658.866346
755.127318	4673.989808
755.454969	4692.474038
755.782572	4678.190769
756.110129	4709.277885
756.437638	4646.263462
756.765100	4679.871154
757.092515	4741.205192
757.419882	4697.515192
757.747203	4769.771731
758.074477	4697.515192
758.401703	4711.798462
758.728882	4711.798462
759.056014	4759.689423
759.383099	4817.662692
759.710138	4828.585192
760.037129	4843.708654
760.364073	4880.677115
760.690970	4837.827308
761.017820	4829.425385
761.344623	4822.703846
761.671379	5037.793077
761.998088	5167.182692
762.324751	5577.196538
762.651366	6488.805192
762.977935	7286.147692
763.304456	7681.878269
763.630931	7398.733462
763.957359	7098.784808
764.283740	6700.533654
764.610074	6291.360000
764.936362	5888.067692
765.262602	5546.109423
765.588796	5158.780769
765.914943	4985.701154
766.241044	4715.999423
766.567097	4628.619423
766.893104	4542.079615
767.219064	4438.735962
767.544978	4417.731154
767.870845	4281.620000
768.196665	4290.021923
768.522438	4167.353846
768.848165	4181.637115
769.173846	4100.978654
769.499479	4119.462885
769.825066	4079.973846
770.150607	3981.671346
770.476101	3979.150769
770.801548	3935.460769
771.126949	3918.656923
771.452303	3936.300962
771.777611	3914.455962
772.102872	3900.172692
772.428087	3867.405192
772.753256	3820.354423
773.078378	3808.591731
773.403453	3806.911346
773.728482	3723.732308
774.053465	3759.860577
774.378401	3706.088269
774.703291	3584.260385
775.028135	3640.553269
775.352932	3617.868077
775.677683	3598.543654
776.002388	3611.146538
776.327046	3585.940769
776.651658	3651.475769
776.976224	3602.744615
777.300743	3610.306346
777.625216	3520.405769
777.949643	3517.885192
778.274024	3532.168462
778.598359	3538.890000
778.922647	3512.003846
779.246889	3546.451731
779.571086	3514.524423
779.895236	3538.049808
780.219339	3508.643077
780.543397	3548.132115
780.867409	3520.405769
781.191374	3490.999038
781.515294	3526.287115
781.839167	3554.853654
782.162995	3575.018269
782.486776	3545.611538
782.810511	3574.178077
783.134201	3535.529231
783.457844	3506.122500
783.781441	3491.839231
784.104993	3521.245962
784.428498	3501.921538
784.751958	3499.400962
785.075372	3443.108077
785.398739	3488.478462
785.722061	3443.948269
786.045337	3525.446923
786.368568	3547.291923
786.691752	3527.127308
787.014891	3567.456538
787.337983	3656.516923
787.661030	3796.829038
787.984031	3906.894231
788.306987	3943.862692
788.629897	3973.269423
788.952760	3927.058846
789.275579	3879.167885
789.598351	3849.761154
789.921078	3762.381154
790.243759	3641.393462
790.566395	3664.918846
790.888984	3591.822115
791.211529	3542.250769
791.534027	3555.693846
791.856480	3478.396154
792.178888	3454.870769
792.501249	3408.660192
792.823566	3413.701346
793.145836	3425.464038
793.468062	3454.030577
793.790241	3374.212308
794.112375	3430.505192
794.434464	3437.226731
794.756507	3433.025769
795.078505	3448.989423
795.400457	3564.935962
795.722364	3670.800192
796.044226	3643.914038
796.366042	3701.887308
796.687812	3673.320769
797.009538	3694.325577
797.331218	3624.589615
797.652852	3596.863269
797.974442	3631.311154
798.295986	3630.470962
798.617484	3580.059423
798.938938	3548.972308
799.260346	3566.616346
799.581709	3501.921538
799.903026	3469.994231
800.224299	3461.592308
800.545526	3477.555962
800.866708	3387.655385
801.187845	3438.907115
801.508936	3395.217115
801.829983	3388.495577
802.150984	3354.887885
802.471940	3319.599808
802.792851	3365.810385
803.113717	3348.166346
803.434538	3303.636154
803.755314	3298.595000
804.076045	3307.837115
804.396731	3289.352885
804.717372	3357.408462
805.037967	3271.708846
805.358518	3296.914615
805.679024	3334.723269
805.999485	3373.372115
806.319901	3366.650577
806.640272	3335.563462
806.960598	3359.929038
807.280879	3357.408462
807.601115	3317.079231
807.921306	3333.042885
808.241453	3379.253462
808.561554	3363.289808
808.881611	3409.500385
809.201623	3386.815192
809.521590	3356.568269
809.841513	3318.759615
810.161390	3353.207500
810.481223	3345.645769
810.801011	3291.033269
811.120755	3294.394038
811.440453	3325.481154
811.760107	3307.837115
812.079716	3254.905000
812.399281	3308.677308
812.718801	3275.069615
813.038276	3280.110769
813.357707	3212.895385
813.677093	3222.977692
813.996434	3230.539423
814.315731	3295.234231
814.634983	3252.384423
814.954191	3235.580577
815.273354	3245.662885
815.592473	3360.769231
815.911547	3325.481154
816.230577	3367.490769
816.549562	3359.929038
816.868502	3406.979808
817.187399	3354.887885
817.506250	3427.984615
817.825058	3438.066923
818.143821	3529.647885
818.462539	3527.967500
818.781213	3595.182885
819.099843	3717.010769
819.418429	3895.971731
819.736970	4121.983462
820.055466	4277.419038
820.373919	4576.527500
820.692327	4957.974808
821.010691	5525.104615
821.329011	7048.373269
821.647286	9495.853462
821.965517	12580.199423
822.283704	14353.845385
822.601847	14513.481923
822.919945	13096.917692
823.237999	11929.050385
823.556010	10816.635769
823.873976	9667.252692
824.191897	8617.012308
824.509775	7754.975000
824.827609	6834.124231
825.145398	6275.396346
825.463144	6141.805769
825.780845	6136.764615
826.098502	6437.553462
826.416116	7038.290962
826.733685	7907.890000
827.051210	8208.678846
827.368692	7730.609423
827.686129	6897.978846
828.003522	6232.546538
828.320872	5660.375577
828.638177	5135.255385
828.955439	4826.064615
829.272656	4453.019231
829.589830	4188.358654
829.906960	3975.790000
830.224046	3810.272115
830.541088	3670.800192
830.858086	3632.151346
831.175041	3554.853654
831.491952	3556.534038
831.808819	3586.780962
832.125642	3636.352308
832.442421	3724.572500
832.759157	4008.557500
833.075849	4567.285385
833.392497	5242.800000
833.709101	5678.859808
834.025662	5625.087500
834.342179	5304.134038
834.658653	4833.626346
834.975083	4470.663269
835.291469	4201.801731
835.607811	3963.187115
835.924110	3874.126731
836.240366	3617.868077
836.556578	3522.086154
836.872746	3405.299423
837.188871	3337.243846
837.504952	3210.374808
837.820990	3199.452308
838.136984	3163.324038
838.452935	3119.634038
838.768842	3097.789038
839.084706	3196.091538
839.400526	3375.052500
839.716303	3722.892115
840.032037	4001.835962
840.347727	4022.840769
840.663373	3786.746731
840.978977	3552.333077
841.294537	3404.459231
841.610054	3316.239038
841.925527	3186.849423
842.240957	3136.437885
842.556344	3020.491346
842.871687	3010.409038
843.186987	3023.011923
843.502244	2959.157308
843.817458	2899.503654
844.132629	2865.895962
844.447756	2875.138077
844.762840	2799.520769
845.077881	2786.077692
845.392879	2776.835577
845.707833	2844.891154
846.022745	2772.634615
846.337613	2766.753269
846.652438	2827.247115
846.967221	2760.871923
847.281960	2777.675769
847.596656	2786.917885
847.911309	2784.397308
848.225919	2760.031731
848.540485	2726.424038
848.855009	2742.387692
849.169490	2775.995385
849.483928	2719.702500
849.798323	2728.104423
850.112675	2767.593462
850.426984	2742.387692
850.741251	2733.145577
851.055474	2739.026923
851.369654	2719.702500
851.683792	2712.140769
851.997887	2727.264231
852.311938	2715.501538
852.625947	2791.959038
852.939914	2766.753269
853.253837	2729.784808
853.567718	2717.181923
853.881555	2741.547500
854.195350	2735.666154
854.509103	2719.702500
854.822812	2780.196346
855.136479	2713.821154
855.450103	2729.784808
855.763685	2714.661346
856.077224	2742.387692
856.390720	2781.876731
856.704173	2757.511154
857.017584	2780.196346
857.330953	2786.077692
857.644278	2776.835577
857.957561	2744.908269
858.270802	2786.077692
858.584000	2737.346538
858.897155	2815.484423
859.210268	2759.191538
859.523339	2774.315000
859.836367	2720.542692
860.149352	2816.324615
860.462295	2735.666154
860.775195	2822.205962
861.088054	2715.501538
861.400869	2717.181923
861.713642	2758.351346
862.026373	2736.506346
862.339062	2692.816346
862.651708	2714.661346
862.964312	2783.557115
863.276873	2748.269038
863.589392	2745.748462
863.901869	2781.036538
864.214303	2782.716923
864.526696	2809.603077
864.839045	2815.484423
865.151353	2833.968654
865.463619	2812.963846
865.775842	2783.557115
866.088023	2793.639423
866.400162	2855.813654
866.712258	2809.603077
867.024313	2797.000192
867.336325	2813.804038
867.648296	2806.242308
867.960224	2832.288269
868.272110	2781.876731
868.583954	2800.360962
868.895755	2828.087308
869.207515	2838.169615
869.519233	2833.968654
869.830909	2793.639423
870.142542	2881.019423
870.454134	2828.087308
870.765684	2821.365769
871.077191	2886.900769
871.388657	2892.782115
871.700081	2868.416538
872.011463	2821.365769
872.322803	2917.987885
872.634101	2906.225192
872.945357	2929.750577
873.256571	2915.467308
873.567744	2937.312308
873.878874	2924.709423
874.189963	2906.225192
874.501010	2921.348654
874.812015	2949.915192
875.122979	2931.430962
875.433900	2933.951538
875.744780	2969.239615
876.055618	2930.590769
876.366415	2911.266346
876.677169	2949.075000
876.987882	2974.280769
877.298554	2955.796538
877.609183	3002.847308
877.919771	3004.527692
878.230317	3049.898077
878.540822	3116.273269
878.851285	3106.190962
879.161707	3195.251346
879.472087	3335.563462
879.782425	3523.766538
880.092722	3765.741923
880.402977	4305.145385
880.713191	5015.107885
881.023363	5746.915385
881.333494	6533.335385
881.643583	6843.366346
881.953631	6892.097500
882.263637	6661.044615
882.573602	6390.502692
882.883526	6005.694615
883.193408	5683.060769
883.503248	5366.308269
883.813048	5052.076346
884.122806	4686.592692
884.432522	4457.220192
884.742197	4151.390192
885.051831	3973.269423
885.361424	3799.349615
885.670975	3535.529231
885.980485	3486.798077
886.289954	3414.541538
886.599382	3364.130000
886.908768	3253.224615
887.218113	3193.570962
887.527417	3177.607308
887.836680	3131.396731
888.145901	3086.026346
888.455082	3106.190962
888.764221	3066.701923
889.073319	3022.171731
889.382376	2994.445385
889.691392	2996.125769
890.000366	2961.677885
890.309300	2965.878846
890.618193	2986.043462
890.927044	2983.522885
891.235855	3028.893269
891.544625	2941.513269
891.853353	2977.641538
892.162041	2964.198462
892.470687	3110.391923
892.779293	3081.825385
893.087858	3122.994808
893.396381	3242.302115
893.704864	3378.413269
894.013306	3515.364615
894.321707	3806.911346
894.630068	4138.787308
894.938387	4354.716731
895.246665	4313.547308
895.554903	4103.499231
895.863100	3857.322885
896.171256	3690.124615
896.479371	3667.439423
896.787446	3465.793269
897.095480	3354.887885
897.403473	3331.362500
897.711425	3249.023654
898.019336	3187.689615
898.327207	3187.689615
898.635038	3100.309615
898.942827	3107.031154
899.250576	3036.455000
899.558284	3005.367885
899.865952	2977.641538
900.173579	2977.641538
900.481165	2965.878846
900.788711	2860.014615
901.096216	2946.554423
901.403681	2863.375385
901.711105	2871.777308
902.018489	2917.147692
902.325832	2912.946731
902.633135	2899.503654
902.940397	2996.965962
903.247619	3071.743077
903.554800	3170.045577
903.861941	3587.621154
904.169041	4095.937500
904.476101	4589.970577
904.783121	4686.592692
905.090100	4340.433462
905.397039	4036.283846
905.703938	3714.490192
906.010796	3581.739808
906.317614	3396.057308
906.624391	3363.289808
906.931129	3198.612115
907.237826	3066.701923
907.544483	3022.171731
907.851099	2925.549615
908.157675	2896.142885
908.464211	2899.503654
908.770707	2722.223077
909.077163	2750.789615
909.383578	2760.871923
909.689954	2769.273846
909.996289	2760.871923
910.302584	2734.825962
910.608839	2747.428846
910.915054	2703.738846
911.221229	2729.784808
911.527363	2714.661346
911.833458	2792.799231
912.139513	2772.634615
912.445527	2737.346538
912.751502	2786.077692
913.057436	2778.515962
913.363331	2802.041346
913.669186	2818.845192
913.975000	2852.452885
914.280775	2914.627115
914.586510	3043.176538
914.892205	3149.040769
915.197859	3346.485962
915.503475	3556.534038
915.809050	3861.523846
916.114585	4032.923077
916.420081	4221.966346
916.725536	4168.194038
917.030952	3985.872308
917.336328	3909.414808
917.641665	3774.984038
917.946961	3615.347500
918.252218	3540.570385
918.557435	3423.783654
918.862612	3357.408462
919.167750	3263.306923
919.472848	3119.634038
919.777906	3164.164231
920.082925	3044.856923
920.387904	2987.723846
920.692843	2958.317115
920.997743	2882.699808
921.302603	2831.448077
921.607423	2870.096923
921.912204	2820.525577
922.216946	2781.036538
922.521647	2743.227885
922.826310	2749.109231
923.130932	2776.835577
923.435516	2775.995385
923.740059	2696.177115
924.044564	2652.487115
924.349028	2718.022115
924.653454	2639.884231
924.957840	2681.893846
925.262186	2640.724423
925.566493	2656.688077
925.870761	2662.569423
926.174989	2640.724423
926.479178	2640.724423
926.783328	2618.879423
927.087438	2621.400000
927.391509	2589.472692
927.695541	2609.637308
927.999533	2623.920577
928.303486	2623.080385
928.607400	2595.354038
928.911275	2575.189423
929.215110	2594.513846
929.518906	2606.276538
929.822663	2579.390385
930.126381	2577.710000
930.430060	2618.039231
930.733699	2583.591346
931.037299	2572.668846
931.340861	2552.504231
931.644383	2549.143462
931.947866	2607.116731
932.251309	2558.385577
932.554714	2517.216154
932.858080	2571.828654
933.161407	2570.988462
933.464694	2566.787500
933.767943	2589.472692
934.071153	2570.988462
934.374323	2547.463077
934.677455	2552.504231
934.980548	2581.910962
935.283602	2540.741538
935.586617	2529.819038
935.889593	2541.581731
936.192530	2545.782692
936.495428	2614.678462
936.798287	2565.107115
937.101108	2588.632500
937.403890	2589.472692
937.706632	2556.705192
938.009336	2573.509038
938.312002	2624.760769
938.614628	2602.915769
938.917216	2619.719615
939.219765	2634.002885
939.522275	2615.518654
939.824747	2634.843077
940.127179	2653.327308
940.429573	2597.874615
940.731929	2598.714808
941.034246	2668.450769
941.336524	2639.044038
941.638763	2636.523462
941.940964	2544.942500
942.243126	2604.596154
942.545250	2613.838269
942.847335	2583.591346
943.149381	2587.792308
943.451389	2613.838269
943.753359	2596.194231
944.055290	2603.755962
944.357182	2566.787500
944.659036	2568.467885
944.960851	2556.705192
945.262628	2606.276538
945.564367	2562.586538
945.866067	2532.339615
946.167729	2604.596154
946.469352	2580.230577
946.770937	2527.298462
947.072484	2549.143462
947.373992	2577.710000
947.675462	2578.550192
947.976893	2554.184615
948.278286	2574.349231
948.579641	2554.184615
948.880958	2577.710000
949.182236	2587.792308
949.483476	2583.591346
949.784678	2534.860192
950.085841	2553.344423
950.386967	2537.380769
950.688054	2555.865000
950.989103	2585.271731
951.290114	2550.823846
951.591087	2531.499423
951.892021	2523.937692
952.192917	2569.308077
952.493776	2565.947308
952.794596	2536.540577
953.095378	2564.266923
953.396122	2590.312885
953.696828	2551.664038
953.997496	2572.668846
954.298126	2547.463077
954.598718	2521.417115
954.899272	2555.024808
955.199788	2565.947308
955.500266	2544.942500
955.800706	2615.518654
956.101108	2500.412308
956.401472	2570.988462
956.701798	2559.225769
957.002087	2535.700385
957.302337	2572.668846
957.602550	2481.087885
957.902724	2528.138654
958.202861	2503.773077
958.502960	2570.988462
958.803022	2496.211346
959.103045	2490.330000
959.403031	2498.731923
959.702979	2486.129038
960.002889	2488.649615
960.302762	2502.932885
960.602596	2533.179808
960.902393	2486.969231
961.202153	2511.334808
961.501875	2455.041923
961.801559	2507.974038
962.101205	2509.654423
962.400814	2534.860192
962.700385	2496.211346
962.999918	2518.896538
963.299414	2510.494615
963.598873	2504.613269
963.898293	2486.129038
964.197677	2530.659231
964.497022	2470.165385
964.796331	2449.160577
965.095601	2486.969231
965.394835	2549.983654
965.694030	2467.644808
965.993189	2476.046731
966.292309	2516.375962
966.591393	2518.056346
966.890439	2515.535769
967.189447	2531.499423
967.488419	2539.901346
967.787353	2536.540577
968.086249	2497.051538
968.385108	2433.196923
968.683930	2523.097500
968.982714	2471.845769
969.281462	2523.097500
969.580172	2478.567308
969.878844	2486.969231
970.177480	2516.375962
970.476078	2545.782692
970.774639	2499.572115
971.073162	2500.412308
971.371649	2496.211346
971.670098	2459.242885
971.968510	2455.041923
972.266885	2553.344423
972.565223	2500.412308
972.863524	2481.087885
973.161788	2467.644808
973.460014	2498.731923
973.758204	2492.850577
974.056356	2492.850577
974.354471	2468.485000
974.652550	2537.380769
974.950591	2565.947308
975.248595	2539.901346
975.546563	2482.768269
975.844493	2508.814231
976.142386	2478.567308
976.440243	2491.170192
976.738062	2457.562500
977.035845	2548.303269
977.333590	2490.330000
977.631299	2508.814231
977.928971	2480.247692
978.226606	2501.252500
978.524204	2492.850577
978.821765	2529.819038
979.119290	2515.535769
979.416777	2537.380769
979.714228	2474.366346
980.011642	2518.056346
980.309020	2489.489808
980.606360	2492.850577
980.903664	2482.768269
981.200931	2492.010385
981.498162	2507.133846
981.795356	2490.330000
982.092513	2495.371154
982.389633	2565.107115
982.686717	2525.618077
982.983764	2528.138654
983.280775	2478.567308
983.577749	2562.586538
983.874686	2562.586538
984.171587	2552.504231
984.468451	2540.741538
984.765279	2574.349231
985.062070	2581.070769
985.358824	2576.029615
985.655543	2549.143462
985.952224	2463.443846
986.248869	2534.860192
986.545478	2522.257308
986.842050	2528.978846
987.138586	2482.768269
987.435086	2511.334808
987.731549	2547.463077
988.027975	2498.731923
988.324366	2485.288846
988.620719	2523.097500
988.917037	2478.567308
989.213318	2516.375962
989.509563	2413.032308
989.805772	2508.814231
990.101944	2523.097500
990.398080	2465.124231
990.694180	2484.448654
990.990244	2482.768269
991.286271	2444.119423
991.582262	2455.882115
991.878217	2502.932885
992.174136	2533.179808
992.470019	2464.284038
992.765865	2456.722308
993.061676	2474.366346
993.357450	2460.923269
993.653188	2504.613269
993.948890	2476.886923
994.244556	2481.087885
994.540186	2492.010385
994.835780	2497.051538
995.131337	2517.216154
995.426859	2513.015192
995.722345	2503.773077
996.017795	2466.804615
996.313208	2511.334808
996.608586	2529.819038
996.903928	2509.654423
997.199234	2508.814231
997.494504	2563.426731
997.789738	2508.814231
998.084936	2549.983654
998.380099	2519.736731
998.675225	2481.087885
998.970316	2534.860192
999.265371	2523.937692
999.560390	2452.521346
999.855373	2489.489808
1000.150320	2492.010385
1000.445232	2535.700385
1000.740108	2504.613269
1001.034948	2523.937692
1001.329752	2479.407500
1001.624521	2476.886923
1001.919254	2545.782692
1002.213951	2487.809423
1002.508613	2504.613269
1002.803239	2491.170192
1003.097829	2475.206538
1003.392384	2503.773077
1003.686903	2505.453462
1003.981386	2506.293654
1004.275834	2443.279231
1004.570246	2507.133846
1004.864623	2496.211346
1005.158964	2466.804615
1005.453270	2497.891731
1005.747540	2503.773077
1006.041775	2452.521346
1006.335974	2502.932885
1006.630138	2476.046731
1006.924266	2493.690769
1007.218359	2476.046731
1007.512416	2501.252500
1007.806438	2510.494615
1008.100425	2513.855385
1008.394376	2501.252500
1008.688292	2471.005577
1008.982172	2497.051538
1009.276017	2515.535769
1009.569827	2480.247692
1009.863602	2466.804615
1010.157341	2480.247692
1010.451045	2525.618077
1010.744714	2548.303269
1011.038347	2511.334808
1011.331945	2516.375962
1011.625508	2454.201731
1011.919036	2468.485000
1012.212528	2483.608462
1012.505986	2497.051538
1012.799408	2492.850577
1013.092795	2495.371154
1013.386147	2451.681154
1013.679464	2501.252500
1013.972745	2496.211346
1014.265992	2501.252500
1014.559204	2508.814231
1014.852380	2533.179808
1015.145521	2497.051538
1015.438628	2504.613269
1015.731699	2461.763462
1016.024736	2540.741538
1016.317737	2501.252500
1016.610703	2469.325192
1016.903635	2492.850577
1017.196531	2493.690769
1017.489393	2518.896538
1017.782219	2523.937692
1018.075011	2472.685962
1018.367768	2450.000769
1018.660490	2507.133846
1018.953177	2507.133846
1019.245829	2507.133846
