Dividing Wavelength (nm)	Counts (n)	Blue Motor Position (mm): 26.100000	Red Motor Position (mm): 0.000000	
326.493990	1.001236
326.888308	1.001236
327.282561	1.001236
327.676750	1.002177
328.070874	1.001656
328.464933	1.000636
328.858929	1.001942
329.252859	1.001354
329.646726	1.001973
330.040528	1.000436
330.434265	1.001066
330.827938	1.001058
331.221547	1.001602
331.615091	1.001748
332.008571	1.002082
332.401986	1.000625
332.795338	1.001150
333.188625	1.001594
333.581847	1.001061
333.975006	1.001200
334.368100	1.001220
334.761129	0.999552
335.154095	1.001023
335.546996	1.000838
335.939833	1.000224
336.332606	1.000180
336.725315	1.000081
337.117960	0.999657
337.510540	0.999176
337.903056	0.999145
338.295508	1.001807
338.687896	0.999791
339.080220	1.000247
339.472480	0.998975
339.864676	1.000087
340.256807	0.998757
340.648875	1.000393
341.040879	0.999875
341.432818	0.999734
341.824694	0.997924
342.216506	1.000442
342.608253	0.999596
342.999937	0.999137
343.391557	0.999413
343.783113	1.001110
344.174605	0.998963
344.566033	0.998706
344.957397	1.000255
345.348697	1.000719
345.739934	1.001067
346.131106	1.000032
346.522215	0.998517
346.913260	0.999230
347.304241	0.998330
347.695159	0.999125
348.086012	0.999996
348.476802	0.998967
348.867528	0.997795
349.258191	0.999508
349.648789	0.999274
350.039324	0.999514
350.429796	0.999458
350.820203	0.999229
351.210548	0.999273
351.600828	0.998994
351.991045	0.999718
352.381198	0.998702
352.771288	0.999818
353.161314	0.999757
353.551276	0.998983
353.941175	0.997879
354.331010	0.999242
354.720782	0.998201
355.110490	0.998997
355.500135	0.998932
355.889717	0.997663
356.279235	0.998350
356.668689	0.999511
357.058080	0.999273
357.447408	0.997814
357.836672	0.998309
358.225873	0.997678
358.615010	0.998889
359.004084	0.996520
359.393095	0.999335
359.782043	0.997112
360.170927	0.998770
360.559748	0.999404
360.948505	0.998289
361.337199	0.998591
361.725830	0.998866
362.114398	0.997985
362.502903	0.996857
362.891344	0.996967
363.279722	0.997496
363.668037	0.999010
364.056289	0.996945
364.444478	0.999124
364.832603	0.997007
365.220665	0.997506
365.608665	0.997148
365.996601	0.997336
366.384474	0.995725
366.772284	0.997336
367.160031	0.996202
367.547715	0.995507
367.935336	0.995530
368.322893	0.995063
368.710388	0.992556
369.097820	0.991472
369.485189	0.989401
369.872495	0.987318
370.259738	0.985832
370.646918	0.982460
371.034035	0.979599
371.421090	0.976638
371.808081	0.972152
372.195010	0.969219
372.581875	0.963820
372.968678	0.960091
373.355418	0.957264
373.742096	0.948005
374.128710	0.944931
374.515262	0.940473
374.901751	0.933431
375.288177	0.929205
375.674540	0.922652
376.060841	0.916023
376.447079	0.910159
376.833254	0.903317
377.219367	0.897281
377.605417	0.886202
377.991404	0.883927
378.377329	0.877270
378.763191	0.871160
379.148991	0.862053
379.534727	0.854718
379.920402	0.846543
380.306013	0.842377
380.691563	0.830683
381.077049	0.823058
381.462474	0.819513
381.847835	0.807353
382.233134	0.803277
382.618371	0.803806
383.003545	0.785473
383.388657	0.784506
383.773706	0.776602
384.158693	0.772675
384.543618	0.766826
384.928480	0.758214
385.313280	0.747929
385.698017	0.747200
386.082692	0.736856
386.467305	0.734724
386.851856	0.729290
387.236344	0.723843
387.620770	0.718275
388.005133	0.712908
388.389435	0.706581
388.773674	0.704324
389.157851	0.696061
389.541965	0.693533
389.926018	0.700503
390.310008	0.687198
390.693936	0.684650
391.077802	0.676016
391.461606	0.677853
391.845348	0.667038
392.229027	0.666510
392.612645	0.665068
392.996200	0.651440
393.379694	0.644321
393.763125	0.634917
394.146494	0.639431
394.529801	0.629600
394.913047	0.622513
395.296230	0.628459
395.679351	0.619080
396.062410	0.616182
396.445408	0.618383
396.828343	0.614437
397.211217	0.609387
397.594028	0.621442
397.976778	0.611691
398.359466	0.607768
398.742092	0.603613
399.124656	0.615073
399.507158	0.603963
399.889598	0.601512
400.271977	0.592203
400.654294	0.596050
401.036549	0.594739
401.418742	0.599630
401.800874	0.585027
402.182944	0.581924
402.564952	0.573684
402.946898	0.575154
403.328783	0.576728
403.710606	0.587349
404.092367	0.562345
404.474067	0.568026
404.855705	0.566455
405.237282	0.574939
405.618797	0.561291
406.000250	0.556818
406.381642	0.547008
406.762972	0.552455
407.144240	0.550826
407.525447	0.550734
407.906593	0.543571
408.287677	0.539649
408.668700	0.547828
409.049661	0.541764
409.430560	0.536139
409.811399	0.545315
410.192176	0.527516
410.572891	0.534121
410.953545	0.522384
411.334138	0.536788
411.714669	0.528476
412.095139	0.540905
412.475547	0.524181
412.855894	0.526849
413.236180	0.526033
413.616405	0.530942
413.996568	0.521685
414.376670	0.527457
414.756711	0.532125
415.136691	0.529099
415.516609	0.520487
415.896466	0.516491
416.276262	0.512783
416.655997	0.514737
417.035670	0.496497
417.415283	0.487918
417.794834	0.492882
418.174324	0.498864
418.553753	0.507200
418.933121	0.489969
419.312428	0.483361
419.691674	0.489070
420.070859	0.477584
420.449983	0.485245
420.829045	0.474506
421.208047	0.483529
421.586988	0.477083
421.965867	0.475808
422.344686	0.464687
422.723444	0.476631
423.102141	0.494122
423.480777	0.466963
423.859352	0.487903
424.237866	0.464829
424.616319	0.465870
424.994712	0.456608
425.373044	0.466674
425.751314	0.454868
426.129524	0.471682
426.507673	0.454720
426.885762	0.448777
427.263789	0.454046
427.641756	0.463613
428.019662	0.453783
428.397508	0.453327
428.775292	0.457641
429.153016	0.450051
429.530679	0.455920
429.908282	0.448850
430.285824	0.459529
430.663305	0.437567
431.040726	0.458854
431.418086	0.458610
431.795385	0.450882
432.172624	0.449327
432.549802	0.449715
432.926920	0.448934
433.303977	0.448644
433.680974	0.444926
434.057910	0.443889
434.434786	0.443231
434.811601	0.446465
435.188355	0.428925
435.565050	0.438184
435.941683	0.439621
436.318257	0.423397
436.694770	0.424169
437.071222	0.422585
437.447614	0.426831
437.823946	0.433044
438.200218	0.422932
438.576429	0.432849
438.952580	0.425874
439.328670	0.422276
439.704700	0.428776
440.080670	0.430382
440.456580	0.411526
440.832429	0.419460
441.208218	0.430323
441.583947	0.420028
441.959616	0.419417
442.335224	0.425464
442.710773	0.416378
443.086261	0.414623
443.461689	0.428915
443.837057	0.419031
444.212365	0.408961
444.587612	0.416535
444.962800	0.406762
445.337927	0.409182
445.712995	0.435381
446.088002	0.397881
446.462949	0.409043
446.837837	0.414789
447.212664	0.403882
447.587431	0.396580
447.962139	0.368509
448.336786	0.328927
448.711374	0.340128
449.085901	0.384838
449.460369	0.390003
449.834776	0.394656
450.209124	0.375905
450.583412	0.370717
450.957640	0.364661
451.331808	0.377681
451.705917	0.402026
452.079965	0.408221
452.453954	0.398603
452.827883	0.407035
453.201752	0.403562
453.575562	0.416586
453.949311	0.408456
454.323001	0.415880
454.696632	0.413777
455.070202	0.410085
455.443713	0.404598
455.817164	0.402907
456.190556	0.401998
456.563888	0.402310
456.937160	0.402411
457.310373	0.421499
457.683526	0.423344
458.056619	0.432981
458.429653	0.436587
458.802628	0.443352
459.175542	0.441895
459.548398	0.430516
459.921194	0.429118
460.293930	0.434334
460.666607	0.420459
461.039224	0.416276
461.411782	0.416885
461.784280	0.420385
462.156719	0.428548
462.529099	0.437440
462.901419	0.455654
463.273680	0.464164
463.645882	0.468733
464.018024	0.481174
464.390106	0.479957
464.762130	0.474123
465.134094	0.469131
465.505999	0.454877
465.877845	0.440445
466.249631	0.435947
466.621358	0.447480
466.993026	0.465012
467.364634	0.475268
467.736184	0.488939
468.107674	0.503037
468.479105	0.511761
468.850477	0.522384
469.221790	0.534840
469.593043	0.549562
469.964238	0.561472
470.335373	0.568392
470.706449	0.575301
471.077467	0.583434
471.448425	0.568620
471.819324	0.562436
472.190164	0.568691
472.560945	0.594992
472.931667	0.616990
473.302330	0.626248
473.672934	0.641069
474.043479	0.642856
474.413965	0.651475
474.784393	0.661959
475.154761	0.666762
475.525070	0.673371
475.895321	0.684718
476.265513	0.689047
476.635645	0.694328
477.005719	0.703469
477.375734	0.708909
477.745691	0.713374
478.115588	0.719777
478.485427	0.725474
478.855207	0.727489
479.224928	0.728663
479.594591	0.730464
479.964194	0.740524
480.333739	0.748944
480.703226	0.759688
481.072653	0.764979
481.442022	0.771414
481.811333	0.776129
482.180584	0.785046
482.549777	0.794657
482.918912	0.802162
483.287988	0.808433
483.657005	0.814973
484.025964	0.823789
484.394864	0.830400
484.763706	0.836939
485.132489	0.843391
485.501213	0.850494
485.869879	0.854212
486.238487	0.861879
486.607036	0.866768
486.975527	0.873479
487.343959	0.877306
487.712333	0.882479
488.080648	0.887345
488.448905	0.892808
488.817104	0.897058
489.185244	0.901393
489.553326	0.905266
489.921350	0.907121
490.289315	0.906139
490.657222	0.907752
491.025070	0.913632
491.392861	0.917472
491.760593	0.923773
492.128267	0.929731
492.495883	0.933288
492.863440	0.937405
493.230939	0.941535
493.598380	0.945043
493.965763	0.948254
494.333088	0.949835
494.700354	0.953430
495.067563	0.955768
495.434713	0.958784
495.801805	0.960301
496.168839	0.962573
496.535815	0.964984
496.902733	0.965970
497.269593	0.967927
497.636395	0.969117
498.003139	0.971654
498.369825	0.973766
498.736453	0.973913
499.103023	0.975897
499.469535	0.977340
499.835989	0.977952
500.202385	0.979205
500.568723	0.980589
500.935003	0.980701
501.301226	0.982552
501.667390	0.982349
502.033497	0.983921
502.399546	0.984696
502.765537	0.984956
503.131470	0.985942
503.497345	0.986427
503.863163	0.987086
504.228923	0.987128
504.594625	0.987972
504.960269	0.988469
505.325856	0.989482
505.691385	0.989403
506.056856	0.989879
506.422270	0.990198
506.787625	0.990494
507.152924	0.990710
507.518164	0.990834
507.883347	0.990854
508.248472	0.991491
508.613540	0.991092
508.978550	0.991776
509.343503	0.992522
509.708398	0.992601
510.073236	0.992693
510.438016	0.992279
510.802738	0.991697
511.167403	0.992494
511.532010	0.993138
511.896561	0.993130
512.261053	0.992666
512.625488	0.993283
512.989866	0.992581
513.354186	0.992890
513.718449	0.993468
514.082655	0.993654
514.446803	0.994291
514.810894	0.993884
515.174927	0.994322
515.538904	0.994235
515.902822	0.994176
516.266684	0.994943
516.630488	0.994459
516.994235	0.994939
517.357925	0.994659
517.721558	0.994831
518.085133	0.993999
518.448651	0.994644
518.812112	0.995449
519.175516	0.994469
519.538863	0.994502
519.902152	0.995085
520.265385	0.995155
520.628560	0.994545
520.991678	0.994843
521.354739	0.995023
521.717743	0.994349
522.080690	0.994294
522.443580	0.995149
522.806413	0.994560
523.169189	0.995276
523.531908	0.994304
523.894569	0.995059
524.257174	0.994628
524.619722	0.994960
524.982213	0.995311
525.344647	0.995046
525.707025	0.994492
526.069345	0.994818
526.431608	0.994986
526.793815	0.995790
527.155964	0.995728
527.518057	0.994793
527.880093	0.995236
528.242072	0.995231
528.603995	0.995443
528.965860	0.995764
529.327669	0.995659
529.689421	0.994735
530.051117	0.995812
530.412755	0.995620
530.774337	0.995197
531.135862	0.996063
531.497331	0.995492
531.858743	0.996398
532.220098	0.994905
532.581396	0.995887
532.942638	0.995745
533.303824	0.996508
533.664953	0.995618
534.026025	0.996182
534.387040	0.996096
534.747999	0.995320
535.108902	0.995399
535.469748	0.996065
535.830537	0.996078
536.191270	0.995822
536.551947	0.995338
536.912567	0.996051
537.273131	0.995626
537.633638	0.995379
537.994089	0.996225
538.354483	0.996010
538.714821	0.995726
539.075103	0.996425
539.435328	0.995694
539.795497	0.995422
540.155609	0.995213
540.515665	0.995660
540.875665	0.995338
541.235609	0.995934
541.595496	0.994743
541.955328	0.995954
542.315102	0.996214
542.674821	0.995962
543.034483	0.995769
543.394090	0.994898
543.753640	0.996384
544.113134	0.994860
544.472571	0.996227
544.831953	0.995917
545.191278	0.995613
545.550548	0.995976
545.909761	0.995415
546.268918	0.996159
546.628019	0.996190
546.987064	0.995537
547.346053	0.995117
547.704986	0.995479
548.063863	0.995142
548.422684	0.994837
548.781449	0.995531
549.140158	0.995514
549.498811	0.995316
549.857408	0.995329
550.215949	0.995325
550.574434	0.994499
550.932864	0.995949
551.291237	0.995816
551.649555	0.996258
552.007817	0.995198
552.366022	0.995726
552.724173	0.996318
553.082267	0.996059
553.440305	0.995529
553.798288	0.994934
554.156215	0.995127
554.514086	0.995936
554.871902	0.995178
555.229661	0.994985
555.587365	0.995371
555.945014	0.995935
556.302606	0.994836
556.660143	0.995966
557.017625	0.996060
557.375050	0.995378
557.732421	0.996267
558.089735	0.995408
558.446994	0.995543
558.804197	0.996192
559.161345	0.995368
559.518437	0.995280
559.875474	0.995860
560.232455	0.995500
560.589381	0.995891
560.946251	0.995484
561.303065	0.995936
561.659825	0.994881
562.016528	0.995509
562.373177	0.996119
562.729770	0.995426
563.086307	0.994601
563.442789	0.996155
563.799216	0.995629
564.155587	0.995790
564.511904	0.995536
564.868164	0.994898
565.224370	0.995725
565.580520	0.995644
565.936615	0.995216
566.292654	0.995272
566.648638	0.996829
567.004567	0.995359
567.360441	0.996106
567.716260	0.995128
568.072023	0.995112
568.427732	0.995516
568.783385	0.995567
569.138982	0.995421
569.494525	0.995278
569.850013	0.996285
570.205445	0.996118
570.560823	0.995847
570.916145	0.995442
571.271412	0.995855
571.626625	0.995616
571.981782	0.995218
572.336884	0.996229
572.691931	0.996360
573.046923	0.996629
573.401860	0.994829
573.756743	0.995935
574.111570	0.995278
574.466342	0.996137
574.821059	0.996129
575.175722	0.995856
575.530330	0.995514
575.884882	0.996008
576.239380	0.995467
576.593823	0.995725
576.948211	0.996382
577.302544	0.995186
577.656823	0.995416
578.011047	0.995354
578.365216	0.996284
578.719330	0.996069
579.073389	0.995292
579.427394	0.994989
579.781344	0.996016
580.135239	0.994894
580.489080	0.995045
580.842866	0.995573
581.196597	0.996010
581.550273	0.994828
581.903895	0.995278
582.257463	0.995544
582.610975	0.995324
582.964434	0.995672
583.317837	0.996253
583.671186	0.996056
584.024481	0.995063
584.377721	0.995171
584.730906	0.995444
585.084037	0.995970
585.437113	0.996513
585.790135	0.995281
586.143103	0.995483
586.496016	0.995758
586.848874	0.995857
587.201679	0.995872
587.554428	0.995064
587.907124	0.996081
588.259765	0.995732
588.612352	0.996669
588.964884	0.996116
589.317362	0.995416
589.669786	0.995653
590.022155	0.994989
590.374470	0.995536
590.726731	0.994744
591.078937	0.995664
591.431090	0.995875
591.783188	0.994641
592.135232	0.996280
592.487222	0.995822
592.839157	0.995238
593.191038	0.995489
593.542866	0.995710
593.894639	0.995640
594.246358	0.996007
594.598022	0.995266
594.949633	0.995968
595.301190	0.995374
595.652692	0.995721
596.004141	0.995107
596.355535	0.995450
596.706876	0.995648
597.058162	0.995381
597.409395	0.995071
597.760573	0.995267
598.111698	0.995330
598.462768	0.995144
598.813785	0.995076
599.164748	0.995227
599.515657	0.995064
599.866511	0.996213
600.217312	0.996259
600.568060	0.995948
600.918753	0.996155
601.269392	0.995612
601.619978	0.995771
601.970510	0.995362
602.320988	0.995515
602.671412	0.994999
603.021783	0.996207
603.372100	0.996138
603.722363	0.996018
604.072572	0.995543
604.422728	0.995135
604.772830	0.995972
605.122878	0.996333
605.472872	0.995580
605.822813	0.995194
606.172701	0.995797
606.522534	0.995787
606.872314	0.995674
607.222041	0.995768
607.571714	0.996056
607.921333	0.995770
608.270899	0.995287
608.620411	0.995689
608.969870	0.996447
609.319276	0.995183
609.668627	0.996139
610.017926	0.995900
610.367171	0.995485
610.716362	0.995769
611.065500	0.995138
611.414585	0.995764
611.763616	0.995269
612.112594	0.995335
612.461518	0.994722
612.810389	0.995443
613.159207	0.995248
613.507971	0.994950
613.856682	0.996179
614.205340	0.994886
614.553945	0.995912
614.902496	0.995707
615.250994	0.995656
615.599439	0.995712
615.947830	0.996024
616.296169	0.994802
616.644454	0.995464
616.992686	0.995657
617.340864	0.995383
617.688990	0.994800
618.037063	0.995132
618.385082	0.995037
618.733048	0.994957
619.080961	0.995209
619.428821	0.995615
619.776628	0.994745
620.124382	0.994976
620.472083	0.995109
620.819731	0.996222
621.167326	0.995454
621.514868	0.996091
621.862357	0.995220
622.209793	0.995379
622.557176	0.995303
622.904506	0.995141
623.251783	0.996313
623.599007	0.995842
623.946179	0.995159
624.293297	0.996240
624.640363	0.995418
624.987376	0.995006
625.334336	0.994920
625.681243	0.995639
626.028097	0.995455
626.374899	0.994847
626.721647	0.996370
627.068343	0.995482
627.414987	0.995408
627.761577	0.994710
628.108115	0.995000
628.454600	0.995647
628.801032	0.995709
629.147412	0.995582
629.493739	0.996689
629.840014	0.995181
630.186236	0.995451
630.532405	0.995336
630.878521	0.995396
631.224585	0.995723
631.570597	0.995202
631.916556	0.995862
632.262462	0.994315
632.608316	0.995406
632.954117	0.994662
633.299866	0.995237
633.645562	0.995193
633.991206	0.995985
634.336797	0.995471
634.682336	0.996386
635.027823	0.995571
635.373257	0.994907
635.718639	0.995901
636.063968	0.995137
636.409245	0.995761
636.754470	0.995514
637.099642	0.996211
637.444762	0.996005
637.789829	0.995701
638.134845	0.995131
638.479808	0.995610
638.824719	0.995410
639.169577	0.995434
639.514383	0.995394
639.859137	0.995891
640.203839	0.995026
640.548489	0.995610
640.893086	0.995242
641.237632	0.996088
641.582125	0.995431
641.926566	0.996737
642.270955	0.995803
642.615292	0.995220
642.959576	0.995654
643.303809	0.996182
643.647990	0.996408
643.992118	0.995559
644.336195	0.995005
644.680219	0.995973
645.024192	0.995318
645.368112	0.994901
645.711981	0.995600
646.055797	0.995893
646.399562	0.995262
646.743274	0.996044
647.086935	0.995265
647.430544	0.995013
647.774101	0.995371
648.117606	0.995031
648.461059	0.996120
648.804460	0.995304
649.147810	0.994551
649.491108	0.994103
649.834354	0.995419
650.177548	0.995681
650.520690	0.995151
650.863781	0.994490
651.206820	0.995159
651.549807	0.994578
651.892742	0.995828
652.235626	0.995811
652.578458	0.995842
652.921238	0.996343
653.263967	0.996277
653.606644	0.995174
653.949269	0.996407
654.291843	0.994339
654.634365	0.995553
654.976836	0.995989
655.319255	0.995832
655.661622	0.995737
656.003938	0.995712
656.346203	0.994932
656.688416	0.995736
657.030577	0.996102
657.372687	0.995779
657.714746	0.994874
658.056753	0.995113
658.398708	0.994645
658.740612	0.995897
659.082465	0.995252
659.424266	0.995597
659.766016	0.995617
660.107715	0.996153
660.449362	0.995759
660.790958	0.995051
661.132503	0.996073
661.473996	0.995386
661.815438	0.995740
662.156829	0.996114
662.498168	0.996701
662.839456	0.995148
663.180693	0.995903
663.521879	0.996167
663.863013	0.994975
664.204097	0.995319
664.545129	0.995275
664.886110	0.995717
665.227040	0.995009
665.567918	0.994401
665.908746	0.994467
666.249522	0.995429
666.590248	0.995830
666.930922	0.995086
667.271545	0.995166
667.612118	0.995225
667.952639	0.995598
668.293109	0.996147
668.633528	0.995208
668.973896	0.994830
669.314213	0.995030
669.654480	0.994998
669.994695	0.994936
670.334859	0.994998
670.674973	0.994704
671.015035	0.995573
671.355047	0.995629
671.695008	0.995155
672.034918	0.995366
672.374777	0.995720
672.714585	0.995693
673.054342	0.995029
673.394049	0.995415
673.733705	0.994958
674.073310	0.995501
674.412864	0.995560
674.752368	0.994602
675.091820	0.995965
675.431223	0.996191
675.770574	0.994927
676.109875	0.995112
676.449125	0.994906
676.788324	0.994974
677.127473	0.996103
677.466571	0.995812
677.805619	0.995898
678.144616	0.995527
678.483562	0.995208
678.822458	0.996063
679.161303	0.995659
679.500098	0.995980
679.838842	0.995844
680.177535	0.994770
680.516179	0.995115
680.854771	0.994613
681.193314	0.995146
681.531805	0.995532
681.870247	0.995531
682.208638	0.994912
682.546978	0.995207
682.885268	0.995403
683.223508	0.994603
683.561697	0.995206
683.899836	0.995354
684.237925	0.995245
684.575963	0.994915
684.913951	0.995540
685.251889	0.995534
685.589776	0.994702
685.927614	0.995181
686.265401	0.994259
686.603137	0.994898
686.940824	0.995364
687.278460	0.995513
687.616046	0.994999
687.953582	0.994194
688.291068	0.995453
688.628504	0.994558
688.965889	0.993954
689.303224	0.993554
689.640510	0.994675
689.977745	0.993812
690.314930	0.995271
690.652065	0.994732
690.989150	0.994597
691.326185	0.994877
691.663170	0.994213
692.000105	0.995291
692.336990	0.995007
692.673825	0.994816
693.010610	0.995528
693.347345	0.995492
693.684030	0.995341
694.020665	0.995475
694.357251	0.995272
694.693786	0.995596
695.030272	0.994220
695.366707	0.994935
695.703093	0.994566
696.039429	0.994205
696.375716	0.995942
696.711952	0.994451
697.048139	0.996018
697.384276	0.995975
697.720363	0.995979
698.056400	0.994355
698.392388	0.994711
698.728326	0.995515
699.064214	0.996896
699.400053	0.995472
699.735842	0.995729
700.071581	0.994723
700.407270	0.994563
700.742910	0.995857
701.078501	0.996391
701.414042	0.996512
701.749533	0.994795
702.084974	0.995339
702.420366	0.995316
702.755709	0.995363
703.091002	0.996487
703.426246	0.996292
703.761440	0.995311
704.096584	0.994791
704.431679	0.995523
704.766725	0.995362
705.101721	0.995782
705.436668	0.995444
705.771565	0.995945
706.106413	0.994315
706.441212	0.995333
706.775961	0.995978
707.110661	0.995244
707.445311	0.996505
707.779913	0.997085
708.114465	0.996167
708.448967	0.995898
708.783421	0.996781
709.117825	0.995535
709.452180	0.996011
709.786485	0.995642
710.120742	0.995396
710.454949	0.994654
710.789107	0.995709
711.123216	0.993494
711.457275	0.994325
711.791286	0.994978
712.125247	0.996001
712.459159	0.994803
712.793023	0.995309
713.126837	0.995276
713.460602	0.995043
713.794318	0.993658
714.127985	0.993815
714.461602	0.995002
714.795171	0.993857
715.128691	0.994695
715.462162	0.994491
715.795584	0.995654
716.128957	0.994565
716.462281	0.994724
716.795556	0.995066
717.128782	0.995578
717.461960	0.995605
717.795088	0.995413
718.128167	0.996198
718.461198	0.995797
718.794180	0.996582
719.127113	0.995086
719.459997	0.995326
719.792833	0.995810
720.125619	0.994786
720.458357	0.995695
720.791046	0.996882
721.123686	0.996233
721.456278	0.994267
721.788821	0.995954
722.121315	0.996728
722.453761	0.996070
722.786158	0.995869
723.118506	0.995620
723.450805	0.993980
723.783056	0.996582
724.115259	0.995737
724.447412	0.996521
724.779518	0.996191
725.111574	0.995882
725.443582	0.996203
725.775542	0.995713
726.107453	0.995590
726.439315	0.996794
726.771129	0.995613
727.102895	0.996076
727.434612	0.995316
727.766281	0.995006
728.097901	0.995137
728.429473	0.995742
728.760996	0.994213
729.092471	0.995429
729.423897	0.996126
729.755276	0.995826
730.086606	0.995020
730.417887	0.995563
730.749120	0.996244
731.080305	0.994849
731.411442	0.995026
731.742530	0.994574
732.073570	0.994867
732.404562	0.995352
732.735506	0.994759
733.066401	0.995035
733.397249	0.994613
733.728048	0.994779
734.058798	0.995511
734.389501	0.995601
734.720156	0.995847
735.050762	0.996555
735.381320	0.996094
735.711831	0.995770
736.042293	0.995483
736.372707	0.996688
736.703073	0.995418
737.033391	0.995823
737.363661	0.996041
737.693883	0.995774
738.024056	0.995507
738.354182	0.996131
738.684260	0.995656
739.014290	0.995790
739.344272	0.995599
739.674207	0.995784
740.004093	0.995761
740.333931	0.996174
740.663722	0.996044
740.993464	0.996216
741.323159	0.995459
741.652806	0.995246
741.982405	0.995202
742.311956	0.996100
742.641460	0.995513
742.970915	0.996540
743.300323	0.993550
743.629683	0.995146
743.958996	0.997148
744.288260	0.994728
744.617477	0.995704
744.946647	0.995957
745.275768	0.996680
745.604842	0.995591
745.933869	0.995204
746.262847	0.997184
746.591778	0.995828
746.920662	0.997036
747.249498	0.996925
747.578286	0.997479
747.907027	0.995701
748.235720	0.995666
748.564365	0.995977
748.892963	0.996067
749.221514	0.996088
749.550017	0.995665
749.878473	0.995753
750.206881	0.996761
750.535242	0.995930
750.863555	0.995795
751.191821	0.996079
751.520039	0.995850
751.848210	0.994401
752.176334	0.995111
752.504411	0.995225
752.832440	0.995857
753.160421	0.995949
753.488356	0.997532
753.816243	0.994771
754.144082	0.994823
754.471875	0.996480
754.799620	0.996385
755.127318	0.996201
755.454969	0.996186
755.782572	0.997502
756.110129	0.995948
756.437638	0.997042
756.765100	0.996083
757.092515	0.996546
757.419882	0.996825
757.747203	0.996030
758.074477	0.997757
758.401703	0.996006
758.728882	0.996226
759.056014	0.996031
759.383099	0.996409
759.710138	0.995728
760.037129	0.996373
760.364073	0.996699
760.690970	0.996235
761.017820	0.995723
761.344623	0.995779
761.671379	0.996582
761.998088	0.996601
762.324751	0.996198
762.651366	0.995089
762.977935	0.994087
763.304456	0.994228
763.630931	0.991442
763.957359	0.992152
764.283740	0.992572
764.610074	0.993983
764.936362	0.994652
765.262602	0.995323
765.588796	0.994898
765.914943	0.995030
766.241044	0.995476
766.567097	0.995526
766.893104	0.997339
767.219064	0.995337
767.544978	0.996342
767.870845	0.996654
768.196665	0.996387
768.522438	0.996993
768.848165	0.996918
769.173846	0.997088
769.499479	0.998161
769.825066	0.998153
770.150607	0.998465
770.476101	0.997760
770.801548	0.998420
771.126949	0.998343
771.452303	0.997550
771.777611	0.997301
772.102872	0.996989
772.428087	0.996801
772.753256	0.997102
773.078378	0.997334
773.403453	0.997004
773.728482	0.998819
774.053465	0.995928
774.378401	0.997655
774.703291	0.998689
775.028135	0.998816
775.352932	0.997661
775.677683	0.998723
776.002388	0.998369
776.327046	0.997002
776.651658	0.998892
776.976224	0.998479
777.300743	0.997981
777.625216	0.996985
777.949643	0.998032
778.274024	0.998156
778.598359	0.997816
778.922647	0.997835
779.246889	0.999610
779.571086	0.998577
779.895236	0.997996
780.219339	0.998757
780.543397	0.997593
780.867409	0.998287
781.191374	0.998042
781.515294	0.998617
781.839167	0.998540
782.162995	0.998792
782.486776	0.997604
782.810511	0.997866
783.134201	0.998683
783.457844	0.998498
783.781441	0.996892
784.104993	0.997539
784.428498	0.997874
784.751958	0.999116
785.075372	0.998822
785.398739	0.997159
785.722061	0.997391
786.045337	0.997571
786.368568	0.998026
786.691752	0.997486
787.014891	0.997635
787.337983	0.996550
787.661030	0.997426
787.984031	0.998158
788.306987	0.997662
788.629897	0.995671
788.952760	0.997263
789.275579	0.996373
789.598351	0.997379
789.921078	0.997378
790.243759	0.997711
790.566395	0.996397
790.888984	0.997890
791.211529	0.997760
791.534027	0.997622
791.856480	0.997882
792.178888	0.997394
792.501249	0.998695
792.823566	0.998054
793.145836	0.997754
793.468062	0.998775
793.790241	0.998953
794.112375	0.996411
794.434464	0.997940
794.756507	0.999402
795.078505	0.998129
795.400457	0.998702
795.722364	0.998181
796.044226	0.997441
796.366042	0.997369
796.687812	0.996595
797.009538	0.997602
797.331218	0.997334
797.652852	0.997863
797.974442	0.996198
798.295986	0.997546
798.617484	0.996700
798.938938	0.997816
799.260346	0.997424
799.581709	0.997089
799.903026	0.997965
800.224299	0.998076
800.545526	0.997746
800.866708	0.997982
801.187845	0.998190
801.508936	0.998086
801.829983	0.998102
802.150984	0.998743
802.471940	0.998759
802.792851	0.998041
803.113717	0.998401
803.434538	0.998104
803.755314	0.998950
804.076045	0.999097
804.396731	0.998840
804.717372	0.996791
805.037967	0.998594
805.358518	0.998335
805.679024	0.998799
805.999485	0.998700
806.319901	0.998996
806.640272	0.999399
806.960598	0.999579
807.280879	0.998606
807.601115	0.998099
807.921306	0.998472
808.241453	0.998110
808.561554	0.998476
808.881611	0.998633
809.201623	0.997614
809.521590	0.998211
809.841513	0.998525
810.161390	0.997726
810.481223	0.998287
810.801011	0.998419
811.120755	0.999827
811.440453	0.998080
811.760107	0.998852
812.079716	0.997622
812.399281	0.997910
812.718801	0.997798
813.038276	0.997730
813.357707	0.998606
813.677093	0.998453
813.996434	0.998084
814.315731	0.999772
814.634983	0.999241
814.954191	0.999488
815.273354	0.998178
815.592473	0.998072
815.911547	0.998742
816.230577	0.997787
816.549562	0.997718
816.868502	0.997726
817.187399	0.999464
817.506250	0.999114
817.825058	0.997397
818.143821	0.997736
818.462539	0.998201
818.781213	0.997533
819.099843	0.997320
819.418429	0.996710
819.736970	0.997310
820.055466	0.995823
820.373919	0.995974
820.692327	0.994507
821.010691	0.992995
821.329011	0.990920
821.647286	0.988683
821.965517	0.987145
822.283704	0.985675
822.601847	0.982975
822.919945	0.982492
823.237999	0.984780
823.556010	0.985708
823.873976	0.987637
824.191897	0.989019
824.509775	0.990553
824.827609	0.991208
825.145398	0.991669
825.463144	0.991394
825.780845	0.991581
826.098502	0.991878
826.416116	0.992027
826.733685	0.989789
827.051210	0.988330
827.368692	0.989452
827.686129	0.989429
828.003522	0.992042
828.320872	0.992235
828.638177	0.993232
828.955439	0.996053
829.272656	0.995879
829.589830	0.995094
829.906960	0.996812
830.224046	0.995971
830.541088	0.997293
830.858086	0.996799
831.175041	0.998301
831.491952	0.998240
831.808819	0.996741
832.125642	0.997784
832.442421	0.997051
832.759157	0.998038
833.075849	0.994913
833.392497	0.993414
833.709101	0.991168
834.025662	0.992052
834.342179	0.992127
834.658653	0.994179
834.975083	0.994847
835.291469	0.995666
835.607811	0.996387
835.924110	0.996323
836.240366	0.998170
836.556578	0.998442
836.872746	0.997975
837.188871	0.998113
837.504952	0.997541
837.820990	0.998865
838.136984	0.997974
838.452935	0.997779
838.768842	0.997979
839.084706	0.997914
839.400526	0.998221
839.716303	0.996040
840.032037	0.996370
840.347727	0.995977
840.663373	0.996042
840.978977	0.997410
841.294537	0.998428
841.610054	0.998453
841.925527	0.998421
842.240957	0.998682
842.556344	0.998529
842.871687	0.999006
843.186987	0.998411
843.502244	0.999738
843.817458	0.998503
844.132629	0.998229
844.447756	0.999525
844.762840	0.999150
845.077881	1.000080
845.392879	0.998870
845.707833	0.998493
846.022745	0.999161
846.337613	0.999482
846.652438	0.999797
846.967221	0.999298
847.281960	1.000328
847.596656	0.999917
847.911309	0.999595
848.225919	0.999412
848.540485	0.999799
848.855009	1.000531
849.169490	0.999605
849.483928	0.999992
849.798323	0.999198
850.112675	1.000406
850.426984	1.000230
850.741251	0.999360
851.055474	0.999559
851.369654	1.000365
851.683792	0.999636
851.997887	1.000355
852.311938	0.999839
852.625947	0.999782
852.939914	0.999120
853.253837	1.001333
853.567718	0.999798
853.881555	0.999915
854.195350	1.000285
854.509103	0.999117
854.822812	1.000171
855.136479	0.999822
855.450103	1.000148
855.763685	1.000214
856.077224	0.999034
856.390720	0.999543
856.704173	0.999560
857.017584	1.000159
857.330953	0.999484
857.644278	0.999338
857.957561	0.998890
858.270802	1.000442
858.584000	0.999685
858.897155	1.000159
859.210268	1.000033
859.523339	1.000133
859.836367	0.999658
860.149352	0.998297
860.462295	1.000475
860.775195	0.999079
861.088054	0.998506
861.400869	0.999846
861.713642	0.999504
862.026373	1.000431
862.339062	1.000606
862.651708	0.999961
862.964312	1.000077
863.276873	1.000148
863.589392	0.999511
863.901869	0.998942
864.214303	1.000402
864.526696	0.999067
864.839045	0.999466
865.151353	1.000298
865.463619	0.998570
865.775842	0.999762
866.088023	1.000392
866.400162	0.999769
866.712258	1.000397
867.024313	0.999845
867.336325	1.000607
867.648296	0.999933
867.960224	0.999804
868.272110	0.999682
868.583954	1.000254
868.895755	1.000243
869.207515	0.999466
869.519233	1.000361
869.830909	0.999775
870.142542	0.998347
870.454134	0.999502
870.765684	0.998894
871.077191	0.999890
871.388657	0.998726
871.700081	0.999723
872.011463	0.999945
872.322803	0.999936
872.634101	0.998209
872.945357	0.998987
873.256571	0.998251
873.567744	0.998859
873.878874	0.999204
874.189963	0.998116
874.501010	1.000336
874.812015	0.998212
875.122979	0.999030
875.433900	0.998597
875.744780	0.998803
876.055618	0.997796
876.366415	0.998431
876.677169	0.998629
876.987882	0.997880
877.298554	0.999635
877.609183	0.998389
877.919771	0.999605
878.230317	0.998671
878.540822	0.996618
878.851285	0.997400
879.161707	0.997558
879.472087	0.998620
879.782425	0.996063
880.092722	0.995089
880.402977	0.992548
880.713191	0.989961
881.023363	0.987686
881.333494	0.984967
881.643583	0.986116
881.953631	0.985841
882.263637	0.985090
882.573602	0.985965
882.883526	0.987436
883.193408	0.989273
883.503248	0.990006
883.813048	0.991261
884.122806	0.992292
884.432522	0.991744
884.742197	0.994311
885.051831	0.995257
885.361424	0.995629
885.670975	0.996799
885.980485	0.996529
886.289954	0.996649
886.599382	0.996035
886.908768	0.997906
887.218113	0.996997
887.527417	0.998602
887.836680	0.998883
888.145901	0.997889
888.455082	1.000590
888.764221	0.998767
889.073319	0.997994
889.382376	0.999864
889.691392	0.997295
890.000366	0.998982
890.309300	0.998976
890.618193	0.999073
890.927044	0.999520
891.235855	0.998335
891.544625	0.998068
891.853353	0.998694
892.162041	0.998066
892.470687	0.999814
892.779293	0.997203
893.087858	0.996800
893.396381	0.997222
893.704864	0.995589
894.013306	0.995702
894.321707	0.994799
894.630068	0.993374
894.938387	0.992595
895.246665	0.992407
895.554903	0.992584
895.863100	0.994444
896.171256	0.994226
896.479371	0.995713
896.787446	0.995349
897.095480	0.996559
897.403473	0.997466
897.711425	0.996983
898.019336	0.996893
898.327207	0.997308
898.635038	0.996823
898.942827	0.998371
899.250576	0.997662
899.558284	0.998350
899.865952	0.997240
900.173579	0.997886
900.481165	0.998476
900.788711	0.997929
901.096216	0.998464
901.403681	0.998912
901.711105	0.998956
902.018489	0.998143
902.325832	0.998496
902.633135	0.997985
902.940397	0.999160
903.247619	0.997677
903.554800	0.996401
903.861941	0.995992
904.169041	0.992233
904.476101	0.991270
904.783121	0.990515
905.090100	0.991827
905.397039	0.992398
905.703938	0.994436
906.010796	0.994984
906.317614	0.995746
906.624391	0.995952
906.931129	0.997925
907.237826	0.998686
907.544483	0.998314
907.851099	0.998297
908.157675	0.998476
908.464211	0.999182
908.770707	0.998887
909.077163	0.998999
909.383578	0.999628
909.689954	0.999427
909.996289	1.000111
910.302584	0.999868
910.608839	1.001858
910.915054	0.999149
911.221229	1.000208
911.527363	0.998827
911.833458	0.998627
912.139513	0.999385
912.445527	1.000047
912.751502	0.999399
913.057436	0.999022
913.363331	0.999419
913.669186	0.999710
913.975000	0.998901
914.280775	0.997425
914.586510	0.996089
914.892205	0.996207
915.197859	0.995482
915.503475	0.995199
915.809050	0.992933
916.114585	0.990451
916.420081	0.990742
916.725536	0.991564
917.030952	0.992412
917.336328	0.993280
917.641665	0.993555
917.946961	0.993751
918.252218	0.993985
918.557435	0.994532
918.862612	0.996287
919.167750	0.997104
919.472848	0.998131
919.777906	0.998659
920.082925	0.998784
920.387904	0.997577
920.692843	0.998288
920.997743	0.998086
921.302603	0.999205
921.607423	0.998033
921.912204	0.998498
922.216946	0.999719
922.521647	0.999647
922.826310	0.998877
923.130932	0.999901
923.435516	1.000611
923.740059	0.999221
924.044564	0.999159
924.349028	0.999546
924.653454	1.001061
924.957840	0.999776
925.262186	0.999524
925.566493	1.000991
925.870761	0.999040
926.174989	0.999290
926.479178	1.001489
926.783328	0.999623
927.087438	1.000243
927.391509	0.999392
927.695541	1.000791
927.999533	1.000656
928.303486	0.999895
928.607400	0.999764
928.911275	1.000572
929.215110	0.999887
929.518906	1.000695
929.822663	1.000835
930.126381	1.001255
930.430060	1.000939
930.733699	1.001171
931.037299	1.000593
931.340861	1.000979
931.644383	0.998710
931.947866	1.000175
932.251309	1.000548
932.554714	1.000349
932.858080	1.000486
933.161407	1.000892
933.464694	0.999491
933.767943	1.000852
934.071153	1.000619
934.374323	1.001274
934.677455	0.999324
934.980548	1.000507
935.283602	1.001063
935.586617	0.999700
935.889593	1.000790
936.192530	1.000459
936.495428	1.001538
936.798287	1.000059
937.101108	1.000260
937.403890	1.000003
937.706632	1.001517
938.009336	1.000276
938.312002	0.999991
938.614628	1.000249
938.917216	0.998771
939.219765	1.000493
939.522275	0.999977
939.824747	1.000062
940.127179	0.999324
940.429573	1.000589
940.731929	0.998780
941.034246	1.000312
941.336524	0.999123
941.638763	0.999471
941.940964	1.000657
942.243126	0.999333
942.545250	0.999823
942.847335	0.999944
943.149381	1.000022
943.451389	0.998879
943.753359	0.999339
944.055290	1.001021
944.357182	0.999988
944.659036	1.000516
944.960851	0.999876
945.262628	1.000069
945.564367	0.998910
945.866067	0.999009
946.167729	0.999775
946.469352	1.000373
946.770937	0.997125
947.072484	1.001506
947.373992	1.000167
947.675462	0.998799
947.976893	0.998977
948.278286	1.001036
948.579641	0.999319
948.880958	0.999632
949.182236	0.999950
949.483476	1.000238
949.784678	0.999900
950.085841	1.000257
950.386967	0.999501
950.688054	1.000937
950.989103	0.999229
951.290114	0.999180
951.591087	0.999940
951.892021	0.999762
952.192917	1.000661
952.493776	0.999369
952.794596	0.999528
953.095378	1.000043
953.396122	1.000109
953.696828	1.001121
953.997496	1.000044
954.298126	1.002013
954.598718	0.999478
954.899272	0.999402
955.199788	0.999659
955.500266	1.001675
955.800706	0.999573
956.101108	0.999700
956.401472	1.002068
956.701798	1.000031
957.002087	1.000689
957.302337	0.998988
957.602550	1.000616
957.902724	1.001191
958.202861	1.000585
958.502960	1.000149
958.803022	1.000951
959.103045	1.000389
959.403031	1.002285
959.702979	1.002247
960.002889	1.001359
960.302762	1.000379
960.602596	1.001651
960.902393	1.000751
961.202153	1.000778
961.501875	1.001340
961.801559	1.002199
962.101205	1.000166
962.400814	1.000954
962.700385	1.001815
962.999918	1.001078
963.299414	0.999141
963.598873	1.001397
963.898293	1.001488
964.197677	0.999785
964.497022	1.001110
964.796331	1.000818
965.095601	1.001863
965.394835	1.000905
965.694030	1.001319
965.993189	1.000322
966.292309	1.000692
966.591393	0.999270
966.890439	1.000294
967.189447	1.000975
967.488419	1.000408
967.787353	1.000981
968.086249	1.001813
968.385108	1.000490
968.683930	1.001469
968.982714	1.000826
969.281462	1.000657
969.580172	0.999766
969.878844	1.000747
970.177480	0.999753
970.476078	1.002928
970.774639	1.001718
971.073162	1.000384
971.371649	1.001018
971.670098	1.000804
971.968510	1.000471
972.266885	1.001016
972.565223	1.001050
972.863524	1.000388
973.161788	0.999087
973.460014	1.002342
973.758204	1.000643
974.056356	1.000716
974.354471	1.000320
974.652550	1.002627
974.950591	1.000939
975.248595	0.999979
975.546563	1.001635
975.844493	1.000571
976.142386	1.000180
976.440243	1.000741
976.738062	1.000457
977.035845	1.001022
977.333590	1.001767
977.631299	0.999613
977.928971	0.999747
978.226606	1.001122
978.524204	0.999729
978.821765	1.000483
979.119290	1.001573
979.416777	1.000933
979.714228	0.999297
980.011642	1.000786
980.309020	1.000011
980.606360	1.000669
980.903664	1.000179
981.200931	1.000216
981.498162	0.999628
981.795356	1.000769
982.092513	1.000116
982.389633	1.001940
982.686717	1.000045
982.983764	1.000147
983.280775	1.000089
983.577749	1.000492
983.874686	0.998866
984.171587	0.999962
984.468451	1.000255
984.765279	1.001882
985.062070	1.001810
985.358824	1.001844
985.655543	1.000115
985.952224	1.001635
986.248869	1.001021
986.545478	1.002383
986.842050	1.000449
987.138586	0.999724
987.435086	1.000245
987.731549	1.002634
988.027975	1.002894
988.324366	1.000397
988.620719	1.001853
988.917037	1.000329
989.213318	1.002382
989.509563	1.000760
989.805772	1.001160
990.101944	1.001147
990.398080	1.001787
990.694180	1.002388
990.990244	1.000330
991.286271	1.001567
991.582262	1.001699
991.878217	1.001169
992.174136	1.001846
992.470019	1.001173
992.765865	1.002938
993.061676	1.001293
993.357450	1.000143
993.653188	1.002190
993.948890	1.001034
994.244556	1.000393
994.540186	1.000983
994.835780	0.999796
995.131337	1.001321
995.426859	1.001258
995.722345	1.000686
996.017795	1.000504
996.313208	1.000728
996.608586	1.000867
996.903928	1.000964
997.199234	1.000290
997.494504	1.001122
997.789738	0.999298
998.084936	1.001510
998.380099	0.999371
998.675225	1.000835
998.970316	1.001660
999.265371	1.000209
999.560390	1.001471
999.855373	0.999764
1000.150320	1.000303
1000.445232	1.000806
1000.740108	1.002017
1001.034948	0.999837
1001.329752	1.002156
1001.624521	1.000765
1001.919254	1.000157
1002.213951	1.000926
1002.508613	0.999981
1002.803239	1.000532
1003.097829	1.001731
1003.392384	1.000877
1003.686903	1.001700
1003.981386	1.000288
1004.275834	1.001343
1004.570246	0.999969
1004.864623	1.000981
1005.158964	1.000554
1005.453270	1.000660
1005.747540	1.000676
1006.041775	1.001189
1006.335974	1.000941
1006.630138	1.001271
1006.924266	1.000047
1007.218359	0.998930
1007.512416	1.001666
1007.806438	1.001971
1008.100425	1.001894
1008.394376	1.002236
1008.688292	1.000009
1008.982172	1.000906
1009.276017	1.001498
1009.569827	1.001581
1009.863602	1.000388
1010.157341	1.002088
1010.451045	1.001024
1010.744714	1.002282
1011.038347	1.001901
1011.331945	1.000659
1011.625508	1.001202
1011.919036	1.001008
1012.212528	1.001748
1012.505986	1.001048
1012.799408	1.001785
1013.092795	1.002193
1013.386147	1.000746
1013.679464	1.002804
1013.972745	1.001628
1014.265992	1.000702
1014.559204	1.000573
1014.852380	1.002027
1015.145521	1.001118
1015.438628	1.001048
1015.731699	1.001053
1016.024736	1.001905
1016.317737	1.002883
1016.610703	1.000955
1016.903635	1.001380
1017.196531	1.000223
1017.489393	1.001197
1017.782219	1.001105
1018.075011	1.001025
1018.367768	1.000544
1018.660490	1.001506
1018.953177	1.001506
1019.245829	1.001506
