Dividing Wavelength (nm)	Counts (n)	Blue Motor Position (mm): 5.000000	Red Motor Position (mm): 0.000000	
326.493990	2158.241470
326.888308	2158.241470
327.282561	2158.241470
327.676750	2119.696808
328.070874	2113.745725
328.464933	2117.914760
328.858929	2118.789400
329.252859	2126.855246
329.646726	2131.561163
330.040528	2144.179171
330.434265	2158.342293
330.827938	2176.029181
331.221547	2193.075843
331.615091	2210.288863
332.008571	2229.233519
332.401986	2248.294122
332.795338	2265.592841
333.188625	2285.265944
333.581847	2304.084571
333.975006	2321.635348
334.368100	2339.571774
334.761129	2357.183045
335.154095	2371.852802
335.546996	2388.216388
335.939833	2403.992679
336.332606	2422.833991
336.725315	2435.996444
337.117960	2447.215532
337.510540	2460.466205
337.903056	2469.245374
338.295508	2481.875985
338.687896	2488.608446
339.080220	2494.922491
339.472480	2502.791732
339.864676	2507.895901
340.256807	2514.504853
340.648875	2515.858403
341.040879	2518.769669
341.432818	2524.360309
341.824694	2524.836698
342.216506	2522.754702
342.608253	2526.076822
342.999937	2529.532533
343.391557	2527.876514
343.783113	2527.954652
344.174605	2529.083870
344.566033	2524.572038
344.957397	2525.769312
345.348697	2523.692356
345.739934	2523.374763
346.131106	2516.891840
346.522215	2516.894360
346.913260	2514.640964
347.304241	2513.385717
347.695159	2510.789523
348.086012	2507.933709
348.476802	2509.360356
348.867528	2503.172339
349.258191	2499.676299
349.648789	2500.845847
350.039324	2495.920640
350.429796	2500.669407
350.820203	2498.867194
351.210548	2496.855774
351.600828	2496.865856
351.991045	2494.856956
352.381198	2497.102790
352.771288	2493.873931
353.161314	2493.669764
353.551276	2494.778818
353.941175	2490.372850
354.331010	2493.463077
354.720782	2491.756647
355.110490	2491.265134
355.500135	2492.661534
355.889717	2492.898468
356.279235	2493.268993
356.668689	2494.617501
357.058080	2492.071719
357.447408	2491.817140
357.836672	2490.592140
358.225873	2494.680516
358.615010	2492.656493
359.004084	2495.517347
359.393095	2492.626246
359.782043	2497.143119
360.170927	2494.819148
360.559748	2498.937770
360.948505	2495.265290
361.337199	2496.210506
361.725830	2495.272851
362.114398	2496.898623
362.502903	2496.886021
362.891344	2497.619508
363.279722	2499.144457
363.668037	2501.970024
364.056289	2502.302740
364.444478	2500.137565
364.832603	2499.744355
365.220665	2502.428769
365.608665	2501.717967
365.996601	2503.971362
366.384474	2501.690240
366.772284	2504.745179
367.160031	2504.271311
367.547715	2504.959428
367.935336	2501.786022
368.322893	2503.275683
368.710388	2502.753924
369.097820	2500.250991
369.485189	2500.540857
369.872495	2508.256343
370.259738	2503.633605
370.646918	2506.708709
371.034035	2508.780623
371.421090	2507.114522
371.808081	2507.905983
372.195010	2507.754748
372.581875	2505.992865
372.968678	2507.848010
373.355418	2507.033863
373.742096	2511.200377
374.128710	2507.699296
374.515262	2509.725839
374.901751	2507.366579
375.288177	2508.233658
375.674540	2508.500839
376.060841	2511.419667
376.447079	2510.600480
376.833254	2512.921931
377.219367	2509.907321
377.605417	2508.314316
377.991404	2510.058556
378.377329	2509.090654
378.763191	2513.020233
379.148991	2513.143742
379.534727	2511.568381
379.920402	2510.053514
380.306013	2509.967815
380.691563	2511.429749
381.077049	2510.834893
381.462474	2511.414626
381.847835	2512.203567
382.233134	2513.363032
382.618371	2512.780779
383.003545	2513.413443
383.388657	2514.434277
383.773706	2514.981242
384.158693	2514.058711
384.543618	2514.966119
384.928480	2514.661129
385.313280	2515.056860
385.698017	2514.124246
386.082692	2515.034174
386.467305	2512.037208
386.851856	2515.535769
387.236344	2516.848990
387.620770	2514.235152
388.005133	2510.214831
388.389435	2513.385717
388.773674	2511.664163
389.157851	2513.940244
389.541965	2515.092148
389.926018	2516.276819
390.310008	2514.983763
390.693936	2517.161541
391.077802	2519.553569
391.461606	2517.622807
391.845348	2518.331089
392.229027	2519.304032
392.612645	2518.983918
392.996200	2520.836543
393.379694	2518.784793
393.763125	2518.555420
394.146494	2520.995339
394.529801	2518.515091
394.913047	2519.392252
395.296230	2519.568692
395.679351	2518.787313
396.062410	2520.158507
396.445408	2520.130781
396.828343	2521.610360
397.211217	2520.486182
397.594028	2521.726306
397.976778	2521.456604
398.359466	2520.304701
398.742092	2521.101203
399.124656	2520.599608
399.507158	2520.813857
399.889598	2523.578930
400.271977	2521.887623
400.654294	2522.248066
401.036549	2521.171779
401.418742	2523.954496
401.800874	2523.546163
402.182944	2520.128260
402.564952	2522.938704
402.946898	2525.847449
403.328783	2522.800072
403.710606	2522.653878
404.092367	2523.470545
404.474067	2525.159332
404.855705	2522.268230
405.237282	2522.306039
405.618797	2523.899043
406.000250	2524.914836
406.381642	2524.183869
406.762972	2523.576410
407.144240	2521.484331
407.525447	2525.371060
407.906593	2520.622293
408.287677	2524.718231
408.668700	2526.099507
409.049661	2526.533046
409.430560	2525.378622
409.811399	2526.046575
410.192176	2525.071112
410.572891	2526.626308
410.953545	2525.348375
411.334138	2528.418438
411.714669	2524.998015
412.095139	2529.093953
412.475547	2526.679240
412.855894	2529.872811
413.236180	2526.936339
413.616405	2524.957686
413.996568	2527.881555
414.376670	2530.533202
414.756711	2527.551359
415.136691	2527.856349
415.516609	2527.168232
415.896466	2527.924405
416.276262	2526.575896
416.655997	2529.648479
417.035670	2525.993643
417.415283	2530.248377
417.794834	2526.984230
418.174324	2528.191586
418.553753	2529.267872
418.933121	2529.739220
419.312428	2528.912471
419.691674	2529.862728
420.070859	2529.565300
420.449983	2528.047913
420.829045	2531.712832
421.208047	2527.705115
421.586988	2529.681247
421.965867	2529.850126
422.344686	2529.293078
422.723444	2528.680578
423.102141	2530.127389
423.480777	2530.911288
423.859352	2529.754344
424.237866	2533.502442
424.616319	2529.282996
424.994712	2534.162833
425.373044	2530.518078
425.751314	2530.460105
426.129524	2529.023376
426.507673	2530.976823
426.885762	2527.178314
427.263789	2531.871628
427.641756	2532.569828
428.019662	2532.625281
428.397508	2533.651156
428.775292	2532.960518
429.153016	2532.816845
429.530679	2531.964890
429.908282	2532.479087
430.285824	2533.268028
430.663305	2534.747607
431.040726	2533.414221
431.418086	2534.772812
431.795385	2534.233409
432.172624	2533.966228
432.549802	2533.953625
432.926920	2533.638553
433.303977	2534.614016
433.680974	2532.600075
434.057910	2534.946732
434.434786	2532.511855
434.811601	2533.532688
435.188355	2532.277441
435.565050	2536.063348
435.941683	2531.853984
436.318257	2535.097967
436.694770	2532.746268
437.071222	2533.741896
437.447614	2533.038655
437.823946	2537.986548
438.200218	2534.588810
438.576429	2538.359593
438.952580	2532.937832
439.328670	2536.796836
439.704700	2535.304654
440.080670	2535.423121
440.456580	2534.825744
440.832429	2537.053934
441.208218	2536.980838
441.583947	2538.415046
441.959616	2534.689633
442.335224	2540.239944
442.710773	2536.874973
443.086261	2535.100487
443.461689	2537.558050
443.837057	2536.479243
444.212365	2536.794315
444.587612	2533.499921
444.962800	2532.484128
445.337927	2534.240971
445.712995	2534.850950
446.088002	2537.558050
446.462949	2536.491846
446.837837	2538.818338
447.212664	2537.910931
447.587431	2537.757175
447.962139	2539.264480
448.336786	2538.871270
448.711374	2538.765406
449.085901	2539.219110
449.460369	2537.585776
449.834776	2538.210879
450.209124	2538.704912
450.583412	2541.580891
450.957640	2538.757844
451.331808	2539.080478
451.705917	2538.815818
452.079965	2539.912269
452.453954	2535.549150
452.827883	2537.056455
453.201752	2539.302289
453.575562	2538.530992
453.949311	2541.129707
454.323001	2540.204656
454.696632	2537.336239
455.070202	2539.869419
455.443713	2540.156765
455.817164	2539.682896
456.190556	2540.144162
456.563888	2540.875129
456.937160	2540.166847
457.310373	2541.306148
457.683526	2541.094419
458.056619	2539.118287
458.429653	2540.307999
458.802628	2543.365459
459.175542	2540.920499
459.548398	2541.086858
459.921194	2539.922351
460.293930	2538.160468
460.666607	2540.703730
461.039224	2543.942671
461.411782	2540.363452
461.784280	2541.021322
462.156719	2541.911086
462.529099	2540.897814
462.901419	2541.285983
463.273680	2539.662732
463.645882	2536.343132
464.018024	2538.707433
464.390106	2537.558050
464.762130	2540.320602
465.134094	2542.808412
465.505999	2540.154244
465.877845	2542.024512
466.249631	2542.732794
466.621358	2542.889070
466.993026	2544.040974
467.364634	2544.837476
467.736184	2542.987373
468.107674	2541.885880
468.479105	2541.530479
468.850477	2541.200283
469.221790	2545.966694
469.593043	2540.434028
469.964238	2542.102650
470.335373	2541.729605
470.706449	2540.307999
471.077467	2541.525438
471.448425	2542.702547
471.819324	2542.463092
472.190164	2545.512991
472.560945	2545.331509
472.931667	2541.018802
473.302330	2542.342105
473.672934	2542.727753
474.043479	2542.732794
474.413965	2543.070552
474.784393	2543.602393
475.154761	2543.262115
475.525070	2543.945192
475.895321	2543.738504
476.265513	2541.394368
476.635645	2547.395862
477.005719	2543.178936
477.375734	2544.167002
477.745691	2542.266488
478.115588	2544.396375
478.485427	2546.606921
478.855207	2548.545245
479.224928	2544.625747
479.594591	2544.043494
479.964194	2545.099616
480.333739	2543.156251
480.703226	2545.639019
481.072653	2543.511652
481.442022	2546.160779
481.811333	2541.974101
482.180584	2542.642053
482.549777	2539.584594
482.918912	2538.672145
483.287988	2541.033925
483.657005	2545.573484
484.025964	2543.927548
484.394864	2545.306303
484.763706	2541.333874
485.132489	2542.475695
485.501213	2549.195553
485.869879	2546.672456
486.238487	2545.291180
486.607036	2544.749256
486.975527	2543.773793
487.343959	2543.219266
487.712333	2545.568443
488.080648	2543.723381
488.448905	2547.463917
488.817104	2546.193546
489.185244	2545.807898
489.553326	2544.935778
489.921350	2543.524255
490.289315	2543.375541
490.657222	2546.601880
491.025070	2543.499050
491.392861	2544.839997
491.760593	2544.880326
492.128267	2544.766900
492.495883	2547.479041
492.863440	2548.388969
493.230939	2541.825387
493.598380	2549.157745
493.965763	2544.451828
494.333088	2544.020809
494.700354	2545.838145
495.067563	2545.364277
495.434713	2546.125491
495.801805	2543.491488
496.168839	2546.281767
496.535815	2547.431150
496.902733	2546.438042
497.269593	2545.618855
497.636395	2545.291180
498.003139	2546.380069
498.369825	2545.870912
498.736453	2547.151366
499.103023	2541.527958
499.469535	2548.462066
499.835989	2545.689431
500.202385	2543.108360
500.568723	2539.977804
500.935003	2543.675490
501.301226	2542.548792
501.667390	2546.009544
502.033497	2547.542055
502.399546	2544.671118
502.765537	2548.305790
503.131470	2546.266643
503.497345	2545.850748
503.863163	2545.276056
504.228923	2547.390820
504.594625	2545.470141
504.960269	2550.281922
505.325856	2546.344781
505.691385	2546.223793
506.056856	2543.622558
506.422270	2547.511808
506.787625	2548.908208
507.152924	2547.090872
507.518164	2549.467776
507.883347	2546.644730
508.248472	2549.707231
508.613540	2548.520039
508.978550	2547.710934
509.343503	2546.674977
509.708398	2546.385110
510.073236	2546.226314
510.438016	2547.622713
510.802738	2547.741181
511.167403	2545.162630
511.532010	2548.111705
511.896561	2547.819318
512.261053	2546.236396
512.625488	2545.452497
512.989866	2546.281767
513.354186	2547.630275
513.718449	2546.753114
514.082655	2547.274874
514.446803	2548.265461
514.810894	2548.855276
515.174927	2546.735470
515.538904	2550.007179
515.902822	2545.979297
516.266684	2546.372507
516.630488	2548.056253
516.994235	2546.874102
517.357925	2546.238917
517.721558	2549.308979
518.085133	2549.455173
518.448651	2543.473844
518.812112	2543.771272
519.175516	2545.974256
519.538863	2543.937630
519.902152	2547.353012
520.265385	2549.356870
520.628560	2548.648588
520.991678	2548.313352
521.354739	2549.344268
521.717743	2548.777138
522.080690	2545.480223
522.443580	2548.827549
522.806413	2547.647919
523.169189	2547.784030
523.531908	2549.555996
523.894569	2547.025337
524.257174	2549.503064
524.619722	2547.809236
524.982213	2548.406613
525.344647	2548.482230
525.707025	2551.426264
526.069345	2546.478372
526.431608	2548.431819
526.793815	2549.137580
527.155964	2549.601366
527.518057	2548.666232
527.880093	2548.623382
528.242072	2549.266130
528.603995	2548.739329
528.965860	2550.523897
529.327669	2551.300235
529.689421	2548.366284
530.051117	2549.039278
530.412755	2548.240255
530.774337	2549.256047
531.135862	2548.943496
531.497331	2548.709082
531.858743	2548.714123
532.220098	2549.619010
532.581396	2547.453835
532.942638	2549.906356
533.303824	2549.006510
533.664953	2551.426264
534.026025	2547.473999
534.387040	2550.188661
534.747999	2548.877961
535.108902	2549.117416
535.469748	2546.299411
535.830537	2550.108002
536.191270	2548.890564
536.551947	2545.356715
536.912567	2543.670449
537.273131	2546.939637
537.633638	2545.001313
537.994089	2548.325954
538.354483	2547.607590
538.714821	2549.243444
539.075103	2550.360060
539.435328	2552.966337
539.795497	2552.323589
540.155609	2547.658002
540.515665	2548.514998
540.875665	2551.355688
541.235609	2548.663712
541.595496	2549.442570
541.955328	2547.731098
542.315102	2548.784699
542.674821	2550.584391
543.034483	2549.886192
543.394090	2547.993238
543.753640	2548.162117
544.113134	2551.358208
544.472571	2548.162117
544.831953	2549.966850
545.191278	2552.542880
545.550548	2548.104144
545.909761	2548.809905
546.268918	2548.658671
546.628019	2549.918959
546.987064	2548.411654
547.346053	2548.429298
547.704986	2548.953578
548.063863	2550.808723
548.422684	2549.009031
548.781449	2548.399051
549.140158	2549.550955
549.498811	2548.756973
549.857408	2550.874258
550.215949	2547.405944
550.574434	2551.743857
550.932864	2547.882333
551.291237	2550.113043
551.649555	2552.227807
552.007817	2549.608928
552.366022	2552.464742
552.724173	2547.199257
553.082267	2547.799154
553.440305	2548.305790
553.798288	2551.128836
554.156215	2549.732436
554.514086	2546.417878
554.871902	2545.389482
555.229661	2546.591797
555.587365	2543.678011
555.945014	2549.238403
556.302606	2552.558003
556.660143	2550.123126
557.017625	2552.787376
557.375050	2549.840821
557.732421	2549.931562
558.089735	2547.479041
558.446994	2548.734288
558.804197	2550.523897
559.161345	2548.792261
559.518437	2550.410472
559.875474	2546.753114
560.232455	2550.629762
560.589381	2550.639844
560.946251	2547.325285
561.303065	2546.906870
561.659825	2550.886861
562.016528	2548.325954
562.373177	2549.409803
562.729770	2548.643547
563.086307	2549.583722
563.442789	2551.149001
563.799216	2550.917107
564.155587	2551.834597
564.511904	2551.128836
564.868164	2549.487940
565.224370	2549.069525
565.580520	2549.296377
565.936615	2551.247303
566.292654	2551.093548
566.648638	2549.611449
567.004567	2551.466593
567.360441	2548.416695
567.716260	2548.988866
568.072023	2549.525749
568.427732	2551.446429
568.783385	2550.211346
569.138982	2547.957950
569.494525	2551.816953
569.850013	2549.762683
570.205445	2549.097251
570.560823	2547.088351
570.916145	2550.090358
571.271412	2548.020965
571.626625	2550.334854
571.981782	2549.717313
572.336884	2546.735470
572.691931	2548.159596
573.046923	2547.640357
573.401860	2543.284801
573.756743	2548.429298
574.111570	2549.167827
574.466342	2552.152190
574.821059	2548.532642
575.175722	2550.002138
575.530330	2550.060111
575.884882	2550.516336
576.239380	2549.760163
576.593823	2551.108671
576.948211	2548.908208
577.302544	2549.626572
577.656823	2549.099772
578.011047	2551.554813
578.365216	2549.997097
578.719330	2547.894936
579.073389	2549.873589
579.427394	2550.823846
579.781344	2552.154711
580.135239	2551.297715
580.489080	2550.165976
580.842866	2548.883002
581.196597	2549.364432
581.550273	2548.204967
581.903895	2552.426933
582.257463	2551.948023
582.610975	2551.385935
582.964434	2551.335523
583.317837	2548.489792
583.671186	2550.312169
584.024481	2550.687735
584.377721	2551.343085
584.730906	2550.970040
585.084037	2550.886861
585.437113	2551.496840
585.790135	2550.269319
586.143103	2552.510112
586.496016	2552.235369
586.848874	2552.051367
587.201679	2554.599670
587.554428	2549.145142
587.907124	2547.085831
588.259765	2552.126984
588.612352	2551.287632
588.964884	2547.831921
589.317362	2551.776624
589.669786	2552.119423
590.022155	2550.292004
590.374470	2548.792261
590.726731	2549.082127
591.078937	2545.409647
591.431090	2553.248641
591.783188	2549.561037
592.135232	2550.506253
592.487222	2549.878630
592.839157	2550.826367
593.191038	2551.592622
593.542866	2551.338044
593.894639	2549.951727
594.246358	2549.903836
594.598022	2551.496840
594.949633	2549.334185
595.301190	2550.531459
595.652692	2547.849565
596.004141	2547.428629
596.355535	2546.458207
596.706876	2550.158414
597.058162	2551.385935
597.409395	2547.703372
597.760573	2551.625390
598.111698	2552.260575
598.462768	2550.453321
598.813785	2549.687066
599.164748	2550.440718
599.515657	2549.901315
599.866511	2549.220759
600.217312	2549.293856
600.568060	2549.215718
600.918753	2551.325441
601.269392	2551.022972
601.619978	2549.530790
601.970510	2548.610780
602.320988	2548.779658
602.671412	2546.642209
603.021783	2552.802499
603.372100	2549.561037
603.722363	2551.257385
604.072572	2552.089176
604.422728	2552.406768
604.772830	2552.754608
605.122878	2550.914587
605.472872	2549.850903
605.822813	2550.760832
606.172701	2550.463404
606.522534	2552.086655
606.872314	2551.882488
607.222041	2552.908363
607.571714	2546.490974
607.921333	2547.489123
608.270899	2550.213867
608.620411	2547.529452
608.969870	2552.558003
609.319276	2552.444577
609.668627	2560.777604
610.017926	2563.220043
610.367171	2565.286917
610.716362	2564.840774
611.065500	2564.107287
611.414585	2561.538819
611.763616	2558.004970
612.112594	2554.576985
612.461518	2554.145967
612.810389	2553.989691
613.159207	2555.769218
613.507971	2554.723179
613.856682	2554.435833
614.205340	2551.663198
614.553945	2556.432130
614.902496	2553.662016
615.250994	2552.860472
615.599439	2550.796120
615.947830	2553.195709
616.296169	2552.129505
616.644454	2552.394166
616.992686	2551.219577
617.340864	2550.082797
617.688990	2552.497509
618.037063	2547.625234
618.385082	2552.462221
618.733048	2550.067673
619.080961	2552.530277
619.428821	2552.694114
619.776628	2550.907025
620.124382	2555.423899
620.472083	2551.874927
620.819731	2551.562375
621.167326	2550.125646
621.514868	2551.401058
621.862357	2551.300235
622.209793	2552.391645
622.557176	2550.246634
622.904506	2552.696635
623.251783	2552.189999
623.599007	2550.942313
623.946179	2551.146480
624.293297	2552.628579
624.640363	2553.016748
624.987376	2548.827549
625.334336	2546.541386
625.681243	2549.568599
626.028097	2544.779503
626.374899	2552.240410
626.721647	2553.430123
627.068343	2550.057591
627.414987	2551.582540
627.761577	2551.005328
628.108115	2551.774104
628.454600	2553.692263
628.801032	2552.295863
629.147412	2551.171686
629.493739	2552.184958
629.840014	2551.527087
630.186236	2551.776624
630.532405	2554.670247
630.878521	2549.936603
631.224585	2552.184958
631.570597	2550.090358
631.916556	2550.813764
632.262462	2550.518856
632.608316	2549.014072
632.954117	2550.412992
633.299866	2553.193188
633.645562	2553.309135
633.991206	2550.382745
634.336797	2549.150183
634.682336	2551.060780
635.027823	2550.186140
635.373257	2551.166645
635.718639	2548.542724
636.063968	2550.574309
636.409245	2552.805020
636.754470	2551.133877
637.099642	2550.415513
637.444762	2552.646223
637.789829	2549.377035
638.134845	2549.709751
638.479808	2550.342416
638.824719	2551.751418
639.169577	2551.275029
639.514383	2550.914587
639.859137	2548.749411
640.203839	2549.757642
640.548489	2547.665563
640.893086	2552.142108
641.237632	2550.854093
641.582125	2553.127653
641.926566	2551.353167
642.270955	2545.364277
642.615292	2546.735470
642.959576	2546.317055
643.303809	2543.304965
643.647990	2549.855945
643.992118	2551.559855
644.336195	2548.000800
644.680219	2549.273691
645.024192	2549.520708
645.368112	2550.735626
645.711981	2550.531459
646.055797	2547.930224
646.399562	2550.375183
646.743274	2550.105482
647.086935	2550.458363
647.430544	2553.266285
647.774101	2547.627755
648.117606	2548.411654
648.461059	2551.217056
648.804460	2552.636141
649.147810	2548.693959
649.491108	2550.660009
649.834354	2550.294525
650.177548	2547.738660
650.520690	2550.365101
650.863781	2553.160421
651.206820	2551.731254
651.549807	2550.576830
651.892742	2551.128836
652.235626	2549.606408
652.578458	2549.838301
652.921238	2551.688404
653.263967	2550.786038
653.606644	2550.957437
653.949269	2550.150852
654.291843	2550.050029
654.634365	2550.468445
654.976836	2551.249824
655.319255	2548.527601
655.661622	2549.049360
656.003938	2550.140770
656.346203	2548.003321
656.688416	2551.237221
657.030577	2549.303938
657.372687	2549.374514
657.714746	2548.073897
658.056753	2552.605894
658.398708	2550.251675
658.740612	2550.087838
659.082465	2549.911397
659.424266	2548.015923
659.766016	2541.343956
660.107715	2545.538196
660.449362	2545.142466
660.790958	2551.821995
661.132503	2547.053063
661.473996	2549.306459
661.815438	2547.844524
662.156829	2550.405430
662.498168	2550.743188
662.839456	2549.992056
663.180693	2549.767724
663.521879	2549.739998
663.863013	2548.635985
664.204097	2550.304607
664.545129	2550.652447
664.886110	2550.410472
665.227040	2547.811757
665.567918	2551.272509
665.908746	2550.102961
666.249522	2550.770914
666.590248	2547.131201
666.930922	2551.088507
667.271545	2551.506922
667.612118	2550.629762
667.952639	2549.084648
668.293109	2549.238403
668.633528	2549.818136
668.973896	2549.775286
669.314213	2550.486089
669.654480	2549.024154
669.994695	2551.232180
670.334859	2550.067673
670.674973	2546.516180
671.015035	2549.649257
671.355047	2550.849052
671.695008	2547.816798
672.034918	2549.014072
672.374777	2548.444422
672.714585	2548.714123
673.054342	2548.394010
673.394049	2548.005841
673.733705	2550.385266
674.073310	2552.711758
674.412864	2549.757642
674.752368	2548.676315
675.091820	2550.687735
675.431223	2550.019782
675.770574	2550.163455
676.109875	2551.237221
676.449125	2546.427960
676.788324	2545.054246
677.127473	2549.349309
677.466571	2544.643392
677.805619	2548.751932
678.144616	2552.474824
678.483562	2549.921480
678.822458	2547.274874
679.161303	2553.026830
679.500098	2548.620862
679.838842	2548.192364
680.177535	2547.345450
680.516179	2550.425595
680.854771	2549.150183
681.193314	2548.204967
681.531805	2549.460214
681.870247	2549.495502
682.208638	2548.429298
682.546978	2548.502395
682.885268	2547.894936
683.223508	2550.627241
683.561697	2547.053063
683.899836	2551.073383
684.237925	2548.699000
684.575963	2549.440049
684.913951	2548.908208
685.251889	2547.141283
685.589776	2551.489278
685.927614	2548.489792
686.265401	2549.608928
686.603137	2550.770914
686.940824	2548.227652
687.278460	2548.837632
687.616046	2549.624052
687.953582	2548.903167
688.291068	2549.230842
688.628504	2550.055070
688.965889	2548.527601
689.303224	2550.846531
689.640510	2546.758156
689.977745	2548.308310
690.314930	2549.939124
690.652065	2551.247303
690.989150	2550.554144
691.326185	2551.451470
691.663170	2548.638506
692.000105	2547.836962
692.336990	2550.312169
692.673825	2549.190512
693.010610	2548.446942
693.347345	2547.259750
693.684030	2546.122970
694.020665	2548.562889
694.357251	2545.843186
694.693786	2549.800492
695.030272	2548.300749
695.366707	2547.889895
695.703093	2550.455842
696.039429	2547.221942
696.375716	2550.105482
696.711952	2549.545914
697.048139	2550.521377
697.384276	2549.117416
697.720363	2547.834442
698.056400	2549.036757
698.392388	2549.308979
698.728326	2548.293187
699.064214	2551.290153
699.400053	2550.123126
699.735842	2549.069525
700.071581	2550.266799
700.407270	2547.995759
700.742910	2550.261757
701.078501	2548.310831
701.414042	2552.275698
701.749533	2551.469114
702.084974	2548.179761
702.420366	2547.486602
702.755709	2549.155224
703.091002	2549.830739
703.426246	2548.484751
703.761440	2548.129349
704.096584	2547.045501
704.431679	2549.319062
704.766725	2549.402241
705.101721	2547.776469
705.436668	2547.408464
705.771565	2548.721685
706.106413	2548.494833
706.441212	2550.017262
706.775961	2548.124308
707.110661	2548.555327
707.445311	2547.945347
707.779913	2550.591953
708.114465	2546.858979
708.448967	2546.680018
708.783421	2550.723023
709.117825	2548.557847
709.452180	2549.003990
709.786485	2546.977446
710.120742	2545.964174
710.454949	2546.158258
710.789107	2546.634647
711.123216	2543.168854
711.457275	2552.066491
711.791286	2549.989535
712.125247	2549.056922
712.459159	2549.190512
712.793023	2548.540203
713.126837	2550.909546
713.460602	2549.072045
713.794318	2548.774617
714.127985	2549.500543
714.461602	2547.007693
714.795171	2548.903167
715.128691	2550.039947
715.462162	2548.003321
715.795584	2549.553475
716.128957	2548.313352
716.462281	2549.911397
716.795556	2546.695141
717.128782	2549.245965
717.461960	2547.398382
717.795088	2550.670091
718.128167	2550.097920
718.461198	2548.552806
718.794180	2549.941644
719.127113	2545.679349
719.459997	2551.590102
719.792833	2547.872251
720.125619	2546.410316
720.458357	2547.272353
720.791046	2548.159596
721.123686	2549.344267
721.456278	2552.434495
721.788821	2546.884184
722.121315	2548.416695
722.453761	2548.454504
722.786158	2549.591284
723.118506	2549.034237
723.450805	2548.719164
723.783056	2547.131201
724.115259	2549.256047
724.447412	2547.209339
724.779518	2547.070707
725.111574	2549.072045
725.443582	2546.508618
725.775542	2547.254709
726.107453	2547.968033
726.439315	2548.285625
726.771129	2549.072045
727.102895	2544.156920
727.434612	2544.759338
727.766281	2544.993752
728.097901	2549.432488
728.429473	2546.483413
728.760996	2546.851417
729.092471	2547.884853
729.423897	2545.661705
729.755276	2549.707231
730.086606	2549.860986
730.417887	2550.942313
730.749120	2546.158258
731.080305	2546.155738
731.411442	2547.658002
731.742530	2548.194884
732.073570	2549.130018
732.404562	2548.250337
732.735506	2549.432488
733.066401	2548.976263
733.397249	2548.152035
733.728048	2547.448794
734.058798	2550.786037
734.389501	2548.716644
734.720156	2547.292518
735.050762	2549.855945
735.381320	2547.695810
735.711831	2549.608928
736.042293	2551.673281
736.372707	2551.242262
736.703073	2547.506767
737.033391	2547.892415
737.363661	2550.808723
737.693883	2549.354350
738.024056	2548.867878
738.354182	2547.799154
738.684260	2547.650440
739.014290	2548.903167
739.344272	2549.286294
739.674207	2546.062476
740.004093	2545.896118
740.333931	2548.386448
740.663722	2549.878630
740.993464	2546.158258
741.323159	2545.933927
741.652806	2546.433001
741.982405	2549.729916
742.311956	2547.826880
742.641460	2548.023485
742.970915	2549.288815
743.300323	2543.582229
743.629683	2541.953936
743.958996	2545.944009
744.288260	2543.594832
744.617477	2546.523742
744.946647	2548.623382
745.275768	2547.282436
745.604842	2547.501726
745.933869	2547.526932
746.262847	2547.658002
746.591778	2549.044319
746.920662	2546.891746
747.249498	2546.833773
747.578286	2547.438711
747.907027	2547.980635
748.235720	2548.182282
748.564365	2549.394679
748.892963	2545.709596
749.221514	2548.240255
749.550017	2544.217414
749.878473	2546.571633
750.206881	2547.060625
750.535242	2545.631458
750.863555	2547.905018
751.191821	2546.642209
751.520039	2546.838814
751.848210	2546.753114
752.176334	2548.139432
752.504411	2547.978115
752.832440	2549.114895
753.160421	2548.159596
753.488356	2548.719164
753.816243	2550.677653
754.144082	2547.637837
754.471875	2549.545914
754.799620	2547.554658
755.127318	2549.765204
755.454969	2547.852086
755.782572	2549.583722
756.110129	2545.956612
756.437638	2547.282436
756.765100	2546.357384
757.092515	2548.278063
757.419882	2546.619524
757.747203	2547.332847
758.074477	2548.038609
758.401703	2548.353681
758.728882	2549.903836
759.056014	2549.646737
759.383099	2547.547096
759.710138	2546.322096
760.037129	2546.117929
760.364073	2544.003165
760.690970	2544.996272
761.017820	2547.068187
761.344623	2548.351160
761.671379	2546.448125
761.998088	2549.868547
762.324751	2549.598846
762.651366	2550.970040
762.977935	2545.976777
763.304456	2550.155893
763.630931	2550.723023
763.957359	2550.002138
764.283740	2546.395193
764.610074	2549.162786
764.936362	2546.324616
765.262602	2546.964843
765.588796	2550.168496
765.914943	2548.298228
766.241044	2547.088351
766.567097	2547.658002
766.893104	2547.363094
767.219064	2546.468289
767.544978	2548.353681
767.870845	2548.353681
768.196665	2549.253527
768.522438	2546.833773
768.848165	2548.167158
769.173846	2545.548279
769.499479	2547.252189
769.825066	2544.799667
770.150607	2547.053063
770.476101	2545.765048
770.801548	2549.860986
771.126949	2545.528114
771.452303	2549.271171
771.777611	2544.837476
772.102872	2550.856614
772.428087	2546.377548
772.753256	2545.039122
773.078378	2546.133052
773.403453	2548.169679
773.728482	2547.390820
774.053465	2544.630789
774.378401	2547.446273
774.703291	2547.905018
775.028135	2546.122970
775.352932	2547.005172
775.677683	2546.637168
776.002388	2546.700182
776.327046	2543.514173
776.651658	2547.053063
776.976224	2539.264480
777.300743	2548.114226
777.625216	2545.117260
777.949643	2546.337219
778.274024	2545.286139
778.598359	2548.159596
778.922647	2545.079451
779.246889	2546.770758
779.571086	2546.402754
779.895236	2548.580533
780.219339	2544.043494
780.543397	2545.487785
780.867409	2546.233876
781.191374	2545.036602
781.515294	2548.073897
781.839167	2549.654298
782.162995	2546.795964
782.486776	2546.349822
782.810511	2545.235727
783.134201	2546.768238
783.457844	2550.654967
783.781441	2546.168341
784.104993	2547.910059
784.428498	2546.949719
784.751958	2546.957281
785.075372	2546.352343
785.398739	2547.592467
785.722061	2546.440563
786.045337	2545.185316
786.368568	2548.512477
786.691752	2546.647250
787.014891	2546.128011
787.337983	2543.962836
787.661030	2543.778834
787.984031	2544.247661
788.306987	2547.910059
788.629897	2546.503577
788.952760	2548.613300
789.275579	2547.834442
789.598351	2547.133722
789.921078	2546.823691
790.243759	2545.523073
790.566395	2545.802857
790.888984	2547.390820
791.211529	2546.521221
791.534027	2549.916438
791.856480	2543.093237
792.178888	2543.998124
792.501249	2542.468134
792.823566	2545.573484
793.145836	2541.601055
793.468062	2545.538196
793.790241	2543.509132
794.112375	2546.659853
794.434464	2545.775131
794.756507	2545.555840
795.078505	2545.802857
795.400457	2545.989380
795.722364	2547.262271
796.044226	2546.780841
796.366042	2547.169010
796.687812	2545.833104
797.009538	2545.031560
797.331218	2548.608259
797.652852	2545.762528
797.974442	2546.601880
798.295986	2545.717157
798.617484	2547.617672
798.938938	2546.117929
799.260346	2547.292518
799.581709	2548.411654
799.903026	2546.916952
800.224299	2548.320913
800.545526	2546.594318
800.866708	2549.016593
801.187845	2545.195398
801.508936	2544.134235
801.829983	2547.809236
802.150984	2544.265305
802.471940	2548.814946
802.792851	2544.983669
803.113717	2543.267157
803.434538	2545.560882
803.755314	2543.511652
804.076045	2543.766231
804.396731	2549.011551
804.717372	2542.248843
805.037967	2545.265974
805.358518	2548.083979
805.679024	2547.249668
805.999485	2545.712116
806.319901	2544.953423
806.640272	2545.220604
806.960598	2546.566592
807.280879	2546.896787
807.601115	2549.566078
807.921306	2546.435522
808.241453	2543.483926
808.561554	2542.485778
808.881611	2542.926879
809.201623	2542.165664
809.521590	2546.848896
809.841513	2547.040460
810.161390	2547.799154
810.481223	2546.032229
810.801011	2545.046684
811.120755	2544.305634
811.440453	2547.156407
811.760107	2544.232538
812.079716	2546.223793
812.399281	2546.916952
812.718801	2546.962322
813.038276	2548.104144
813.357707	2546.009544
813.677093	2544.867723
813.996434	2546.143135
814.315731	2545.341591
814.634983	2545.606252
814.954191	2545.202960
815.273354	2545.565923
815.592473	2548.729247
815.911547	2546.680018
816.230577	2547.766386
816.549562	2545.785213
816.868502	2547.264792
817.187399	2546.778320
817.506250	2544.522404
817.825058	2546.475851
818.143821	2545.449976
818.462539	2547.678166
818.781213	2545.008875
819.099843	2545.175233
819.418429	2546.924514
819.736970	2545.820501
820.055466	2546.367466
820.373919	2549.291335
820.692327	2546.606921
821.010691	2546.735470
821.329011	2547.504246
821.647286	2551.108671
821.965517	2551.970709
822.283704	2555.786862
822.601847	2555.197047
822.919945	2556.323745
823.237999	2553.689742
823.556010	2556.353992
823.873976	2551.353167
824.191897	2547.899977
824.509775	2544.726571
824.827609	2545.523073
825.145398	2542.069883
825.463144	2549.276212
825.780845	2548.247817
826.098502	2550.186140
826.416116	2548.628424
826.733685	2552.462221
827.051210	2549.182951
827.368692	2553.931717
827.686129	2547.552137
828.003522	2550.768393
828.320872	2547.272353
828.638177	2547.204298
828.955439	2548.431819
829.272656	2548.540203
829.589830	2545.596170
829.906960	2546.617003
830.224046	2545.878474
830.541088	2547.226983
830.858086	2543.897301
831.175041	2547.166489
831.491952	2545.805377
831.808819	2546.188505
832.125642	2544.030891
832.442421	2544.363607
832.759157	2545.810419
833.075849	2547.501726
833.392497	2548.517518
833.709101	2549.240924
834.025662	2547.471479
834.342179	2548.000800
834.658653	2546.382590
834.975083	2546.758156
835.291469	2555.249979
835.607811	2548.792261
835.924110	2548.068856
836.240366	2546.359904
836.556578	2546.352343
836.872746	2545.545758
837.188871	2544.971067
837.504952	2545.618855
837.820990	2545.845707
838.136984	2544.776982
838.452935	2545.031560
838.768842	2545.981818
839.084706	2546.009544
839.400526	2545.560882
839.716303	2544.411498
840.032037	2545.603731
840.347727	2540.217258
840.663373	2542.422763
840.978977	2542.813453
841.294537	2544.635830
841.610054	2545.460058
841.925527	2544.222455
842.240957	2545.213042
842.556344	2545.031560
842.871687	2544.693803
843.186987	2543.279759
843.502244	2545.923845
843.817458	2542.231199
844.132629	2546.581715
844.447756	2543.214224
844.762840	2545.230686
845.077881	2543.204142
845.392879	2547.332847
845.707833	2542.848741
846.022745	2544.293031
846.337613	2543.095757
846.652438	2542.594162
846.967221	2544.040974
847.281960	2546.402754
847.596656	2543.400747
847.911309	2544.600542
848.225919	2545.301262
848.540485	2545.815460
848.855009	2544.792106
849.169490	2543.436035
849.483928	2542.566436
849.798323	2543.415871
850.112675	2544.575336
850.426984	2541.396888
850.741251	2546.990049
851.055474	2545.399565
851.369654	2547.655481
851.683792	2543.564585
851.997887	2545.076931
852.311938	2542.309337
852.625947	2545.618855
852.939914	2546.312013
853.253837	2545.376879
853.567718	2543.728422
853.881555	2544.406457
854.195350	2544.850079
854.509103	2543.448638
854.822812	2546.785882
855.136479	2545.724719
855.450103	2543.887218
855.763685	2543.776313
856.077224	2539.597197
856.390720	2543.793957
856.704173	2541.598535
857.017584	2542.369831
857.330953	2543.796478
857.644278	2543.776313
857.957561	2545.825542
858.270802	2543.269677
858.584000	2542.246323
858.897155	2546.634647
859.210268	2543.546941
859.523339	2545.205480
859.836367	2542.430325
860.149352	2546.637168
860.462295	2547.264792
860.775195	2545.868392
861.088054	2545.543238
861.400869	2540.809594
861.713642	2543.302445
862.026373	2543.768751
862.339062	2545.182795
862.651708	2544.885367
862.964312	2543.758669
863.276873	2547.010213
863.589392	2544.477033
863.901869	2543.796478
864.214303	2544.167003
864.526696	2545.112219
864.839045	2544.822353
865.151353	2542.674821
865.463619	2544.988711
865.775842	2546.874102
866.088023	2542.400078
866.400162	2544.285470
866.712258	2544.890408
867.024313	2544.713968
867.336325	2542.730274
867.648296	2543.211704
867.960224	2544.340922
868.272110	2544.005686
868.583954	2543.438556
868.895755	2543.408309
869.207515	2542.140459
869.519233	2543.524255
869.830909	2545.142466
870.142542	2544.676159
870.454134	2546.039791
870.765684	2545.780172
871.077191	2543.478885
871.388657	2540.227341
871.700081	2541.807743
872.011463	2543.161292
872.322803	2538.959491
872.634101	2542.889070
872.945357	2544.479554
873.256571	2544.449307
873.567744	2546.001983
873.878874	2544.310675
874.189963	2545.694472
874.501010	2542.531148
874.812015	2545.268495
875.122979	2545.656663
875.433900	2545.838145
875.744780	2547.078269
876.055618	2544.335881
876.366415	2545.107178
876.677169	2544.230017
876.987882	2545.873433
877.298554	2542.934440
877.609183	2541.278421
877.919771	2541.142310
878.230317	2544.219935
878.540822	2546.206149
878.851285	2543.877136
879.161707	2542.664739
879.472087	2544.812270
879.782425	2545.346633
880.092722	2546.150697
880.402977	2547.630275
880.713191	2546.818649
881.023363	2549.024154
881.333494	2551.622869
881.643583	2548.378887
881.953631	2549.268650
882.263637	2546.508618
882.573602	2548.217570
882.883526	2550.768393
883.193408	2545.823022
883.503248	2548.837632
883.813048	2546.100285
884.122806	2544.955943
884.432522	2545.860830
884.742197	2546.536345
885.051831	2545.404606
885.361424	2542.815973
885.670975	2546.269164
885.980485	2545.407126
886.289954	2546.969884
886.599382	2545.765048
886.908768	2541.585932
887.218113	2536.093595
887.527417	2542.072403
887.836680	2539.284645
888.145901	2543.811601
888.455082	2542.432846
888.764221	2542.805891
889.073319	2543.451159
889.382376	2544.512322
889.691392	2542.024512
890.000366	2546.120450
890.309300	2542.873947
890.618193	2545.046684
890.927044	2544.915614
891.235855	2544.928217
891.544625	2546.022147
891.853353	2543.473844
892.162041	2543.952753
892.470687	2544.194729
892.779293	2546.652291
893.087858	2544.739173
893.396381	2544.285470
893.704864	2545.802857
894.013306	2546.712785
894.321707	2544.671118
894.630068	2547.156407
894.938387	2548.580533
895.246665	2546.183464
895.554903	2545.855789
895.863100	2547.534493
896.171256	2545.891077
896.479371	2543.408309
896.787446	2544.751776
897.095480	2543.231868
897.403473	2543.536858
897.711425	2545.828063
898.019336	2541.792619
898.327207	2546.163299
898.635038	2543.922507
898.942827	2541.822866
899.250576	2543.587270
899.558284	2545.114739
899.865952	2541.659028
900.173579	2544.275387
900.481165	2545.023999
900.788711	2543.052908
901.096216	2543.516694
901.403681	2544.272867
901.711105	2545.286139
902.018489	2543.625078
902.325832	2542.768082
902.633135	2536.302803
902.940397	2540.302958
903.247619	2540.003009
903.554800	2542.868905
903.861941	2542.957126
904.169041	2543.158772
904.476101	2543.042825
904.783121	2545.346632
905.090100	2544.547610
905.397039	2545.364277
905.703938	2546.584236
906.010796	2543.907383
906.317614	2544.449307
906.624391	2543.536858
906.931129	2544.136756
907.237826	2543.085675
907.544483	2544.933258
907.851099	2543.975439
908.157675	2544.819832
908.464211	2542.127856
908.770707	2542.579039
909.077163	2545.029040
909.383578	2539.511497
909.689954	2541.074255
909.996289	2541.318751
910.302584	2542.059800
910.608839	2544.091385
910.915054	2539.556867
911.221229	2542.649615
911.527363	2541.507794
911.833458	2542.251364
912.139513	2543.632640
912.445527	2542.563916
912.751502	2544.865202
913.057436	2543.889739
913.363331	2543.269677
913.669186	2542.079965
913.975000	2542.150541
914.280775	2543.589790
914.586510	2544.330840
914.892205	2542.465613
915.197859	2543.657846
915.503475	2542.667259
915.809050	2543.350336
916.114585	2545.903680
916.420081	2545.255892
916.725536	2543.680531
917.030952	2547.131201
917.336328	2545.840666
917.641665	2540.149203
917.946961	2540.681045
918.252218	2541.525438
918.557435	2538.601569
918.862612	2545.122301
919.167750	2544.444266
919.472848	2540.335726
919.777906	2542.984852
920.082925	2540.096271
920.387904	2542.936961
920.692843	2542.667259
920.997743	2543.365459
921.302603	2544.116591
921.607423	2540.592824
921.912204	2543.118442
922.216946	2543.383103
922.521647	2541.172557
922.826310	2543.430994
923.130932	2543.723381
923.435516	2541.021323
923.740059	2542.226158
924.044564	2542.284132
924.349028	2542.216076
924.653454	2541.414533
924.957840	2541.018802
925.262186	2541.275901
925.566493	2540.756662
925.870761	2545.323947
926.174989	2541.558205
926.479178	2543.383103
926.783328	2542.059800
927.087438	2542.269008
927.391509	2543.478885
927.695541	2542.140459
927.999533	2542.626930
928.303486	2541.464944
928.607400	2543.993083
928.911275	2544.025850
929.215110	2541.810263
929.518906	2542.269008
929.822663	2540.320602
930.126381	2542.838658
930.430060	2541.845551
930.733699	2542.352187
931.037299	2541.462423
931.340861	2539.687937
931.644383	2540.171888
931.947866	2539.811446
932.251309	2542.815973
932.554714	2543.186498
932.858080	2540.600386
933.161407	2539.355221
933.464694	2539.947557
933.767943	2536.854809
934.071153	2542.944523
934.374323	2541.911086
934.677455	2542.808412
934.980548	2542.231199
935.283602	2542.332023
935.586617	2539.398071
935.889593	2542.765562
936.192530	2542.536189
936.495428	2539.733308
936.798287	2543.428473
937.101108	2545.137425
937.403890	2541.527958
937.706632	2542.974770
938.009336	2544.865202
938.312002	2542.745397
938.614628	2542.982331
938.917216	2541.626261
939.219765	2539.390509
939.522275	2545.114739
939.824747	2542.826056
940.127179	2542.175747
940.429573	2544.386293
940.731929	2542.400078
941.034246	2541.641384
941.336524	2543.206663
941.638763	2543.178936
941.940964	2539.166178
942.243126	2542.659698
942.545250	2543.045346
942.847335	2542.337064
943.149381	2540.854964
943.451389	2539.967721
943.753359	2541.245654
944.055290	2542.621889
944.357182	2542.601724
944.659036	2542.707588
944.960851	2541.303627
945.262628	2540.441590
945.564367	2542.261446
945.866067	2542.337064
946.167729	2539.768596
946.469352	2542.500901
946.770937	2540.905376
947.072484	2542.493339
947.373992	2543.728422
947.675462	2541.255736
947.976893	2540.020653
948.278286	2535.828934
948.579641	2539.939995
948.880958	2537.376568
949.182236	2542.942002
949.483476	2542.833617
949.784678	2540.776827
950.085841	2539.927392
950.386967	2543.148689
950.688054	2540.093750
950.989103	2541.253216
951.290114	2541.926210
951.591087	2543.768751
951.892021	2539.635005
952.192917	2541.384286
952.493776	2540.262629
952.794596	2541.338915
953.095378	2539.060314
953.396122	2541.785057
953.696828	2541.626261
953.997496	2543.501570
954.298126	2538.399923
954.598718	2538.994779
954.899272	2541.417053
955.199788	2540.620551
955.500266	2540.577701
955.800706	2542.374872
956.101108	2542.057280
956.401472	2540.315561
956.701798	2540.877650
957.002087	2539.584594
957.302337	2539.206507
957.602550	2540.635674
957.902724	2542.992414
958.202861	2539.813966
958.502960	2543.317568
958.803022	2541.096940
959.103045	2537.532844
959.403031	2539.350180
959.702979	2540.444110
960.002889	2542.193391
960.302762	2541.059131
960.602596	2544.834955
960.902393	2541.369162
961.202153	2541.790098
961.501875	2540.335726
961.801559	2540.623071
962.101205	2540.166847
962.400814	2541.195242
962.700385	2538.805735
962.999918	2538.064686
963.299414	2538.881353
963.598873	2538.067206
963.898293	2533.305837
964.197677	2541.487629
964.497022	2541.386806
964.796331	2541.515356
965.095601	2540.086188
965.394835	2541.159954
965.694030	2539.967721
965.993189	2541.255736
966.292309	2539.151054
966.591393	2542.362269
966.890439	2543.166333
967.189447	2540.524769
967.488419	2542.402599
967.787353	2543.630120
968.086249	2539.705581
968.385108	2541.270860
968.683930	2542.304296
968.982714	2539.851775
969.281462	2543.506611
969.580172	2539.178781
969.878844	2539.556867
970.177480	2540.033256
970.476078	2542.006868
970.774639	2541.180119
971.073162	2540.093750
971.371649	2542.589121
971.670098	2540.403781
971.968510	2541.986703
972.266885	2539.960160
972.565223	2541.275901
972.863524	2538.490663
973.161788	2540.287835
973.460014	2539.662732
973.758204	2541.273380
974.056356	2541.447300
974.354471	2540.484440
974.652550	2541.565767
974.950591	2540.784388
975.248595	2540.837320
975.546563	2538.997299
975.844493	2540.023174
976.142386	2538.830941
976.440243	2539.972763
976.738062	2539.783719
977.035845	2541.643905
977.333590	2542.747918
977.631299	2541.951415
977.928971	2536.832124
978.226606	2535.760878
978.524204	2538.576363
978.821765	2534.901362
979.119290	2540.998637
979.416777	2539.004861
979.714228	2540.933102
980.011642	2540.978473
980.309020	2539.829090
980.606360	2538.523431
980.903664	2538.311702
981.200931	2539.577032
981.498162	2539.685417
981.795356	2542.299255
982.092513	2542.281611
982.389633	2539.113246
982.686717	2542.102650
982.983764	2540.739018
983.280775	2542.049718
983.577749	2539.062834
983.874686	2541.434697
984.171587	2540.534851
984.468451	2539.377906
984.765279	2542.047197
985.062070	2540.945705
985.358824	2541.356559
985.655543	2536.310364
985.952224	2542.011909
986.248869	2538.717515
986.545478	2540.610468
986.842050	2539.302289
987.138586	2540.928061
987.435086	2543.136087
987.731549	2536.370858
988.027975	2541.908566
988.324366	2540.418905
988.620719	2536.191897
988.917037	2538.843544
989.213318	2541.709440
989.509563	2537.636188
989.805772	2541.641384
990.101944	2541.275901
990.398080	2542.117773
990.694180	2538.283976
990.990244	2539.009902
991.286271	2539.856816
991.582262	2542.372352
991.878217	2538.389840
992.174136	2540.509645
992.470019	2537.341280
992.765865	2536.701054
993.061676	2534.379602
993.357450	2541.454862
993.653188	2535.622247
993.948890	2539.486291
994.244556	2539.135931
994.540186	2541.101981
994.835780	2537.162319
995.131337	2537.931095
995.426859	2542.021992
995.722345	2538.866229
996.017795	2542.846220
996.313208	2539.703061
996.608586	2536.814480
996.903928	2540.489481
997.199234	2541.049049
997.494504	2538.833462
997.789738	2542.594163
998.084936	2539.219110
998.380099	2540.524769
998.675225	2539.534182
998.970316	2539.582073
999.265371	2540.933102
999.560390	2539.612320
999.855373	2538.372196
1000.150320	2539.657690
1000.445232	2540.297917
1000.740108	2541.845551
1001.034948	2541.840510
1001.329752	2539.914789
1001.624521	2542.667259
1001.919254	2540.925541
1002.213951	2541.472506
1002.508613	2538.709953
1002.803239	2536.234747
1003.097829	2539.879501
1003.392384	2543.083154
1003.686903	2541.033925
1003.981386	2540.844882
1004.275834	2539.992927
1004.570246	2543.715819
1004.864623	2541.323792
1005.158964	2540.786909
1005.453270	2539.592155
1005.747540	2540.857485
1006.041775	2540.643236
1006.335974	2541.764893
1006.630138	2540.504604
1006.924266	2542.631971
1007.218359	2538.467978
1007.512416	2537.555529
1007.806438	2537.691640
1008.100425	2540.166847
1008.394376	2533.000847
1008.688292	2537.671476
1008.982172	2539.158616
1009.276017	2538.636857
1009.569827	2537.671476
1009.863602	2539.151054
1010.157341	2537.464788
1010.451045	2539.534182
1010.744714	2539.032587
1011.038347	2537.419418
1011.331945	2538.276414
1011.625508	2540.628112
1011.919036	2537.898328
1012.212528	2540.668442
1012.505986	2537.326157
1012.799408	2538.704912
1013.092795	2538.634336
1013.386147	2542.422763
1013.679464	2538.412525
1013.972745	2538.634336
1014.265992	2540.544933
1014.559204	2538.220962
1014.852380	2536.277597
1015.145521	2540.862526
1015.438628	2538.846065
1015.731699	2538.886394
1016.024736	2539.819007
1016.317737	2540.497042
1016.610703	2539.932433
1016.903635	2541.298586
1017.196531	2540.078627
1017.489393	2540.565098
1017.782219	2537.895807
1018.075011	2541.817825
1018.367768	2540.509645
1018.660490	2542.276570
1018.953177	2542.276570
1019.245829	2542.276570
