Dividing Wavelength (nm)	Counts (n)	Blue Motor Position (mm): 0.000000	Red Motor Position (mm): 6.300000	
326.493990	1.000656
326.888308	1.000656
327.282561	1.000656
327.676750	1.000115
328.070874	0.998217
328.464933	0.999731
328.858929	1.000103
329.252859	1.000439
329.646726	0.999458
330.040528	0.999152
330.434265	0.999262
330.827938	1.001141
331.221547	0.998903
331.615091	0.999312
332.008571	0.999418
332.401986	1.000142
332.795338	1.000191
333.188625	0.998901
333.581847	1.000287
333.975006	0.998544
334.368100	0.998510
334.761129	0.999246
335.154095	1.000362
335.546996	0.998232
335.939833	0.992030
336.332606	0.992050
336.725315	0.993652
337.117960	0.995263
337.510540	0.993363
337.903056	0.994265
338.295508	0.992952
338.687896	0.994137
339.080220	0.993091
339.472480	0.993433
339.864676	0.993027
340.256807	0.994174
340.648875	0.994516
341.040879	0.994166
341.432818	0.992762
341.824694	0.993105
342.216506	0.994435
342.608253	0.993334
342.999937	0.993966
343.391557	0.992781
343.783113	0.992110
344.174605	0.994313
344.566033	0.993291
344.957397	0.992356
345.348697	0.992264
345.739934	0.993293
346.131106	0.993166
346.522215	0.992089
346.913260	0.993678
347.304241	0.993768
347.695159	0.992862
348.086012	0.993280
348.476802	0.994108
348.867528	0.992760
349.258191	0.992130
349.648789	0.993354
350.039324	0.993303
350.429796	0.993769
350.820203	0.992761
351.210548	0.992962
351.600828	0.993335
351.991045	0.992691
352.381198	0.992405
352.771288	0.993702
353.161314	0.991265
353.551276	0.993876
353.941175	0.992429
354.331010	0.993086
354.720782	0.992317
355.110490	0.992859
355.500135	0.993721
355.889717	0.991454
356.279235	0.991507
356.668689	0.992245
357.058080	0.991557
357.447408	0.994328
357.836672	0.992859
358.225873	0.992720
358.615010	0.992530
359.004084	0.992340
359.393095	0.992788
359.782043	0.992210
360.170927	0.993294
360.559748	0.991920
360.948505	0.990787
361.337199	0.991394
361.725830	0.992474
362.114398	0.991486
362.502903	0.992626
362.891344	0.993167
363.279722	0.991871
363.668037	0.992303
364.056289	0.991486
364.444478	0.992913
364.832603	0.992304
365.220665	0.992409
365.608665	0.991257
365.996601	0.991445
366.384474	0.991045
366.772284	0.992558
367.160031	0.990223
367.547715	0.991804
367.935336	0.990929
368.322893	0.990487
368.710388	0.989865
369.097820	0.990774
369.485189	0.990932
369.872495	0.989331
370.259738	0.988894
370.646918	0.989571
371.034035	0.989560
371.421090	0.989148
371.808081	0.987279
372.195010	0.988201
372.581875	0.985706
372.968678	0.984758
373.355418	0.983492
373.742096	0.981608
374.128710	0.979744
374.515262	0.976242
374.901751	0.973080
375.288177	0.970687
375.674540	0.967189
376.060841	0.963066
376.447079	0.959738
376.833254	0.953793
377.219367	0.950253
377.605417	0.942836
377.991404	0.938271
378.377329	0.932280
378.763191	0.926966
379.148991	0.919129
379.534727	0.912962
379.920402	0.904819
380.306013	0.899761
380.691563	0.888267
381.077049	0.880793
381.462474	0.874973
381.847835	0.863860
382.233134	0.855829
382.618371	0.853790
383.003545	0.836502
383.388657	0.831889
383.773706	0.822884
384.158693	0.816166
384.543618	0.807044
384.928480	0.798413
385.313280	0.785367
385.698017	0.783670
386.082692	0.769967
386.467305	0.766218
386.851856	0.756397
387.236344	0.748615
387.620770	0.739896
388.005133	0.732777
388.389435	0.725669
388.773674	0.720264
389.157851	0.709814
389.541965	0.705166
389.926018	0.710217
390.310008	0.696137
390.693936	0.689466
391.077802	0.681169
391.461606	0.682437
391.845348	0.669744
392.229027	0.669407
392.612645	0.665479
392.996200	0.652404
393.379694	0.644713
393.763125	0.635048
394.146494	0.637976
394.529801	0.628503
394.913047	0.620905
395.296230	0.625798
395.679351	0.617123
396.062410	0.613172
396.445408	0.615571
396.828343	0.610512
397.211217	0.605331
397.594028	0.619440
397.976778	0.608153
398.359466	0.604590
398.742092	0.599515
399.124656	0.612066
399.507158	0.600806
399.889598	0.596765
400.271977	0.588386
400.654294	0.592858
401.036549	0.591072
401.418742	0.595998
401.800874	0.580741
402.182944	0.578927
402.564952	0.569743
402.946898	0.571975
403.328783	0.572371
403.710606	0.583754
404.092367	0.558516
404.474067	0.563892
404.855705	0.562809
405.237282	0.571975
405.618797	0.557295
406.000250	0.553264
406.381642	0.544011
406.762972	0.549235
407.144240	0.547522
407.525447	0.547954
407.906593	0.540912
408.287677	0.536255
408.668700	0.543753
409.049661	0.537673
409.430560	0.534072
409.811399	0.541367
410.192176	0.523867
410.572891	0.530673
410.953545	0.518684
411.334138	0.531766
411.714669	0.525183
412.095139	0.536384
412.475547	0.521327
412.855894	0.523322
413.236180	0.522217
413.616405	0.528164
413.996568	0.518022
414.376670	0.524325
414.756711	0.528687
415.136691	0.525432
415.516609	0.516774
415.896466	0.513112
416.276262	0.509439
416.655997	0.511366
417.035670	0.492378
417.415283	0.484599
417.794834	0.489279
418.174324	0.494364
418.553753	0.503982
418.933121	0.485991
419.312428	0.480235
419.691674	0.485885
420.070859	0.473983
420.449983	0.482026
420.829045	0.471560
421.208047	0.480300
421.586988	0.474538
421.965867	0.473290
422.344686	0.461305
422.723444	0.474330
423.102141	0.490860
423.480777	0.463741
423.859352	0.484512
424.237866	0.461515
424.616319	0.461883
424.994712	0.453133
425.373044	0.463683
425.751314	0.451377
426.129524	0.467827
426.507673	0.452128
426.885762	0.445266
427.263789	0.450568
427.641756	0.460449
428.019662	0.451141
428.397508	0.449396
428.775292	0.453793
429.153016	0.445959
429.530679	0.452335
429.908282	0.445710
430.285824	0.455998
430.663305	0.434433
431.040726	0.454701
431.418086	0.455615
431.795385	0.446980
432.172624	0.445575
432.549802	0.446309
432.926920	0.445305
433.303977	0.444495
433.680974	0.441379
434.057910	0.440168
434.434786	0.439445
434.811601	0.442145
435.188355	0.424167
435.565050	0.433532
435.941683	0.435486
436.318257	0.419732
436.694770	0.420184
437.071222	0.418609
437.447614	0.422522
437.823946	0.429395
438.200218	0.418417
438.576429	0.428385
438.952580	0.421303
439.328670	0.418073
439.704700	0.425408
440.080670	0.425863
440.456580	0.407263
440.832429	0.414551
441.208218	0.425758
441.583947	0.414889
441.959616	0.414596
442.335224	0.420091
442.710773	0.410151
443.086261	0.408177
443.461689	0.422135
443.837057	0.412148
444.212365	0.402347
444.587612	0.409075
444.962800	0.398971
445.337927	0.400433
445.712995	0.427021
446.088002	0.389293
446.462949	0.399587
446.837837	0.404009
447.212664	0.393422
447.587431	0.384562
447.962139	0.355559
448.336786	0.314869
448.711374	0.324991
449.085901	0.369109
449.460369	0.373432
449.834776	0.377010
450.209124	0.356198
450.583412	0.348639
450.957640	0.341672
451.331808	0.352607
451.705917	0.376409
452.079965	0.381292
452.453954	0.369448
452.827883	0.375944
453.201752	0.370829
453.575562	0.382572
453.949311	0.370297
454.323001	0.377031
454.696632	0.372339
455.070202	0.365391
455.443713	0.357012
455.817164	0.352177
456.190556	0.348037
456.563888	0.344607
456.937160	0.342161
457.310373	0.359220
457.683526	0.358206
458.056619	0.364215
458.429653	0.364829
458.802628	0.367708
459.175542	0.361844
459.548398	0.344708
459.921194	0.337243
460.293930	0.337450
460.666607	0.314535
461.039224	0.303213
461.411782	0.298653
461.784280	0.298112
462.156719	0.302339
462.529099	0.306607
462.901419	0.322214
463.273680	0.327238
463.645882	0.326457
464.018024	0.332515
464.390106	0.325263
464.762130	0.310087
465.134094	0.293138
465.505999	0.262435
465.877845	0.232610
466.249631	0.219625
466.621358	0.227186
466.993026	0.240976
467.364634	0.247225
467.736184	0.255969
468.107674	0.264255
468.479105	0.263501
468.850477	0.270406
469.221790	0.277295
469.593043	0.287214
469.964238	0.292243
470.335373	0.291323
470.706449	0.289886
471.077467	0.290755
471.448425	0.252535
471.819324	0.228279
472.190164	0.227593
472.560945	0.256170
472.931667	0.278568
473.302330	0.282714
473.672934	0.294706
474.043479	0.282845
474.413965	0.284795
474.784393	0.288039
475.154761	0.283213
475.525070	0.279980
475.895321	0.286090
476.265513	0.279898
476.635645	0.275418
477.005719	0.275508
477.375734	0.272153
477.745691	0.265131
478.115588	0.261877
478.485427	0.255715
478.855207	0.242215
479.224928	0.224544
479.594591	0.212854
479.964194	0.216381
480.333739	0.217503
480.703226	0.219019
481.072653	0.217446
481.442022	0.213186
481.811333	0.209465
482.180584	0.213238
482.549777	0.218119
482.918912	0.221474
483.287988	0.221520
483.657005	0.221319
484.025964	0.227666
484.394864	0.225001
484.763706	0.225378
485.132489	0.230542
485.501213	0.231330
485.869879	0.229723
486.238487	0.232761
486.607036	0.230714
486.975527	0.235292
487.343959	0.231126
487.712333	0.230247
488.080648	0.231454
488.448905	0.230891
488.817104	0.232277
489.185244	0.226756
489.553326	0.223494
489.921350	0.213400
490.289315	0.195912
490.657222	0.190792
491.025070	0.192247
491.392861	0.194432
491.760593	0.199881
492.128267	0.205526
492.495883	0.211081
492.863440	0.217204
493.230939	0.223667
493.598380	0.224996
493.965763	0.227396
494.333088	0.229600
494.700354	0.230944
495.067563	0.230145
495.434713	0.233191
495.801805	0.231166
496.168839	0.232740
496.535815	0.233931
496.902733	0.233876
497.269593	0.235692
497.636395	0.233202
498.003139	0.233739
498.369825	0.236623
498.736453	0.232919
499.103023	0.234469
499.469535	0.233813
499.835989	0.234124
500.202385	0.235127
500.568723	0.238293
500.935003	0.233674
501.301226	0.237487
501.667390	0.232347
502.033497	0.230140
502.399546	0.233048
502.765537	0.234732
503.131470	0.233413
503.497345	0.229660
503.863163	0.238104
504.228923	0.231342
504.594625	0.229954
504.960269	0.235510
505.325856	0.230823
505.691385	0.235210
506.056856	0.232020
506.422270	0.231179
506.787625	0.233862
507.152924	0.231118
507.518164	0.231582
507.883347	0.233342
508.248472	0.234910
508.613540	0.230092
508.978550	0.232551
509.343503	0.232878
509.708398	0.230678
510.073236	0.228297
510.438016	0.228370
510.802738	0.229008
511.167403	0.228442
511.532010	0.230034
511.896561	0.225543
512.261053	0.224379
512.625488	0.226315
512.989866	0.226899
513.354186	0.227043
513.718449	0.228937
514.082655	0.225219
514.446803	0.227388
514.810894	0.225043
515.174927	0.227714
515.538904	0.227049
515.902822	0.223901
516.266684	0.226615
516.630488	0.227834
516.994235	0.226450
517.357925	0.225222
517.721558	0.223518
518.085133	0.223043
518.448651	0.223082
518.812112	0.225451
519.175516	0.225119
519.538863	0.222697
519.902152	0.224395
520.265385	0.221075
520.628560	0.222831
520.991678	0.223374
521.354739	0.222020
521.717743	0.223407
522.080690	0.223774
522.443580	0.220914
522.806413	0.222281
523.169189	0.221173
523.531908	0.220311
523.894569	0.223966
524.257174	0.223750
524.619722	0.221405
524.982213	0.222423
525.344647	0.221571
525.707025	0.222178
526.069345	0.220283
526.431608	0.222130
526.793815	0.220139
527.155964	0.224390
527.518057	0.223121
527.880093	0.224471
528.242072	0.222712
528.603995	0.224678
528.965860	0.226404
529.327669	0.225301
529.689421	0.226195
530.051117	0.227118
530.412755	0.224601
530.774337	0.226967
531.135862	0.227415
531.497331	0.227046
531.858743	0.229864
532.220098	0.226401
532.581396	0.228943
532.942638	0.229251
533.303824	0.230852
533.664953	0.230137
534.026025	0.232075
534.387040	0.229753
534.747999	0.229572
535.108902	0.228440
535.469748	0.233525
535.830537	0.231284
536.191270	0.231739
536.551947	0.231614
536.912567	0.231167
537.273131	0.233179
537.633638	0.233411
537.994089	0.233981
538.354483	0.234801
538.714821	0.231606
539.075103	0.231561
539.435328	0.232100
539.795497	0.235982
540.155609	0.232770
540.515665	0.230876
540.875665	0.236425
541.235609	0.234970
541.595496	0.234985
541.955328	0.231445
542.315102	0.234069
542.674821	0.235234
543.034483	0.235469
543.394090	0.234953
543.753640	0.237174
544.113134	0.231827
544.472571	0.235155
544.831953	0.232103
545.191278	0.236099
545.550548	0.235408
545.909761	0.232349
546.268918	0.233087
546.628019	0.231371
546.987064	0.234332
547.346053	0.236147
547.704986	0.233839
548.063863	0.233980
548.422684	0.234333
548.781449	0.236046
549.140158	0.233735
549.498811	0.236729
549.857408	0.239675
550.215949	0.234650
550.574434	0.237379
550.932864	0.235782
551.291237	0.234186
551.649555	0.235640
552.007817	0.235399
552.366022	0.236202
552.724173	0.236320
553.082267	0.236535
553.440305	0.233528
553.798288	0.238325
554.156215	0.234758
554.514086	0.235000
554.871902	0.238459
555.229661	0.237743
555.587365	0.238199
555.945014	0.240859
556.302606	0.237718
556.660143	0.240263
557.017625	0.236608
557.375050	0.238963
557.732421	0.235697
558.089735	0.238025
558.446994	0.238214
558.804197	0.237041
559.161345	0.237141
559.518437	0.240634
559.875474	0.238213
560.232455	0.237833
560.589381	0.238700
560.946251	0.239265
561.303065	0.236328
561.659825	0.238044
562.016528	0.239276
562.373177	0.242242
562.729770	0.239544
563.086307	0.241710
563.442789	0.239510
563.799216	0.242455
564.155587	0.240984
564.511904	0.242166
564.868164	0.242523
565.224370	0.242361
565.580520	0.243994
565.936615	0.243796
566.292654	0.246769
566.648638	0.243708
567.004567	0.244582
567.360441	0.245478
567.716260	0.247439
568.072023	0.245131
568.427732	0.245875
568.783385	0.248653
569.138982	0.246446
569.494525	0.246174
569.850013	0.248805
570.205445	0.247489
570.560823	0.250079
570.916145	0.251761
571.271412	0.250165
571.626625	0.251598
571.981782	0.251885
572.336884	0.252843
572.691931	0.252680
573.046923	0.253829
573.401860	0.254871
573.756743	0.256599
574.111570	0.255342
574.466342	0.256095
574.821059	0.255300
575.175722	0.258067
575.530330	0.257907
575.884882	0.258079
576.239380	0.260055
576.593823	0.260608
576.948211	0.259873
577.302544	0.263434
577.656823	0.262884
578.011047	0.263277
578.365216	0.263316
578.719330	0.265942
579.073389	0.265622
579.427394	0.266949
579.781344	0.267721
580.135239	0.269241
580.489080	0.268734
580.842866	0.271638
581.196597	0.271808
581.550273	0.269918
581.903895	0.271101
582.257463	0.269163
582.610975	0.272606
582.964434	0.272053
583.317837	0.274680
583.671186	0.275141
584.024481	0.275150
584.377721	0.277659
584.730906	0.278096
585.084037	0.277692
585.437113	0.279128
585.790135	0.278609
586.143103	0.281240
586.496016	0.282812
586.848874	0.280151
587.201679	0.280501
587.554428	0.284353
587.907124	0.283030
588.259765	0.283345
588.612352	0.284099
588.964884	0.287882
589.317362	0.287542
589.669786	0.287424
590.022155	0.286097
590.374470	0.285278
590.726731	0.287510
591.078937	0.292106
591.431090	0.288168
591.783188	0.292490
592.135232	0.292985
592.487222	0.292731
592.839157	0.291437
593.191038	0.293490
593.542866	0.295199
593.894639	0.299273
594.246358	0.296558
594.598022	0.296504
594.949633	0.300253
595.301190	0.300959
595.652692	0.300172
596.004141	0.296150
596.355535	0.304060
596.706876	0.304762
597.058162	0.307196
597.409395	0.304347
597.760573	0.302137
598.111698	0.305378
598.462768	0.306159
598.813785	0.307185
599.164748	0.308383
599.515657	0.308799
599.866511	0.311945
600.217312	0.307738
600.568060	0.312838
600.918753	0.309096
601.269392	0.310087
601.619978	0.313269
601.970510	0.310887
602.320988	0.311431
602.671412	0.308802
603.021783	0.311167
603.372100	0.312682
603.722363	0.312493
604.072572	0.313047
604.422728	0.313007
604.772830	0.314739
605.122878	0.314727
605.472872	0.315098
605.822813	0.313087
606.172701	0.316060
606.522534	0.313523
606.872314	0.313459
607.222041	0.314292
607.571714	0.312549
607.921333	0.313819
608.270899	0.313609
608.620411	0.310349
608.969870	0.314025
609.319276	0.314288
609.668627	0.314457
610.017926	0.312961
610.367171	0.311359
610.716362	0.312019
611.065500	0.312232
611.414585	0.311194
611.763616	0.311737
612.112594	0.312007
612.461518	0.311358
612.810389	0.309357
613.159207	0.311608
613.507971	0.313481
613.856682	0.309124
614.205340	0.310941
614.553945	0.307700
614.902496	0.311337
615.250994	0.309317
615.599439	0.310260
615.947830	0.309323
616.296169	0.310624
616.644454	0.310296
616.992686	0.309989
617.340864	0.307797
617.688990	0.311590
618.037063	0.308259
618.385082	0.310188
618.733048	0.307003
619.080961	0.309323
619.428821	0.308596
619.776628	0.308534
620.124382	0.309639
620.472083	0.310698
620.819731	0.309734
621.167326	0.313783
621.514868	0.313464
621.862357	0.317668
622.209793	0.317479
622.557176	0.319424
622.904506	0.320367
623.251783	0.323010
623.599007	0.325606
623.946179	0.324497
624.293297	0.326530
624.640363	0.330735
624.987376	0.331092
625.334336	0.333922
625.681243	0.336157
626.028097	0.336619
626.374899	0.337536
626.721647	0.337618
627.068343	0.341516
627.414987	0.342317
627.761577	0.344544
628.108115	0.342736
628.454600	0.347324
628.801032	0.345184
629.147412	0.347317
629.493739	0.347676
629.840014	0.350999
630.186236	0.348033
630.532405	0.353953
630.878521	0.350854
631.224585	0.353708
631.570597	0.356951
631.916556	0.355588
632.262462	0.355543
632.608316	0.357398
632.954117	0.358394
633.299866	0.359211
633.645562	0.359796
633.991206	0.364259
634.336797	0.366988
634.682336	0.369153
635.027823	0.370905
635.373257	0.371602
635.718639	0.375322
636.063968	0.374334
636.409245	0.380166
636.754470	0.380324
637.099642	0.382405
637.444762	0.386695
637.789829	0.385454
638.134845	0.388677
638.479808	0.389783
638.824719	0.389501
639.169577	0.393316
639.514383	0.392569
639.859137	0.396962
640.203839	0.396192
640.548489	0.397411
640.893086	0.398475
641.237632	0.399764
641.582125	0.398606
641.926566	0.399975
642.270955	0.400176
642.615292	0.400186
642.959576	0.399595
643.303809	0.399890
643.647990	0.399477
643.992118	0.400183
644.336195	0.404204
644.680219	0.402376
645.024192	0.403034
645.368112	0.396114
645.711981	0.395336
646.055797	0.390595
646.399562	0.392907
646.743274	0.385355
647.086935	0.382459
647.430544	0.382900
647.774101	0.381876
648.117606	0.381525
648.461059	0.381613
648.804460	0.384222
649.147810	0.389266
649.491108	0.391674
649.834354	0.392584
650.177548	0.398410
650.520690	0.403456
650.863781	0.404960
651.206820	0.404132
651.549807	0.408933
651.892742	0.412399
652.235626	0.411817
652.578458	0.413068
652.921238	0.419430
653.263967	0.417048
653.606644	0.420968
653.949269	0.420950
654.291843	0.424421
654.634365	0.421367
654.976836	0.424896
655.319255	0.424772
655.661622	0.426599
656.003938	0.426516
656.346203	0.429361
656.688416	0.427774
657.030577	0.430383
657.372687	0.432656
657.714746	0.433772
658.056753	0.430116
658.398708	0.434704
658.740612	0.434873
659.082465	0.431220
659.424266	0.431715
659.766016	0.431471
660.107715	0.434149
660.449362	0.433110
660.790958	0.433861
661.132503	0.434155
661.473996	0.431938
661.815438	0.432721
662.156829	0.433006
662.498168	0.433673
662.839456	0.435056
663.180693	0.432786
663.521879	0.433206
663.863013	0.434108
664.204097	0.432289
664.545129	0.429122
664.886110	0.429336
665.227040	0.426878
665.567918	0.429839
665.908746	0.427546
666.249522	0.426812
666.590248	0.428046
666.930922	0.426261
667.271545	0.425374
667.612118	0.425339
667.952639	0.427046
668.293109	0.425485
668.633528	0.428287
668.973896	0.427910
669.314213	0.428251
669.654480	0.430229
669.994695	0.431309
670.334859	0.431514
670.674973	0.431479
671.015035	0.431999
671.355047	0.431641
671.695008	0.432703
672.034918	0.434509
672.374777	0.434050
672.714585	0.435107
673.054342	0.434872
673.394049	0.435653
673.733705	0.432690
674.073310	0.433931
674.412864	0.437069
674.752368	0.437595
675.091820	0.437791
675.431223	0.441850
675.770574	0.442289
676.109875	0.445200
676.449125	0.445339
676.788324	0.447212
677.127473	0.452520
677.466571	0.452692
677.805619	0.453956
678.144616	0.455321
678.483562	0.456831
678.822458	0.459500
679.161303	0.460109
679.500098	0.460955
679.838842	0.462314
680.177535	0.462243
680.516179	0.460633
680.854771	0.459927
681.193314	0.452944
681.531805	0.444556
681.870247	0.433026
682.208638	0.425539
682.546978	0.424423
682.885268	0.425844
683.223508	0.432414
683.561697	0.435749
683.899836	0.438686
684.237925	0.441770
684.575963	0.444772
684.913951	0.447630
685.251889	0.443981
685.589776	0.445580
685.927614	0.448163
686.265401	0.442163
686.603137	0.443435
686.940824	0.437372
687.278460	0.435588
687.616046	0.435149
687.953582	0.429982
688.291068	0.431437
688.628504	0.427539
688.965889	0.429133
689.303224	0.433500
689.640510	0.437213
689.977745	0.443155
690.314930	0.451196
690.652065	0.455559
690.989150	0.463338
691.326185	0.469799
691.663170	0.474685
692.000105	0.481124
692.336990	0.488426
692.673825	0.490895
693.010610	0.498629
693.347345	0.503479
693.684030	0.505087
694.020665	0.509375
694.357251	0.518741
694.693786	0.517552
695.030272	0.522556
695.366707	0.526070
695.703093	0.529223
696.039429	0.526648
696.375716	0.528306
696.711952	0.530729
697.048139	0.533037
697.384276	0.535580
697.720363	0.533684
698.056400	0.532742
698.392388	0.538353
698.728326	0.541080
699.064214	0.543991
699.400053	0.544624
699.735842	0.548375
700.071581	0.550802
700.407270	0.554583
700.742910	0.556023
701.078501	0.563761
701.414042	0.563353
701.749533	0.566810
702.084974	0.575267
702.420366	0.567966
702.755709	0.575555
703.091002	0.582863
703.426246	0.576517
703.761440	0.582330
704.096584	0.587755
704.431679	0.584530
704.766725	0.585984
705.101721	0.587504
705.436668	0.583951
705.771565	0.591531
706.106413	0.587349
706.441212	0.582851
706.775961	0.582013
707.110661	0.584016
707.445311	0.581125
707.779913	0.578195
708.114465	0.576730
708.448967	0.573832
708.783421	0.565160
709.117825	0.560441
709.452180	0.560287
709.786485	0.554055
710.120742	0.544253
710.454949	0.545647
710.789107	0.537840
711.123216	0.528351
711.457275	0.530409
711.791286	0.521950
712.125247	0.520176
712.459159	0.530718
712.793023	0.524024
713.126837	0.528055
713.460602	0.528404
713.794318	0.537415
714.127985	0.536250
714.461602	0.546847
714.795171	0.549726
715.128691	0.557410
715.462162	0.564885
715.795584	0.570179
716.128957	0.573888
716.462281	0.580521
716.795556	0.583695
717.128782	0.588778
717.461960	0.597878
717.795088	0.596153
718.128167	0.602991
718.461198	0.611741
718.794180	0.612451
719.127113	0.615183
719.459997	0.618872
719.792833	0.624699
720.125619	0.626900
720.458357	0.632876
720.791046	0.631271
721.123686	0.635284
721.456278	0.641947
721.788821	0.639232
722.121315	0.644193
722.453761	0.647919
722.786158	0.645170
723.118506	0.641554
723.450805	0.649790
723.783056	0.645766
724.115259	0.642900
724.447412	0.642307
724.779518	0.644215
725.111574	0.643265
725.443582	0.639208
725.775542	0.640490
726.107453	0.632768
726.439315	0.632666
726.771129	0.631645
727.102895	0.624503
727.434612	0.617063
727.766281	0.615305
728.097901	0.614001
728.429473	0.614902
728.760996	0.613152
729.092471	0.613207
729.423897	0.616806
729.755276	0.616190
730.086606	0.616221
730.417887	0.610138
730.749120	0.601348
731.080305	0.591875
731.411442	0.588112
731.742530	0.593082
732.073570	0.592417
732.404562	0.584124
732.735506	0.586051
733.066401	0.590909
733.397249	0.599347
733.728048	0.610528
734.058798	0.623938
734.389501	0.634085
734.720156	0.644027
735.050762	0.652313
735.381320	0.653002
735.711831	0.662481
736.042293	0.667067
736.372707	0.662616
736.703073	0.667654
737.033391	0.669713
737.363661	0.666345
737.693883	0.661730
738.024056	0.660974
738.354182	0.661467
738.684260	0.650619
739.014290	0.646356
739.344272	0.646926
739.674207	0.640941
740.004093	0.639942
740.333931	0.640369
740.663722	0.640211
740.993464	0.640999
741.323159	0.645337
741.652806	0.650037
741.982405	0.654433
742.311956	0.658907
742.641460	0.661351
742.970915	0.665590
743.300323	0.672851
743.629683	0.679015
743.958996	0.681715
744.288260	0.685199
744.617477	0.691874
744.946647	0.692951
745.275768	0.698240
745.604842	0.698891
745.933869	0.708497
746.262847	0.709110
746.591778	0.702384
746.920662	0.708766
747.249498	0.715787
747.578286	0.706329
747.907027	0.702673
748.235720	0.703395
748.564365	0.698351
748.892963	0.697942
749.221514	0.700516
749.550017	0.705837
749.878473	0.705473
750.206881	0.712481
750.535242	0.713613
750.863555	0.712806
751.191821	0.714880
751.520039	0.716509
751.848210	0.721865
752.176334	0.714338
752.504411	0.714089
752.832440	0.722049
753.160421	0.725476
753.488356	0.723703
753.816243	0.722411
754.144082	0.729642
754.471875	0.733273
754.799620	0.729005
755.127318	0.731081
755.454969	0.730393
755.782572	0.729315
756.110129	0.734451
756.437638	0.736378
756.765100	0.733563
757.092515	0.731166
757.419882	0.731325
757.747203	0.736015
758.074477	0.734190
758.401703	0.732764
758.728882	0.727563
759.056014	0.726846
759.383099	0.724960
759.710138	0.726775
760.037129	0.723009
760.364073	0.717565
760.690970	0.719587
761.017820	0.725006
761.344623	0.720434
761.671379	0.711668
761.998088	0.700057
762.324751	0.676333
762.651366	0.634933
762.977935	0.567513
763.304456	0.515970
763.630931	0.506104
763.957359	0.544836
764.283740	0.589185
764.610074	0.617454
764.936362	0.648098
765.262602	0.675368
765.588796	0.696903
765.914943	0.715874
766.241044	0.732716
766.567097	0.739746
766.893104	0.748763
767.219064	0.755165
767.544978	0.760787
767.870845	0.775547
768.196665	0.779452
768.522438	0.776987
768.848165	0.777783
769.173846	0.787511
769.499479	0.792338
769.825066	0.795196
770.150607	0.800980
770.476101	0.795398
770.801548	0.796890
771.126949	0.807974
771.452303	0.812057
771.777611	0.810835
772.102872	0.810373
772.428087	0.816345
772.753256	0.820046
773.078378	0.821216
773.403453	0.830726
773.728482	0.834298
774.053465	0.828197
774.378401	0.830962
774.703291	0.839894
775.028135	0.839376
775.352932	0.840955
775.677683	0.844746
776.002388	0.844432
776.327046	0.843011
776.651658	0.847573
776.976224	0.850417
777.300743	0.849859
777.625216	0.854373
777.949643	0.854713
778.274024	0.854762
778.598359	0.856605
778.922647	0.855404
779.246889	0.854576
779.571086	0.859247
779.895236	0.862614
780.219339	0.859309
780.543397	0.855669
780.867409	0.854058
781.191374	0.856118
781.515294	0.859339
781.839167	0.856445
782.162995	0.860591
782.486776	0.857718
782.810511	0.858484
783.134201	0.862023
783.457844	0.859064
783.781441	0.863031
784.104993	0.868978
784.428498	0.867958
784.751958	0.864455
785.075372	0.866705
785.398739	0.870495
785.722061	0.867317
786.045337	0.863296
786.368568	0.867862
786.691752	0.869540
787.014891	0.856021
787.337983	0.845606
787.661030	0.838621
787.984031	0.821303
788.306987	0.808468
788.629897	0.809678
788.952760	0.814686
789.275579	0.818614
789.598351	0.834148
789.921078	0.847977
790.243759	0.849061
790.566395	0.854451
790.888984	0.861993
791.211529	0.866505
791.534027	0.869614
791.856480	0.872246
792.178888	0.877285
792.501249	0.880555
792.823566	0.881810
793.145836	0.881138
793.468062	0.883331
793.790241	0.882738
794.112375	0.881281
794.434464	0.876235
794.756507	0.876123
795.078505	0.876388
795.400457	0.870171
795.722364	0.858831
796.044226	0.850213
796.366042	0.849735
796.687812	0.853040
797.009538	0.850125
797.331218	0.851041
797.652852	0.858559
797.974442	0.862536
798.295986	0.862379
798.617484	0.865272
798.938938	0.868784
799.260346	0.873731
799.581709	0.875079
799.903026	0.878504
800.224299	0.878922
800.545526	0.882725
800.866708	0.886209
801.187845	0.889930
801.508936	0.889548
801.829983	0.889476
802.150984	0.891772
802.471940	0.896766
802.792851	0.895267
803.113717	0.896412
803.434538	0.894430
803.755314	0.896722
804.076045	0.899190
804.396731	0.897804
804.717372	0.897152
805.037967	0.899920
805.358518	0.897606
805.679024	0.895570
805.999485	0.895202
806.319901	0.895865
806.640272	0.895386
806.960598	0.894615
807.280879	0.892717
807.601115	0.890553
807.921306	0.893748
808.241453	0.894018
808.561554	0.892246
808.881611	0.893168
809.201623	0.893959
809.521590	0.894493
809.841513	0.894958
810.161390	0.894616
810.481223	0.895849
810.801011	0.899281
811.120755	0.901536
811.440453	0.899760
811.760107	0.898691
812.079716	0.897921
812.399281	0.902536
812.718801	0.904086
813.038276	0.906274
813.357707	0.904742
813.677093	0.901960
813.996434	0.905979
814.315731	0.906962
814.634983	0.907259
814.954191	0.907002
815.273354	0.903055
815.592473	0.899838
815.911547	0.899545
816.230577	0.897225
816.549562	0.894572
816.868502	0.894567
817.187399	0.891353
817.506250	0.886128
817.825058	0.887970
818.143821	0.884010
818.462539	0.879545
818.781213	0.870026
819.099843	0.860381
819.418429	0.844092
819.736970	0.826611
820.055466	0.806257
820.373919	0.781223
820.692327	0.747073
821.010691	0.711527
821.329011	0.633705
821.647286	0.516976
821.965517	0.402470
822.283704	0.358757
822.601847	0.359854
822.919945	0.396008
823.237999	0.430308
823.556010	0.477593
823.873976	0.534344
824.191897	0.585201
824.509775	0.627813
824.827609	0.674404
825.145398	0.696672
825.463144	0.700342
825.780845	0.682657
826.098502	0.664556
826.416116	0.617504
826.733685	0.573552
827.051210	0.564390
827.368692	0.579278
827.686129	0.617589
828.003522	0.670420
828.320872	0.719136
828.638177	0.763623
828.955439	0.796452
829.272656	0.818933
829.589830	0.835796
829.906960	0.851558
830.224046	0.863845
830.541088	0.875043
830.858086	0.878918
831.175041	0.885424
831.491952	0.884017
831.808819	0.882237
832.125642	0.874632
832.442421	0.859277
832.759157	0.837492
833.075849	0.790879
833.392497	0.726259
833.709101	0.685477
834.025662	0.694186
834.342179	0.726179
834.658653	0.765771
834.975083	0.802342
835.291469	0.828299
835.607811	0.851824
835.924110	0.867433
836.240366	0.884865
836.556578	0.898594
836.872746	0.906882
837.188871	0.913449
837.504952	0.918731
837.820990	0.921594
838.136984	0.925840
838.452935	0.927996
838.768842	0.929240
839.084706	0.923093
839.400526	0.896717
839.716303	0.856387
840.032037	0.833556
840.347727	0.837012
840.663373	0.856022
840.978977	0.877117
841.294537	0.899572
841.610054	0.916640
841.925527	0.925207
842.240957	0.931284
842.556344	0.937632
842.871687	0.944925
843.186987	0.948642
843.502244	0.948915
843.817458	0.951427
844.132629	0.954479
844.447756	0.957977
844.762840	0.959673
845.077881	0.958526
845.392879	0.958590
845.707833	0.962354
846.022745	0.963083
846.337613	0.962850
846.652438	0.963959
846.967221	0.964422
847.281960	0.963229
847.596656	0.966979
847.911309	0.963095
848.225919	0.966664
848.540485	0.967206
848.855009	0.968125
849.169490	0.967321
849.483928	0.968974
849.798323	0.967933
850.112675	0.969482
850.426984	0.969103
850.741251	0.969349
851.055474	0.968281
851.369654	0.966061
851.683792	0.969146
851.997887	0.969603
852.311938	0.969057
852.625947	0.970051
852.939914	0.966849
853.253837	0.968112
853.567718	0.970643
853.881555	0.969393
854.195350	0.967797
854.509103	0.968505
854.822812	0.969176
855.136479	0.968464
855.450103	0.968151
855.763685	0.967781
856.077224	0.968431
856.390720	0.969256
856.704173	0.969497
857.017584	0.966703
857.330953	0.966954
857.644278	0.967282
857.957561	0.968045
858.270802	0.966643
858.584000	0.967477
858.897155	0.965423
859.210268	0.965654
859.523339	0.966802
859.836367	0.969823
860.149352	0.968825
860.462295	0.967302
860.775195	0.968777
861.088054	0.968633
861.400869	0.968472
861.713642	0.968503
862.026373	0.969292
862.339062	0.969685
862.651708	0.967522
862.964312	0.966359
863.276873	0.968770
863.589392	0.966503
863.901869	0.965541
864.214303	0.963765
864.526696	0.963824
864.839045	0.962078
865.151353	0.960722
865.463619	0.961661
865.775842	0.961350
866.088023	0.961164
866.400162	0.960906
866.712258	0.960821
867.024313	0.962092
867.336325	0.962821
867.648296	0.962426
867.960224	0.961448
868.272110	0.960741
868.583954	0.962348
868.895755	0.962518
869.207515	0.961118
869.519233	0.957673
869.830909	0.960386
870.142542	0.961143
870.454134	0.960876
870.765684	0.958654
871.077191	0.955722
871.388657	0.957547
871.700081	0.957479
872.011463	0.958078
872.322803	0.956330
872.634101	0.954769
872.945357	0.952705
873.256571	0.951299
873.567744	0.951349
873.878874	0.952077
874.189963	0.950883
874.501010	0.949894
874.812015	0.947734
875.122979	0.949609
875.433900	0.952719
875.744780	0.951312
876.055618	0.949504
876.366415	0.948889
876.677169	0.948684
876.987882	0.950816
877.298554	0.949582
877.609183	0.946020
877.919771	0.943077
878.230317	0.940818
878.540822	0.938739
878.851285	0.932306
879.161707	0.924512
879.472087	0.911969
879.782425	0.895877
880.092722	0.861369
880.402977	0.807692
880.713191	0.746151
881.023363	0.685555
881.333494	0.649788
881.643583	0.621826
881.953631	0.622303
882.263637	0.650476
882.573602	0.689888
882.883526	0.717084
883.193408	0.741084
883.503248	0.764395
883.813048	0.792766
884.122806	0.822451
884.432522	0.846306
884.742197	0.866492
885.051831	0.878046
885.361424	0.888602
885.670975	0.900782
885.980485	0.911115
886.289954	0.917910
886.599382	0.922745
886.908768	0.925449
887.218113	0.932250
887.527417	0.936679
887.836680	0.939260
888.145901	0.941582
888.455082	0.945139
888.764221	0.949273
889.073319	0.950741
889.382376	0.951560
889.691392	0.952002
890.000366	0.951180
890.309300	0.951541
890.618193	0.950264
890.927044	0.948857
891.235855	0.949882
891.544625	0.949417
891.853353	0.949644
892.162041	0.948337
892.470687	0.940891
892.779293	0.935559
893.087858	0.931983
893.396381	0.923688
893.704864	0.910519
894.013306	0.886020
894.321707	0.859126
894.630068	0.843479
894.938387	0.838063
895.246665	0.840019
895.554903	0.851906
895.863100	0.866897
896.171256	0.883497
896.479371	0.902006
896.787446	0.916824
897.095480	0.923148
897.403473	0.926181
897.711425	0.929817
898.019336	0.937791
898.327207	0.940988
898.635038	0.942470
898.942827	0.943209
899.250576	0.946651
899.558284	0.950548
899.865952	0.952251
900.173579	0.953514
900.481165	0.953899
900.788711	0.957826
901.096216	0.960108
901.403681	0.959809
901.711105	0.961961
902.018489	0.961562
902.325832	0.962144
902.633135	0.961092
902.940397	0.953787
903.247619	0.941829
903.554800	0.915160
903.861941	0.874933
904.169041	0.837738
904.476101	0.820033
904.783121	0.820421
905.090100	0.837222
905.397039	0.858336
905.703938	0.881225
906.010796	0.902637
906.317614	0.919125
906.624391	0.932425
906.931129	0.941769
907.237826	0.949280
907.544483	0.956359
907.851099	0.961823
908.157675	0.965317
908.464211	0.968041
908.770707	0.970572
909.077163	0.973292
909.383578	0.973034
909.689954	0.974287
909.996289	0.974451
910.302584	0.977101
910.608839	0.978048
910.915054	0.977443
911.221229	0.976815
911.527363	0.975207
911.833458	0.976134
912.139513	0.975551
912.445527	0.974450
912.751502	0.972314
913.057436	0.971582
913.363331	0.967921
913.669186	0.965129
913.975000	0.959220
914.280775	0.952978
914.586510	0.945426
914.892205	0.931868
915.197859	0.910697
915.503475	0.882567
915.809050	0.861851
916.114585	0.855681
916.420081	0.852745
916.725536	0.850222
917.030952	0.858973
917.336328	0.871894
917.641665	0.887430
917.946961	0.903591
918.252218	0.914752
918.557435	0.924908
918.862612	0.933338
919.167750	0.938721
919.472848	0.944196
919.777906	0.949769
920.082925	0.956094
920.387904	0.960261
920.692843	0.961143
920.997743	0.962843
921.302603	0.966053
921.607423	0.967157
921.912204	0.970356
922.216946	0.970360
922.521647	0.971900
922.826310	0.973056
923.130932	0.975929
923.435516	0.977314
923.740059	0.978129
924.044564	0.977990
924.349028	0.978755
924.653454	0.981471
924.957840	0.982549
925.262186	0.983903
925.566493	0.983734
925.870761	0.982988
926.174989	0.984772
926.479178	0.987372
926.783328	0.987116
927.087438	0.988065
927.391509	0.987153
927.695541	0.989413
927.999533	0.988576
928.303486	0.989127
928.607400	0.990059
928.911275	0.988949
929.215110	0.989812
929.518906	0.989248
929.822663	0.989486
930.126381	0.990588
930.430060	0.989348
930.733699	0.989832
931.037299	0.988949
931.340861	0.990724
931.644383	0.988874
931.947866	0.988309
932.251309	0.988944
932.554714	0.989314
932.858080	0.989924
933.161407	0.989672
933.464694	0.990785
933.767943	0.988178
934.071153	0.990334
934.374323	0.991415
934.677455	0.989663
934.980548	0.991120
935.283602	0.989796
935.586617	0.990819
935.889593	0.990326
936.192530	0.990425
936.495428	0.989742
936.798287	0.990311
937.101108	0.989034
937.403890	0.987111
937.706632	0.988139
938.009336	0.986120
938.312002	0.985681
938.614628	0.982866
938.917216	0.982780
939.219765	0.980322
939.522275	0.982319
939.824747	0.982023
940.127179	0.981406
940.429573	0.984077
940.731929	0.983016
941.034246	0.984137
941.336524	0.984684
941.638763	0.983902
941.940964	0.985335
942.243126	0.985246
942.545250	0.986420
942.847335	0.987770
943.149381	0.987294
943.451389	0.987015
943.753359	0.987556
944.055290	0.990354
944.357182	0.988476
944.659036	0.988366
944.960851	0.987628
945.262628	0.988168
945.564367	0.989696
945.866067	0.989017
946.167729	0.989070
946.469352	0.988658
946.770937	0.987660
947.072484	0.990780
947.373992	0.988759
947.675462	0.988661
947.976893	0.988852
948.278286	0.990104
948.579641	0.990670
948.880958	0.989750
949.182236	0.990484
949.483476	0.989660
949.784678	0.990881
950.085841	0.990281
950.386967	0.990318
950.688054	0.988996
950.989103	0.990728
951.290114	0.988417
951.591087	0.988173
951.892021	0.989000
952.192917	0.988421
952.493776	0.987761
952.794596	0.987523
953.095378	0.986328
953.396122	0.987665
953.696828	0.986525
953.997496	0.988597
954.298126	0.989758
954.598718	0.988950
954.899272	0.991149
955.199788	0.989646
955.500266	0.991603
955.800706	0.991339
956.101108	0.992743
956.401472	0.992529
956.701798	0.993273
957.002087	0.991457
957.302337	0.992571
957.602550	0.994765
957.902724	0.994119
958.202861	0.995046
958.502960	0.995064
958.803022	0.993602
959.103045	0.994812
959.403031	0.995674
959.702979	0.995176
960.002889	0.994772
960.302762	0.994871
960.602596	0.995557
960.902393	0.994154
961.202153	0.996309
961.501875	0.995829
961.801559	0.994758
962.101205	0.995451
962.400814	0.996286
962.700385	0.996485
962.999918	0.996219
963.299414	0.994542
963.598873	0.995810
963.898293	0.995422
964.197677	0.995435
964.497022	0.995976
964.796331	0.997816
965.095601	0.995582
965.394835	0.995139
965.694030	0.996984
965.993189	0.996987
966.292309	0.995690
966.591393	0.996368
966.890439	0.997866
967.189447	0.996677
967.488419	0.996747
967.787353	0.995978
968.086249	0.996680
968.385108	0.995834
968.683930	0.996816
968.982714	0.996698
969.281462	0.997385
969.580172	0.996865
969.878844	0.997064
970.177480	0.996347
970.476078	0.997436
970.774639	0.995780
971.073162	0.997351
971.371649	0.996885
971.670098	0.995327
971.968510	0.997497
972.266885	0.995386
972.565223	0.996357
972.863524	0.995681
973.161788	0.995312
973.460014	0.997482
973.758204	0.995300
974.056356	0.994857
974.354471	0.995173
974.652550	0.994518
974.950591	0.996399
975.248595	0.995818
975.546563	0.996910
975.844493	0.997751
976.142386	0.996149
976.440243	0.996769
976.738062	0.996096
977.035845	0.998005
977.333590	0.996204
977.631299	0.997356
977.928971	0.996557
978.226606	0.996940
978.524204	0.996171
978.821765	0.997690
979.119290	0.996120
979.416777	0.996877
979.714228	0.996412
980.011642	0.994421
980.309020	0.997535
980.606360	0.997080
980.903664	0.997728
981.200931	0.996084
981.498162	0.994380
981.795356	0.993608
982.092513	0.993375
982.389633	0.994610
982.686717	0.991174
982.983764	0.989957
983.280775	0.989814
983.577749	0.988723
983.874686	0.989957
984.171587	0.991228
984.468451	0.993865
984.765279	0.994025
985.062070	0.992312
985.358824	0.994975
985.655543	0.993808
985.952224	0.995018
986.248869	0.995498
986.545478	0.996470
986.842050	0.997194
987.138586	0.995843
987.435086	0.995696
987.731549	0.997509
988.027975	0.997784
988.324366	0.998215
988.620719	0.996596
988.917037	0.996660
989.213318	0.998370
989.509563	0.997961
989.805772	0.998596
990.101944	0.998187
990.398080	0.996981
990.694180	0.996839
990.990244	0.997067
991.286271	0.997351
991.582262	0.997806
991.878217	0.998290
992.174136	0.998390
992.470019	0.999108
992.765865	0.998631
993.061676	0.997318
993.357450	0.997367
993.653188	0.995558
993.948890	0.995524
994.244556	0.997607
994.540186	0.995685
994.835780	0.995403
995.131337	0.996795
995.426859	0.996026
995.722345	0.997029
996.017795	0.996747
996.313208	0.994689
996.608586	0.995105
996.903928	0.997127
997.199234	0.995497
997.494504	0.996916
997.789738	0.996499
998.084936	0.996499
998.380099	0.997322
998.675225	0.996821
998.970316	0.998315
999.265371	0.996972
999.560390	0.997048
999.855373	0.997581
1000.150320	0.998109
1000.445232	0.998408
1000.740108	0.997522
1001.034948	0.998130
1001.329752	0.998929
1001.624521	0.998808
1001.919254	0.997862
1002.213951	0.998144
1002.508613	0.997719
1002.803239	0.999379
1003.097829	0.997499
1003.392384	0.998755
1003.686903	0.997708
1003.981386	0.997068
1004.275834	0.998320
1004.570246	0.998376
1004.864623	0.997854
1005.158964	0.997826
1005.453270	0.998246
1005.747540	0.997505
1006.041775	0.997811
1006.335974	0.998127
1006.630138	0.998975
1006.924266	0.998769
1007.218359	0.999946
1007.512416	0.999070
1007.806438	0.998232
1008.100425	0.998768
1008.394376	0.998157
1008.688292	0.998926
1008.982172	0.999841
1009.276017	0.999515
1009.569827	0.997792
1009.863602	0.998470
1010.157341	0.998338
1010.451045	0.998722
1010.744714	0.998325
1011.038347	0.998867
1011.331945	0.998500
1011.625508	0.996780
1011.919036	0.998488
1012.212528	0.999616
1012.505986	0.998599
1012.799408	0.999031
1013.092795	0.998216
1013.386147	0.998258
1013.679464	0.998602
1013.972745	0.998602
1014.265992	0.997988
1014.559204	0.998302
1014.852380	0.999208
1015.145521	0.998004
1015.438628	0.998539
1015.731699	0.997962
1016.024736	0.997423
1016.317737	0.998442
1016.610703	0.998394
1016.903635	0.999486
1017.196531	0.997878
1017.489393	0.997717
1017.782219	0.998523
1018.075011	0.998122
1018.367768	0.998776
1018.660490	0.999449
1018.953177	0.999449
1019.245829	0.999449
