Dividing Wavelength (nm)	Counts (n)	Blue Motor Position (mm): 0.000000	Red Motor Position (mm): 3.900000	
326.493990	0.999840
326.888308	0.999840
327.282561	0.999840
327.676750	0.999726
328.070874	0.997367
328.464933	0.999554
328.858929	0.998650
329.252859	1.000340
329.646726	0.998899
330.040528	0.999571
330.434265	0.999391
330.827938	1.000890
331.221547	1.000533
331.615091	1.000310
332.008571	1.000040
332.401986	0.999646
332.795338	1.000096
333.188625	0.997745
333.581847	0.999859
333.975006	0.999356
334.368100	0.999252
334.761129	0.999473
335.154095	1.000266
335.546996	0.998449
335.939833	0.992315
336.332606	0.992116
336.725315	0.993875
337.117960	0.994190
337.510540	0.991920
337.903056	0.993490
338.295508	0.992625
338.687896	0.993897
339.080220	0.993152
339.472480	0.993366
339.864676	0.992702
340.256807	0.993906
340.648875	0.994437
341.040879	0.994522
341.432818	0.993678
341.824694	0.993272
342.216506	0.993723
342.608253	0.993694
342.999937	0.993007
343.391557	0.992438
343.783113	0.993571
344.174605	0.993379
344.566033	0.993782
344.957397	0.992580
345.348697	0.992029
345.739934	0.992833
346.131106	0.992707
346.522215	0.992076
346.913260	0.992713
347.304241	0.993562
347.695159	0.992000
348.086012	0.992188
348.476802	0.993069
348.867528	0.993643
349.258191	0.992087
349.648789	0.993441
350.039324	0.993047
350.429796	0.993904
350.820203	0.992390
351.210548	0.991830
351.600828	0.992670
351.991045	0.992592
352.381198	0.991247
352.771288	0.991779
353.161314	0.991294
353.551276	0.993574
353.941175	0.991651
354.331010	0.991998
354.720782	0.992524
355.110490	0.990854
355.500135	0.992486
355.889717	0.992699
356.279235	0.992330
356.668689	0.991531
357.058080	0.992886
357.447408	0.993626
357.836672	0.993071
358.225873	0.993102
358.615010	0.992247
359.004084	0.992393
359.393095	0.992759
359.782043	0.992004
360.170927	0.993699
360.559748	0.992948
360.948505	0.991614
361.337199	0.991888
361.725830	0.992110
362.114398	0.992527
362.502903	0.991963
362.891344	0.991853
363.279722	0.991631
363.668037	0.992889
364.056289	0.991709
364.444478	0.991600
364.832603	0.992410
365.220665	0.990544
365.608665	0.991425
365.996601	0.990562
366.384474	0.990939
366.772284	0.991628
367.160031	0.989604
367.547715	0.988788
367.935336	0.989371
368.322893	0.989315
368.710388	0.987051
369.097820	0.987849
369.485189	0.985807
369.872495	0.983210
370.259738	0.980556
370.646918	0.981944
371.034035	0.978998
371.421090	0.975561
371.808081	0.972011
372.195010	0.969331
372.581875	0.965693
372.968678	0.960795
373.355418	0.958393
373.742096	0.951672
374.128710	0.948412
374.515262	0.942711
374.901751	0.937531
375.288177	0.933535
375.674540	0.925795
376.060841	0.919587
376.447079	0.914161
376.833254	0.906631
377.219367	0.901991
377.605417	0.890801
377.991404	0.887438
378.377329	0.880218
378.763191	0.873961
379.148991	0.864818
379.534727	0.857361
379.920402	0.849966
380.306013	0.844391
380.691563	0.832057
381.077049	0.824578
381.462474	0.820139
381.847835	0.810145
382.233134	0.802089
382.618371	0.803318
383.003545	0.785264
383.388657	0.782602
383.773706	0.774532
384.158693	0.770881
384.543618	0.764196
384.928480	0.756798
385.313280	0.745516
385.698017	0.745239
386.082692	0.734420
386.467305	0.732623
386.851856	0.725064
387.236344	0.719808
387.620770	0.712963
388.005133	0.708515
388.389435	0.703626
388.773674	0.700439
389.157851	0.691840
389.541965	0.688751
389.926018	0.695208
390.310008	0.682837
390.693936	0.679169
391.077802	0.672143
391.461606	0.673523
391.845348	0.662965
392.229027	0.663383
392.612645	0.659896
392.996200	0.647696
393.379694	0.640283
393.763125	0.630440
394.146494	0.635376
394.529801	0.625566
394.913047	0.619173
395.296230	0.623254
395.679351	0.614854
396.062410	0.611081
396.445408	0.614850
396.828343	0.609804
397.211217	0.604261
397.594028	0.617198
397.976778	0.607316
398.359466	0.604259
398.742092	0.599083
399.124656	0.611136
399.507158	0.599948
399.889598	0.596804
400.271977	0.588171
400.654294	0.592384
401.036549	0.590490
401.418742	0.594610
401.800874	0.580531
402.182944	0.578342
402.564952	0.569414
402.946898	0.572211
403.328783	0.571494
403.710606	0.583475
404.092367	0.558515
404.474067	0.563294
404.855705	0.562017
405.237282	0.571492
405.618797	0.556674
406.000250	0.552930
406.381642	0.544030
406.762972	0.548023
407.144240	0.547412
407.525447	0.547182
407.906593	0.540339
408.287677	0.535627
408.668700	0.543802
409.049661	0.537471
409.430560	0.533158
409.811399	0.541513
410.192176	0.522285
410.572891	0.529236
410.953545	0.518826
411.334138	0.531657
411.714669	0.524831
412.095139	0.535958
412.475547	0.520541
412.855894	0.522513
413.236180	0.521399
413.616405	0.526998
413.996568	0.517826
414.376670	0.523734
414.756711	0.528020
415.136691	0.525262
415.516609	0.516420
415.896466	0.512748
416.276262	0.508886
416.655997	0.510792
417.035670	0.492140
417.415283	0.484418
417.794834	0.488979
418.174324	0.493987
418.553753	0.503778
418.933121	0.485663
419.312428	0.479232
419.691674	0.485049
420.070859	0.473392
420.449983	0.481735
420.829045	0.471174
421.208047	0.480082
421.586988	0.473452
421.965867	0.472423
422.344686	0.461525
422.723444	0.473488
423.102141	0.490061
423.480777	0.463724
423.859352	0.484112
424.237866	0.460989
424.616319	0.461774
424.994712	0.452805
425.373044	0.463091
425.751314	0.451007
426.129524	0.467959
426.507673	0.451189
426.885762	0.444547
427.263789	0.450063
427.641756	0.460072
428.019662	0.450085
428.397508	0.449119
428.775292	0.453696
429.153016	0.445685
429.530679	0.452111
429.908282	0.445215
430.285824	0.455536
430.663305	0.433541
431.040726	0.454434
431.418086	0.454689
431.795385	0.446582
432.172624	0.445354
432.549802	0.446527
432.926920	0.444879
433.303977	0.443453
433.680974	0.440906
434.057910	0.440001
434.434786	0.439451
434.811601	0.441837
435.188355	0.424306
435.565050	0.433452
435.941683	0.434592
436.318257	0.419230
436.694770	0.419807
437.071222	0.417479
437.447614	0.422688
437.823946	0.429020
438.200218	0.418434
438.576429	0.427753
438.952580	0.420598
439.328670	0.417586
439.704700	0.425022
440.080670	0.425502
440.456580	0.407060
440.832429	0.414038
441.208218	0.425477
441.583947	0.414895
441.959616	0.414402
442.335224	0.418889
442.710773	0.410699
443.086261	0.407999
443.461689	0.422304
443.837057	0.412023
444.212365	0.402367
444.587612	0.408522
444.962800	0.398772
445.337927	0.400353
445.712995	0.426444
446.088002	0.389362
446.462949	0.399535
446.837837	0.403923
447.212664	0.393255
447.587431	0.384513
447.962139	0.355224
448.336786	0.314317
448.711374	0.324635
449.085901	0.368509
449.460369	0.373169
449.834776	0.376509
450.209124	0.355826
450.583412	0.348083
450.957640	0.341753
451.331808	0.352499
451.705917	0.376087
452.079965	0.380595
452.453954	0.368705
452.827883	0.375654
453.201752	0.370825
453.575562	0.381801
453.949311	0.370285
454.323001	0.376225
454.696632	0.372569
455.070202	0.364730
455.443713	0.356769
455.817164	0.351708
456.190556	0.347590
456.563888	0.344260
456.937160	0.341834
457.310373	0.359175
457.683526	0.357789
458.056619	0.363938
458.429653	0.364322
458.802628	0.367509
459.175542	0.361923
459.548398	0.344318
459.921194	0.336918
460.293930	0.336777
460.666607	0.314628
461.039224	0.302912
461.411782	0.298249
461.784280	0.297909
462.156719	0.301841
462.529099	0.306624
462.901419	0.322431
463.273680	0.326947
463.645882	0.325821
464.018024	0.331901
464.390106	0.324839
464.762130	0.309626
465.134094	0.293025
465.505999	0.261810
465.877845	0.232325
466.249631	0.219433
466.621358	0.226890
466.993026	0.240886
467.364634	0.246929
467.736184	0.255843
468.107674	0.264182
468.479105	0.263649
468.850477	0.270103
469.221790	0.276776
469.593043	0.287171
469.964238	0.291988
470.335373	0.291426
470.706449	0.289528
471.077467	0.290551
471.448425	0.252077
471.819324	0.228066
472.190164	0.227289
472.560945	0.256211
472.931667	0.278244
473.302330	0.282326
473.672934	0.294438
474.043479	0.282574
474.413965	0.284371
474.784393	0.288184
475.154761	0.282956
475.525070	0.279975
475.895321	0.285646
476.265513	0.279767
476.635645	0.275335
477.005719	0.275121
477.375734	0.272091
477.745691	0.265060
478.115588	0.261414
478.485427	0.254827
478.855207	0.242224
479.224928	0.224562
479.594591	0.212480
479.964194	0.216071
480.333739	0.217235
480.703226	0.218691
481.072653	0.217068
481.442022	0.212828
481.811333	0.209447
482.180584	0.213144
482.549777	0.218245
482.918912	0.221366
483.287988	0.221133
483.657005	0.220838
484.025964	0.227369
484.394864	0.224772
484.763706	0.225018
485.132489	0.230052
485.501213	0.230614
485.869879	0.229413
486.238487	0.232833
486.607036	0.230717
486.975527	0.234957
487.343959	0.230975
487.712333	0.230016
488.080648	0.231409
488.448905	0.230431
488.817104	0.231795
489.185244	0.226340
489.553326	0.223274
489.921350	0.213175
490.289315	0.195741
490.657222	0.190696
491.025070	0.191974
491.392861	0.193925
491.760593	0.199630
492.128267	0.205277
492.495883	0.210865
492.863440	0.216969
493.230939	0.223338
493.598380	0.224756
493.965763	0.226762
494.333088	0.228920
494.700354	0.230899
495.067563	0.229642
495.434713	0.232887
495.801805	0.230825
496.168839	0.232078
496.535815	0.233612
496.902733	0.233495
497.269593	0.235076
497.636395	0.233075
498.003139	0.232913
498.369825	0.236160
498.736453	0.232736
499.103023	0.234162
499.469535	0.233606
499.835989	0.234013
500.202385	0.234597
500.568723	0.238063
500.935003	0.233321
501.301226	0.237530
501.667390	0.231816
502.033497	0.230124
502.399546	0.232909
502.765537	0.234542
503.131470	0.233272
503.497345	0.229349
503.863163	0.238012
504.228923	0.231072
504.594625	0.229705
504.960269	0.235265
505.325856	0.230482
505.691385	0.234545
506.056856	0.231446
506.422270	0.231145
506.787625	0.233143
507.152924	0.230910
507.518164	0.231242
507.883347	0.233102
508.248472	0.234786
508.613540	0.229797
508.978550	0.232225
509.343503	0.232732
509.708398	0.230531
510.073236	0.227896
510.438016	0.227949
510.802738	0.228984
511.167403	0.227859
511.532010	0.229838
511.896561	0.225060
512.261053	0.223837
512.625488	0.226162
512.989866	0.226294
513.354186	0.226635
513.718449	0.228480
514.082655	0.224978
514.446803	0.227187
514.810894	0.225036
515.174927	0.227596
515.538904	0.227031
515.902822	0.224000
516.266684	0.226130
516.630488	0.227402
516.994235	0.226189
517.357925	0.225102
517.721558	0.223225
518.085133	0.222777
518.448651	0.222931
518.812112	0.225046
519.175516	0.224766
519.538863	0.222458
519.902152	0.224020
520.265385	0.220847
520.628560	0.222459
520.991678	0.223185
521.354739	0.221774
521.717743	0.223102
522.080690	0.223331
522.443580	0.220847
522.806413	0.222054
523.169189	0.221159
523.531908	0.220061
523.894569	0.223698
524.257174	0.223692
524.619722	0.221192
524.982213	0.222289
525.344647	0.221369
525.707025	0.222048
526.069345	0.220323
526.431608	0.221939
526.793815	0.219894
527.155964	0.223831
527.518057	0.223163
527.880093	0.223936
528.242072	0.222614
528.603995	0.224492
528.965860	0.226205
529.327669	0.224805
529.689421	0.225868
530.051117	0.226841
530.412755	0.224500
530.774337	0.226905
531.135862	0.227084
531.497331	0.226495
531.858743	0.229376
532.220098	0.225727
532.581396	0.228659
532.942638	0.228881
533.303824	0.230074
533.664953	0.229661
534.026025	0.231758
534.387040	0.229469
534.747999	0.229726
535.108902	0.228023
535.469748	0.233316
535.830537	0.231135
536.191270	0.231681
536.551947	0.231214
536.912567	0.231187
537.273131	0.232701
537.633638	0.233081
537.994089	0.233317
538.354483	0.234288
538.714821	0.231362
539.075103	0.230999
539.435328	0.232030
539.795497	0.235790
540.155609	0.232377
540.515665	0.230616
540.875665	0.236030
541.235609	0.234524
541.595496	0.234630
541.955328	0.231161
542.315102	0.233795
542.674821	0.235049
543.034483	0.234813
543.394090	0.234828
543.753640	0.236475
544.113134	0.231757
544.472571	0.234918
544.831953	0.231727
545.191278	0.235783
545.550548	0.235411
545.909761	0.232055
546.268918	0.232714
546.628019	0.231225
546.987064	0.233892
547.346053	0.235872
547.704986	0.233650
548.063863	0.233925
548.422684	0.234140
548.781449	0.236042
549.140158	0.233325
549.498811	0.236589
549.857408	0.239285
550.215949	0.234095
550.574434	0.237165
550.932864	0.235311
551.291237	0.233902
551.649555	0.235201
552.007817	0.235023
552.366022	0.235910
552.724173	0.236099
553.082267	0.236292
553.440305	0.233301
553.798288	0.237988
554.156215	0.234160
554.514086	0.235057
554.871902	0.238059
555.229661	0.237378
555.587365	0.237807
555.945014	0.240589
556.302606	0.237374
556.660143	0.239688
557.017625	0.236313
557.375050	0.238434
557.732421	0.235784
558.089735	0.237553
558.446994	0.237859
558.804197	0.236788
559.161345	0.236740
559.518437	0.240332
559.875474	0.237969
560.232455	0.237782
560.589381	0.238662
560.946251	0.238660
561.303065	0.236094
561.659825	0.237555
562.016528	0.239288
562.373177	0.242088
562.729770	0.239361
563.086307	0.241534
563.442789	0.239178
563.799216	0.242247
564.155587	0.240678
564.511904	0.241821
564.868164	0.241845
565.224370	0.242007
565.580520	0.243626
565.936615	0.243371
566.292654	0.246665
566.648638	0.243087
567.004567	0.244620
567.360441	0.244901
567.716260	0.247315
568.072023	0.244671
568.427732	0.245666
568.783385	0.247929
569.138982	0.245996
569.494525	0.245724
569.850013	0.248390
570.205445	0.247023
570.560823	0.249523
570.916145	0.251655
571.271412	0.249813
571.626625	0.251113
571.981782	0.251951
572.336884	0.252722
572.691931	0.252390
573.046923	0.253438
573.401860	0.254832
573.756743	0.256808
574.111570	0.255424
574.466342	0.255740
574.821059	0.254893
575.175722	0.257676
575.530330	0.257405
575.884882	0.257747
576.239380	0.259898
576.593823	0.260480
576.948211	0.259599
577.302544	0.262961
577.656823	0.262742
578.011047	0.262703
578.365216	0.263110
578.719330	0.265592
579.073389	0.265389
579.427394	0.266710
579.781344	0.267295
580.135239	0.268758
580.489080	0.268217
580.842866	0.271274
581.196597	0.271085
581.550273	0.270136
581.903895	0.270602
582.257463	0.269144
582.610975	0.272469
582.964434	0.271370
583.317837	0.274141
583.671186	0.274794
584.024481	0.274717
584.377721	0.277060
584.730906	0.278029
585.084037	0.276898
585.437113	0.279012
585.790135	0.278252
586.143103	0.281258
586.496016	0.282560
586.848874	0.279650
587.201679	0.280542
587.554428	0.283849
587.907124	0.282918
588.259765	0.283047
588.612352	0.283947
588.964884	0.287444
589.317362	0.287521
589.669786	0.287167
590.022155	0.285692
590.374470	0.284756
590.726731	0.286905
591.078937	0.291600
591.431090	0.288251
591.783188	0.292397
592.135232	0.292947
592.487222	0.292758
592.839157	0.290844
593.191038	0.293524
593.542866	0.295132
593.894639	0.298728
594.246358	0.296597
594.598022	0.296204
594.949633	0.299708
595.301190	0.300664
595.652692	0.299694
596.004141	0.295938
596.355535	0.304032
596.706876	0.304535
597.058162	0.306635
597.409395	0.304000
597.760573	0.301641
598.111698	0.305027
598.462768	0.305511
598.813785	0.307008
599.164748	0.308316
599.515657	0.308262
599.866511	0.311873
600.217312	0.307186
600.568060	0.312512
600.918753	0.308691
601.269392	0.309532
601.619978	0.313006
601.970510	0.310481
602.320988	0.310586
602.671412	0.308412
603.021783	0.310872
603.372100	0.311738
603.722363	0.312222
604.072572	0.312776
604.422728	0.312858
604.772830	0.314537
605.122878	0.314411
605.472872	0.314607
605.822813	0.312881
606.172701	0.316086
606.522534	0.313336
606.872314	0.313371
607.222041	0.314356
607.571714	0.312230
607.921333	0.313578
608.270899	0.313882
608.620411	0.310399
608.969870	0.313841
609.319276	0.313899
609.668627	0.314271
610.017926	0.312781
610.367171	0.311188
610.716362	0.312233
611.065500	0.312209
611.414585	0.310979
611.763616	0.311330
612.112594	0.311857
612.461518	0.311063
612.810389	0.309254
613.159207	0.311708
613.507971	0.313194
613.856682	0.308945
614.205340	0.310863
614.553945	0.307201
614.902496	0.311155
615.250994	0.308989
615.599439	0.309819
615.947830	0.309343
616.296169	0.310235
616.644454	0.309742
616.992686	0.309843
617.340864	0.307711
617.688990	0.311261
618.037063	0.308311
618.385082	0.310122
618.733048	0.306726
619.080961	0.308841
619.428821	0.308313
619.776628	0.307974
620.124382	0.309946
620.472083	0.310228
620.819731	0.309218
621.167326	0.313388
621.514868	0.313063
621.862357	0.317462
622.209793	0.317204
622.557176	0.319179
622.904506	0.320521
623.251783	0.322525
623.599007	0.324939
623.946179	0.324440
624.293297	0.326705
624.640363	0.330238
624.987376	0.330767
625.334336	0.333621
625.681243	0.335987
626.028097	0.336150
626.374899	0.337382
626.721647	0.337574
627.068343	0.340965
627.414987	0.342064
627.761577	0.344456
628.108115	0.342484
628.454600	0.347849
628.801032	0.344843
629.147412	0.346835
629.493739	0.347558
629.840014	0.350831
630.186236	0.347844
630.532405	0.353625
630.878521	0.350595
631.224585	0.352901
631.570597	0.356908
631.916556	0.355042
632.262462	0.355209
632.608316	0.357479
632.954117	0.358167
633.299866	0.359299
633.645562	0.359271
633.991206	0.363932
634.336797	0.366807
634.682336	0.369177
635.027823	0.370467
635.373257	0.370971
635.718639	0.374860
636.063968	0.373960
636.409245	0.379934
636.754470	0.380220
637.099642	0.382664
637.444762	0.386231
637.789829	0.385089
638.134845	0.388563
638.479808	0.389479
638.824719	0.389349
639.169577	0.392926
639.514383	0.392340
639.859137	0.396463
640.203839	0.396382
640.548489	0.396469
640.893086	0.398268
641.237632	0.399650
641.582125	0.398344
641.926566	0.400197
642.270955	0.399864
642.615292	0.400453
642.959576	0.399478
643.303809	0.400123
643.647990	0.399755
643.992118	0.399846
644.336195	0.403990
644.680219	0.402091
645.024192	0.402992
645.368112	0.396429
645.711981	0.395278
646.055797	0.390456
646.399562	0.393226
646.743274	0.385013
647.086935	0.382467
647.430544	0.382237
647.774101	0.381541
648.117606	0.381479
648.461059	0.381394
648.804460	0.384053
649.147810	0.388988
649.491108	0.390942
649.834354	0.392289
650.177548	0.398074
650.520690	0.403368
650.863781	0.404646
651.206820	0.404042
651.549807	0.408273
651.892742	0.412466
652.235626	0.411560
652.578458	0.413099
652.921238	0.418909
653.263967	0.417594
653.606644	0.421143
653.949269	0.420389
654.291843	0.424413
654.634365	0.420836
654.976836	0.424677
655.319255	0.424344
655.661622	0.426745
656.003938	0.425664
656.346203	0.429356
656.688416	0.427046
657.030577	0.430721
657.372687	0.432409
657.714746	0.433522
658.056753	0.429993
658.398708	0.433448
658.740612	0.434535
659.082465	0.431006
659.424266	0.432171
659.766016	0.431371
660.107715	0.433776
660.449362	0.432600
660.790958	0.433450
661.132503	0.434119
661.473996	0.431465
661.815438	0.432914
662.156829	0.432516
662.498168	0.433105
662.839456	0.434897
663.180693	0.432836
663.521879	0.432462
663.863013	0.433006
664.204097	0.432217
664.545129	0.428650
664.886110	0.428911
665.227040	0.426551
665.567918	0.428763
665.908746	0.427093
666.249522	0.426899
666.590248	0.427683
666.930922	0.426312
667.271545	0.424956
667.612118	0.424863
667.952639	0.426616
668.293109	0.424697
668.633528	0.428372
668.973896	0.427858
669.314213	0.428445
669.654480	0.429826
669.994695	0.430455
670.334859	0.431320
670.674973	0.431678
671.015035	0.431505
671.355047	0.431536
671.695008	0.432811
672.034918	0.434552
672.374777	0.433436
672.714585	0.434971
673.054342	0.434364
673.394049	0.435114
673.733705	0.432607
674.073310	0.433816
674.412864	0.437168
674.752368	0.437071
675.091820	0.437310
675.431223	0.441870
675.770574	0.442332
676.109875	0.444698
676.449125	0.444637
676.788324	0.447191
677.127473	0.452605
677.466571	0.452172
677.805619	0.453749
678.144616	0.454902
678.483562	0.456372
678.822458	0.459155
679.161303	0.460019
679.500098	0.460554
679.838842	0.462861
680.177535	0.461696
680.516179	0.460271
680.854771	0.459485
681.193314	0.453140
681.531805	0.444350
681.870247	0.432655
682.208638	0.425048
682.546978	0.423950
682.885268	0.425949
683.223508	0.432020
683.561697	0.435737
683.899836	0.438801
684.237925	0.441836
684.575963	0.444081
684.913951	0.447656
685.251889	0.443511
685.589776	0.445339
685.927614	0.447530
686.265401	0.442313
686.603137	0.443491
686.940824	0.437092
687.278460	0.435511
687.616046	0.434831
687.953582	0.429902
688.291068	0.431133
688.628504	0.426780
688.965889	0.429157
689.303224	0.432945
689.640510	0.437220
689.977745	0.442772
690.314930	0.451343
690.652065	0.455575
690.989150	0.463175
691.326185	0.469679
691.663170	0.474122
692.000105	0.481257
692.336990	0.488407
692.673825	0.490877
693.010610	0.497669
693.347345	0.502830
693.684030	0.504496
694.020665	0.509537
694.357251	0.518167
694.693786	0.518391
695.030272	0.522027
695.366707	0.526111
695.703093	0.528800
696.039429	0.526445
696.375716	0.528546
696.711952	0.531177
697.048139	0.533049
697.384276	0.535320
697.720363	0.533311
698.056400	0.532980
698.392388	0.537961
698.728326	0.540769
699.064214	0.543762
699.400053	0.544790
699.735842	0.548279
700.071581	0.551353
700.407270	0.554210
700.742910	0.556464
701.078501	0.563290
701.414042	0.563642
701.749533	0.566668
702.084974	0.574571
702.420366	0.567653
702.755709	0.574897
703.091002	0.582991
703.426246	0.576101
703.761440	0.582451
704.096584	0.587209
704.431679	0.584089
704.766725	0.586339
705.101721	0.588176
705.436668	0.584062
705.771565	0.590709
706.106413	0.587991
706.441212	0.582920
706.775961	0.581982
707.110661	0.584331
707.445311	0.580563
707.779913	0.578554
708.114465	0.576295
708.448967	0.573408
708.783421	0.564953
709.117825	0.560278
709.452180	0.560149
709.786485	0.553750
710.120742	0.543378
710.454949	0.545527
710.789107	0.537604
711.123216	0.529014
711.457275	0.529769
711.791286	0.520878
712.125247	0.519760
712.459159	0.530458
712.793023	0.522980
713.126837	0.527472
713.460602	0.528242
713.794318	0.537027
714.127985	0.536201
714.461602	0.546327
714.795171	0.550345
715.128691	0.557679
715.462162	0.564513
715.795584	0.570630
716.128957	0.573424
716.462281	0.579976
716.795556	0.583628
717.128782	0.588923
717.461960	0.598256
717.795088	0.596057
718.128167	0.602757
718.461198	0.611211
718.794180	0.611915
719.127113	0.615375
719.459997	0.618786
719.792833	0.624389
720.125619	0.625361
720.458357	0.632188
720.791046	0.631314
721.123686	0.634646
721.456278	0.641318
721.788821	0.639189
722.121315	0.643618
722.453761	0.647430
722.786158	0.645626
723.118506	0.641782
723.450805	0.649185
723.783056	0.645367
724.115259	0.642627
724.447412	0.641990
724.779518	0.643980
725.111574	0.642824
725.443582	0.638360
725.775542	0.640140
726.107453	0.632147
726.439315	0.633106
726.771129	0.630416
727.102895	0.623985
727.434612	0.616806
727.766281	0.615096
728.097901	0.613989
728.429473	0.614576
728.760996	0.612056
729.092471	0.611950
729.423897	0.616420
729.755276	0.615741
730.086606	0.615952
730.417887	0.609621
730.749120	0.601303
731.080305	0.591188
731.411442	0.587469
731.742530	0.592489
732.073570	0.592018
732.404562	0.583635
732.735506	0.585788
733.066401	0.590077
733.397249	0.598993
733.728048	0.610814
734.058798	0.623946
734.389501	0.633613
734.720156	0.643246
735.050762	0.652563
735.381320	0.652224
735.711831	0.662638
736.042293	0.666376
736.372707	0.663182
736.703073	0.667507
737.033391	0.669931
737.363661	0.666453
737.693883	0.661855
738.024056	0.660652
738.354182	0.661092
738.684260	0.650267
739.014290	0.646445
739.344272	0.646701
739.674207	0.639580
740.004093	0.639562
740.333931	0.640239
740.663722	0.640207
740.993464	0.641202
741.323159	0.644303
741.652806	0.649505
741.982405	0.654500
742.311956	0.659059
742.641460	0.660712
742.970915	0.664907
743.300323	0.673113
743.629683	0.679228
743.958996	0.680163
744.288260	0.685843
744.617477	0.691665
744.946647	0.692401
745.275768	0.697822
745.604842	0.698132
745.933869	0.708229
746.262847	0.708661
746.591778	0.702454
746.920662	0.708370
747.249498	0.714614
747.578286	0.705675
747.907027	0.701314
748.235720	0.702846
748.564365	0.697107
748.892963	0.697876
749.221514	0.701159
749.550017	0.705160
749.878473	0.705333
750.206881	0.711332
750.535242	0.713294
750.863555	0.713243
751.191821	0.714130
751.520039	0.716648
751.848210	0.721733
752.176334	0.714429
752.504411	0.713663
752.832440	0.721449
753.160421	0.726177
753.488356	0.724460
753.816243	0.721278
754.144082	0.729629
754.471875	0.733972
754.799620	0.728838
755.127318	0.730244
755.454969	0.730081
755.782572	0.729738
756.110129	0.733844
756.437638	0.736883
756.765100	0.733867
757.092515	0.731931
757.419882	0.730559
757.747203	0.736114
758.074477	0.734958
758.401703	0.732299
758.728882	0.726100
759.056014	0.725620
759.383099	0.725320
759.710138	0.725833
760.037129	0.722755
760.364073	0.716575
760.690970	0.719202
761.017820	0.723877
761.344623	0.719674
761.671379	0.711501
761.998088	0.700041
762.324751	0.676447
762.651366	0.634362
762.977935	0.567527
763.304456	0.515487
763.630931	0.505453
763.957359	0.544567
764.283740	0.588983
764.610074	0.617331
764.936362	0.647595
765.262602	0.675417
765.588796	0.696386
765.914943	0.714798
766.241044	0.731854
766.567097	0.739000
766.893104	0.748382
767.219064	0.754306
767.544978	0.761583
767.870845	0.775469
768.196665	0.778745
768.522438	0.776501
768.848165	0.778454
769.173846	0.787441
769.499479	0.791436
769.825066	0.795697
770.150607	0.800543
770.476101	0.795287
770.801548	0.797219
771.126949	0.808401
771.452303	0.811493
771.777611	0.811901
772.102872	0.810515
772.428087	0.815474
772.753256	0.818408
773.078378	0.820810
773.403453	0.830690
773.728482	0.834006
774.053465	0.827784
774.378401	0.831825
774.703291	0.839907
775.028135	0.840230
775.352932	0.840962
775.677683	0.844520
776.002388	0.844906
776.327046	0.843666
776.651658	0.847226
776.976224	0.850386
777.300743	0.850119
777.625216	0.852885
777.949643	0.854866
778.274024	0.855407
778.598359	0.856605
778.922647	0.854005
779.246889	0.855544
779.571086	0.859534
779.895236	0.862609
780.219339	0.859073
780.543397	0.855852
780.867409	0.854862
781.191374	0.856680
781.515294	0.858295
781.839167	0.857852
782.162995	0.860869
782.486776	0.856781
782.810511	0.858112
783.134201	0.861096
783.457844	0.860023
783.781441	0.862176
784.104993	0.868223
784.428498	0.868834
784.751958	0.863735
785.075372	0.866785
785.398739	0.870188
785.722061	0.867443
786.045337	0.861969
786.368568	0.866470
786.691752	0.870068
787.014891	0.855705
787.337983	0.845728
787.661030	0.838956
787.984031	0.821137
788.306987	0.807665
788.629897	0.810811
788.952760	0.814799
789.275579	0.818593
789.598351	0.834296
789.921078	0.847907
790.243759	0.849182
790.566395	0.854811
790.888984	0.861205
791.211529	0.866350
791.534027	0.869654
791.856480	0.871290
792.178888	0.876761
792.501249	0.880325
792.823566	0.880537
793.145836	0.881305
793.468062	0.883298
793.790241	0.883098
794.112375	0.880870
794.434464	0.875982
794.756507	0.875737
795.078505	0.875976
795.400457	0.868642
795.722364	0.857960
796.044226	0.850601
796.366042	0.849832
796.687812	0.853270
797.009538	0.850361
797.331218	0.852673
797.652852	0.857942
797.974442	0.861823
798.295986	0.862370
798.617484	0.864322
798.938938	0.867818
799.260346	0.874073
799.581709	0.875738
799.903026	0.878618
800.224299	0.878707
800.545526	0.882502
800.866708	0.886794
801.187845	0.890436
801.508936	0.890137
801.829983	0.888453
802.150984	0.891490
802.471940	0.896856
802.792851	0.894640
803.113717	0.895912
803.434538	0.894051
803.755314	0.897108
804.076045	0.897268
804.396731	0.898120
804.717372	0.898030
805.037967	0.900177
805.358518	0.897882
805.679024	0.896042
805.999485	0.895075
806.319901	0.894002
806.640272	0.895737
806.960598	0.894143
807.280879	0.892492
807.601115	0.890097
807.921306	0.894366
808.241453	0.895035
808.561554	0.891979
808.881611	0.892214
809.201623	0.894550
809.521590	0.894811
809.841513	0.894835
810.161390	0.894938
810.481223	0.896077
810.801011	0.899552
811.120755	0.900566
811.440453	0.899563
811.760107	0.898430
812.079716	0.898322
812.399281	0.901801
812.718801	0.904122
813.038276	0.904391
813.357707	0.905000
813.677093	0.902087
813.996434	0.904750
814.315731	0.906742
814.634983	0.907571
814.954191	0.906597
815.273354	0.903228
815.592473	0.899189
815.911547	0.899914
816.230577	0.896503
816.549562	0.894195
816.868502	0.894444
817.187399	0.891445
817.506250	0.885664
817.825058	0.888258
818.143821	0.884020
818.462539	0.878965
818.781213	0.870321
819.099843	0.858933
819.418429	0.843271
819.736970	0.825550
820.055466	0.806589
820.373919	0.780467
820.692327	0.747202
821.010691	0.712428
821.329011	0.632935
821.647286	0.516845
821.965517	0.401496
822.283704	0.358428
822.601847	0.359121
822.919945	0.395002
823.237999	0.429646
823.556010	0.477274
823.873976	0.533538
824.191897	0.584878
824.509775	0.627615
824.827609	0.673944
825.145398	0.697447
825.463144	0.699417
825.780845	0.682188
826.098502	0.663005
826.416116	0.617485
826.733685	0.572827
827.051210	0.563677
827.368692	0.578277
827.686129	0.616391
828.003522	0.670688
828.320872	0.717793
828.638177	0.762534
828.955439	0.795363
829.272656	0.818736
829.589830	0.836079
829.906960	0.851942
830.224046	0.863914
830.541088	0.874137
830.858086	0.878607
831.175041	0.885165
831.491952	0.884495
831.808819	0.880987
832.125642	0.873823
832.442421	0.859663
832.759157	0.837094
833.075849	0.790197
833.392497	0.726211
833.709101	0.684906
834.025662	0.693494
834.342179	0.726146
834.658653	0.765376
834.975083	0.802224
835.291469	0.827357
835.607811	0.852146
835.924110	0.867664
836.240366	0.884557
836.556578	0.899074
836.872746	0.906632
837.188871	0.912257
837.504952	0.918489
837.820990	0.922373
838.136984	0.924454
838.452935	0.928379
838.768842	0.929534
839.084706	0.923027
839.400526	0.897037
839.716303	0.856299
840.032037	0.833782
840.347727	0.836848
840.663373	0.855346
840.978977	0.876995
841.294537	0.900355
841.610054	0.915829
841.925527	0.924701
842.240957	0.931503
842.556344	0.937868
842.871687	0.946220
843.186987	0.949709
843.502244	0.948653
843.817458	0.950734
844.132629	0.953514
844.447756	0.959145
844.762840	0.960294
845.077881	0.958096
845.392879	0.959239
845.707833	0.961708
846.022745	0.963325
846.337613	0.963747
846.652438	0.964514
846.967221	0.963706
847.281960	0.962978
847.596656	0.967117
847.911309	0.965287
848.225919	0.966970
848.540485	0.967118
848.855009	0.967059
849.169490	0.967712
849.483928	0.967734
849.798323	0.968460
850.112675	0.968895
850.426984	0.967909
850.741251	0.968602
851.055474	0.968992
851.369654	0.967603
851.683792	0.969111
851.997887	0.968876
852.311938	0.968455
852.625947	0.968303
852.939914	0.966740
853.253837	0.968801
853.567718	0.970010
853.881555	0.969620
854.195350	0.966788
854.509103	0.969197
854.822812	0.969120
855.136479	0.968752
855.450103	0.969712
855.763685	0.966335
856.077224	0.967212
856.390720	0.970165
856.704173	0.968446
857.017584	0.966888
857.330953	0.964703
857.644278	0.967456
857.957561	0.967284
858.270802	0.968457
858.584000	0.967608
858.897155	0.966667
859.210268	0.966833
859.523339	0.966902
859.836367	0.969425
860.149352	0.969688
860.462295	0.967811
860.775195	0.969075
861.088054	0.968270
861.400869	0.968745
861.713642	0.969170
862.026373	0.968846
862.339062	0.969190
862.651708	0.966223
862.964312	0.966857
863.276873	0.968254
863.589392	0.965937
863.901869	0.964364
864.214303	0.964472
864.526696	0.962580
864.839045	0.962544
865.151353	0.961317
865.463619	0.961151
865.775842	0.961430
866.088023	0.960417
866.400162	0.960984
866.712258	0.961521
867.024313	0.961197
867.336325	0.963062
867.648296	0.962409
867.960224	0.961354
868.272110	0.960978
868.583954	0.962614
868.895755	0.962075
869.207515	0.960421
869.519233	0.957267
869.830909	0.959750
870.142542	0.961184
870.454134	0.960393
870.765684	0.959684
871.077191	0.956571
871.388657	0.957519
871.700081	0.956781
872.011463	0.957020
872.322803	0.955694
872.634101	0.954408
872.945357	0.952126
873.256571	0.950840
873.567744	0.950425
873.878874	0.951952
874.189963	0.949950
874.501010	0.949573
874.812015	0.948312
875.122979	0.949457
875.433900	0.951505
875.744780	0.953063
876.055618	0.949873
876.366415	0.949222
876.677169	0.947801
876.987882	0.950270
877.298554	0.948963
877.609183	0.944799
877.919771	0.944324
878.230317	0.940216
878.540822	0.939007
878.851285	0.933086
879.161707	0.924278
879.472087	0.912357
879.782425	0.895550
880.092722	0.860102
880.402977	0.807114
880.713191	0.744954
881.023363	0.684036
881.333494	0.648770
881.643583	0.621430
881.953631	0.620878
882.263637	0.650177
882.573602	0.689021
882.883526	0.715726
883.193408	0.740842
883.503248	0.764372
883.813048	0.792086
884.122806	0.821578
884.432522	0.845842
884.742197	0.865912
885.051831	0.877750
885.361424	0.887618
885.670975	0.900012
885.980485	0.910110
886.289954	0.917223
886.599382	0.922247
886.908768	0.925366
887.218113	0.931635
887.527417	0.936682
887.836680	0.939995
888.145901	0.941558
888.455082	0.943877
888.764221	0.947529
889.073319	0.950662
889.382376	0.951357
889.691392	0.952674
890.000366	0.950528
890.309300	0.951669
890.618193	0.951527
890.927044	0.950130
891.235855	0.949463
891.544625	0.949440
891.853353	0.949968
892.162041	0.946599
892.470687	0.940019
892.779293	0.935725
893.087858	0.931727
893.396381	0.923244
893.704864	0.909425
894.013306	0.886071
894.321707	0.859053
894.630068	0.843376
894.938387	0.837708
895.246665	0.838543
895.554903	0.852205
895.863100	0.866301
896.171256	0.883164
896.479371	0.902896
896.787446	0.915935
897.095480	0.922432
897.403473	0.925774
897.711425	0.930364
898.019336	0.938194
898.327207	0.939887
898.635038	0.943285
898.942827	0.942686
899.250576	0.945788
899.558284	0.950640
899.865952	0.951468
900.173579	0.954057
900.481165	0.954193
900.788711	0.957995
901.096216	0.959091
901.403681	0.958893
901.711105	0.961173
902.018489	0.961825
902.325832	0.961644
902.633135	0.959319
902.940397	0.954030
903.247619	0.940086
903.554800	0.914599
903.861941	0.873702
904.169041	0.837676
904.476101	0.819382
904.783121	0.819895
905.090100	0.836583
905.397039	0.859460
905.703938	0.882806
906.010796	0.902577
906.317614	0.919965
906.624391	0.931616
906.931129	0.940921
907.237826	0.949508
907.544483	0.956637
907.851099	0.960677
908.157675	0.965963
908.464211	0.969116
908.770707	0.970258
909.077163	0.973262
909.383578	0.973254
909.689954	0.973053
909.996289	0.975299
910.302584	0.976892
910.608839	0.977462
910.915054	0.977462
911.221229	0.976721
911.527363	0.975394
911.833458	0.976670
912.139513	0.976263
912.445527	0.973286
912.751502	0.972818
913.057436	0.970795
913.363331	0.968794
913.669186	0.964415
913.975000	0.959005
914.280775	0.951842
914.586510	0.946240
914.892205	0.931222
915.197859	0.910870
915.503475	0.882176
915.809050	0.861761
916.114585	0.854497
916.420081	0.853054
916.725536	0.848789
917.030952	0.858057
917.336328	0.871826
917.641665	0.887006
917.946961	0.902696
918.252218	0.915067
918.557435	0.924080
918.862612	0.934101
919.167750	0.938969
919.472848	0.944148
919.777906	0.949334
920.082925	0.955563
920.387904	0.958470
920.692843	0.961154
920.997743	0.962414
921.302603	0.964778
921.607423	0.968037
921.912204	0.969491
922.216946	0.970000
922.521647	0.971054
922.826310	0.973719
923.130932	0.975315
923.435516	0.976709
923.740059	0.978076
924.044564	0.977336
924.349028	0.979231
924.653454	0.982523
924.957840	0.983186
925.262186	0.982905
925.566493	0.982438
925.870761	0.983957
926.174989	0.984380
926.479178	0.987730
926.783328	0.986988
927.087438	0.987511
927.391509	0.987079
927.695541	0.989553
927.999533	0.988195
928.303486	0.989869
928.607400	0.990125
928.911275	0.989128
929.215110	0.988115
929.518906	0.989818
929.822663	0.989151
930.126381	0.989917
930.430060	0.988827
930.733699	0.989038
931.037299	0.988714
931.340861	0.989989
931.644383	0.988261
931.947866	0.987569
932.251309	0.990596
932.554714	0.989313
932.858080	0.988667
933.161407	0.989253
933.464694	0.989316
933.767943	0.987167
934.071153	0.989854
934.374323	0.990933
934.677455	0.991047
934.980548	0.991091
935.283602	0.989858
935.586617	0.990270
935.889593	0.990176
936.192530	0.990707
936.495428	0.989971
936.798287	0.990079
937.101108	0.989386
937.403890	0.987597
937.706632	0.988091
938.009336	0.986592
938.312002	0.984517
938.614628	0.983438
938.917216	0.982152
939.219765	0.979042
939.522275	0.981145
939.824747	0.980641
940.127179	0.981750
940.429573	0.982729
940.731929	0.982073
941.034246	0.982622
941.336524	0.985148
941.638763	0.985058
941.940964	0.984782
942.243126	0.986032
942.545250	0.985666
942.847335	0.987158
943.149381	0.986352
943.451389	0.987516
943.753359	0.986716
944.055290	0.989778
944.357182	0.987777
944.659036	0.987053
944.960851	0.988350
945.262628	0.988988
945.564367	0.989630
945.866067	0.988699
946.167729	0.989304
946.469352	0.987777
946.770937	0.987550
947.072484	0.990131
947.373992	0.990197
947.675462	0.988925
947.976893	0.989572
948.278286	0.989676
948.579641	0.991274
948.880958	0.990244
949.182236	0.989275
949.483476	0.990822
949.784678	0.989139
950.085841	0.990093
950.386967	0.989412
950.688054	0.990864
950.989103	0.989749
951.290114	0.988898
951.591087	0.988693
951.892021	0.988813
952.192917	0.988634
952.493776	0.987075
952.794596	0.986952
953.095378	0.986743
953.396122	0.987242
953.696828	0.986158
953.997496	0.988331
954.298126	0.989902
954.598718	0.989628
954.899272	0.991541
955.199788	0.989575
955.500266	0.990406
955.800706	0.991902
956.101108	0.992377
956.401472	0.992610
956.701798	0.992473
957.002087	0.991786
957.302337	0.993169
957.602550	0.994265
957.902724	0.994036
958.202861	0.995617
958.502960	0.995068
958.803022	0.992800
959.103045	0.995985
959.403031	0.994718
959.702979	0.994368
960.002889	0.995568
960.302762	0.993875
960.602596	0.995436
960.902393	0.994270
961.202153	0.996235
961.501875	0.996386
961.801559	0.994916
962.101205	0.995973
962.400814	0.996241
962.700385	0.996082
962.999918	0.995950
963.299414	0.996064
963.598873	0.994808
963.898293	0.995811
964.197677	0.995233
964.497022	0.995859
964.796331	0.997350
965.095601	0.995667
965.394835	0.995379
965.694030	0.996343
965.993189	0.996129
966.292309	0.996700
966.591393	0.997391
966.890439	0.997201
967.189447	0.995957
967.488419	0.995769
967.787353	0.996890
968.086249	0.995888
968.385108	0.995775
968.683930	0.995822
968.982714	0.996038
969.281462	0.997488
969.580172	0.996128
969.878844	0.997409
970.177480	0.996597
970.476078	0.996739
970.774639	0.996289
971.073162	0.996011
971.371649	0.997507
971.670098	0.996561
971.968510	0.996134
972.266885	0.995599
972.565223	0.995813
972.863524	0.994441
973.161788	0.995673
973.460014	0.995581
973.758204	0.995171
974.056356	0.995574
974.354471	0.993188
974.652550	0.995137
974.950591	0.996851
975.248595	0.995750
975.546563	0.995719
975.844493	0.997347
976.142386	0.996098
976.440243	0.997044
976.738062	0.997007
977.035845	0.997417
977.333590	0.996606
977.631299	0.997131
977.928971	0.996403
978.226606	0.995985
978.524204	0.995429
978.821765	0.998252
979.119290	0.996009
979.416777	0.995886
979.714228	0.996700
980.011642	0.995344
980.309020	0.996289
980.606360	0.996767
980.903664	0.997426
981.200931	0.995137
981.498162	0.994260
981.795356	0.993995
982.092513	0.993591
982.389633	0.993232
982.686717	0.990334
982.983764	0.990497
983.280775	0.989196
983.577749	0.990331
983.874686	0.990974
984.171587	0.990750
984.468451	0.993102
984.765279	0.994360
985.062070	0.993645
985.358824	0.995055
985.655543	0.994535
985.952224	0.996402
986.248869	0.996938
986.545478	0.995937
986.842050	0.997928
987.138586	0.995057
987.435086	0.997465
987.731549	0.997666
988.027975	0.997903
988.324366	0.996488
988.620719	0.997118
988.917037	0.995344
989.213318	0.996821
989.509563	0.997714
989.805772	0.998400
990.101944	0.998573
990.398080	0.997666
990.694180	0.995864
990.990244	0.996573
991.286271	0.997673
991.582262	0.997877
991.878217	0.996562
992.174136	0.998352
992.470019	0.998388
992.765865	0.997255
993.061676	0.997138
993.357450	0.996674
993.653188	0.996267
993.948890	0.997487
994.244556	0.997109
994.540186	0.995236
994.835780	0.996513
995.131337	0.996381
995.426859	0.996258
995.722345	0.995923
996.017795	0.996032
996.313208	0.995755
996.608586	0.994859
996.903928	0.996620
997.199234	0.995322
997.494504	0.997536
997.789738	0.995255
998.084936	0.996324
998.380099	0.996677
998.675225	0.996818
998.970316	0.997314
999.265371	0.997369
999.560390	0.997557
999.855373	0.997561
1000.150320	0.996186
1000.445232	0.998038
1000.740108	0.997357
1001.034948	0.997412
1001.329752	0.998747
1001.624521	0.998220
1001.919254	0.998263
1002.213951	0.997743
1002.508613	0.997800
1002.803239	0.998534
1003.097829	0.998516
1003.392384	0.998022
1003.686903	0.998314
1003.981386	0.998310
1004.275834	0.999017
1004.570246	0.997224
1004.864623	0.999211
1005.158964	0.998727
1005.453270	0.997921
1005.747540	0.996672
1006.041775	0.997990
1006.335974	0.999683
1006.630138	0.998319
1006.924266	0.999126
1007.218359	1.000369
1007.512416	0.998448
1007.806438	0.998715
1008.100425	0.998818
1008.394376	0.997994
1008.688292	0.997392
1008.982172	1.000464
1009.276017	0.999060
1009.569827	0.998714
1009.863602	0.998299
1010.157341	1.000070
1010.451045	0.998091
1010.744714	0.998728
1011.038347	0.998723
1011.331945	0.997970
1011.625508	0.997296
1011.919036	0.997960
1012.212528	0.998300
1012.505986	0.996324
1012.799408	0.998597
1013.092795	0.999891
1013.386147	0.998966
1013.679464	0.999240
1013.972745	0.998871
1014.265992	0.997237
1014.559204	0.998237
1014.852380	0.998571
1015.145521	0.998782
1015.438628	0.998793
1015.731699	0.999429
1016.024736	0.998284
1016.317737	0.998915
1016.610703	0.998054
1016.903635	0.999713
1017.196531	0.998623
1017.489393	0.999608
1017.782219	0.998841
1018.075011	0.997415
1018.367768	0.999771
1018.660490	0.999779
1018.953177	0.999779
1019.245829	0.999779
