Dividing Wavelength (nm)	Counts (n)	Blue Motor Position (mm): 0.000000	Red Motor Position (mm): 47.000000	
326.493990	1.000896
326.888308	1.000896
327.282561	1.000896
327.676750	1.000603
328.070874	1.000171
328.464933	1.000588
328.858929	1.000069
329.252859	1.000539
329.646726	0.999432
330.040528	1.000491
330.434265	1.000272
330.827938	1.001022
331.221547	1.001156
331.615091	1.000094
332.008571	1.001016
332.401986	0.999877
332.795338	0.999972
333.188625	0.999489
333.581847	1.001424
333.975006	0.999487
334.368100	0.999529
334.761129	0.999749
335.154095	1.001017
335.546996	1.001108
335.939833	1.000036
336.332606	1.001001
336.725315	1.001983
337.117960	1.001293
337.510540	1.000336
337.903056	1.000696
338.295508	1.000170
338.687896	1.001047
339.080220	1.000593
339.472480	0.999963
339.864676	1.000597
340.256807	0.999845
340.648875	1.000500
341.040879	1.000907
341.432818	1.000326
341.824694	1.000572
342.216506	1.000790
342.608253	1.001581
342.999937	0.999954
343.391557	0.999792
343.783113	0.999447
344.174605	1.000888
344.566033	1.000186
344.957397	0.997789
345.348697	0.998904
345.739934	0.999845
346.131106	1.000148
346.522215	1.000325
346.913260	0.999792
347.304241	1.000557
347.695159	1.000236
348.086012	0.999911
348.476802	0.999873
348.867528	0.999562
349.258191	0.999882
349.648789	1.000614
350.039324	1.000453
350.429796	1.000071
350.820203	1.000448
351.210548	0.999610
351.600828	1.000478
351.991045	1.000943
352.381198	0.999529
352.771288	1.000394
353.161314	1.000181
353.551276	1.001024
353.941175	0.999971
354.331010	0.999676
354.720782	1.000599
355.110490	1.000729
355.500135	1.000367
355.889717	1.000423
356.279235	1.001298
356.668689	0.999789
357.058080	1.000154
357.447408	1.000850
357.836672	1.000364
358.225873	1.001515
358.615010	1.000236
359.004084	1.001527
359.393095	1.000290
359.782043	0.999957
360.170927	1.001107
360.559748	1.000840
360.948505	1.000010
361.337199	0.999875
361.725830	1.000336
362.114398	1.000327
362.502903	1.001591
362.891344	1.000852
363.279722	0.999718
363.668037	0.999838
364.056289	0.999906
364.444478	1.001468
364.832603	0.999608
365.220665	1.000797
365.608665	1.000291
365.996601	0.999873
366.384474	0.999188
366.772284	0.999939
367.160031	0.999601
367.547715	0.998843
367.935336	1.000546
368.322893	0.999196
368.710388	0.999456
369.097820	1.001115
369.485189	1.000774
369.872495	0.999570
370.259738	0.999106
370.646918	0.999993
371.034035	1.001338
371.421090	0.999512
371.808081	0.999895
372.195010	1.000239
372.581875	1.000393
372.968678	1.000053
373.355418	1.001060
373.742096	1.000520
374.128710	1.002180
374.515262	0.999555
374.901751	1.001299
375.288177	0.999514
375.674540	1.000666
376.060841	0.999613
376.447079	1.000632
376.833254	0.999754
377.219367	1.000297
377.605417	1.000084
377.991404	1.000599
378.377329	0.999943
378.763191	0.999935
379.148991	1.001205
379.534727	1.000639
379.920402	1.001853
380.306013	1.000078
380.691563	1.000841
381.077049	1.000575
381.462474	1.000107
381.847835	1.001080
382.233134	1.000037
382.618371	1.001076
383.003545	1.000409
383.388657	1.000798
383.773706	1.001260
384.158693	1.000918
384.543618	1.000427
384.928480	1.002198
385.313280	1.000021
385.698017	1.002111
386.082692	1.000876
386.467305	1.001220
386.851856	1.001219
387.236344	1.000955
387.620770	0.999682
388.005133	1.001566
388.389435	1.001444
388.773674	1.000264
389.157851	1.001038
389.541965	1.001435
389.926018	0.999765
390.310008	1.001839
390.693936	1.000478
391.077802	1.001551
391.461606	0.999525
391.845348	1.001233
392.229027	1.002123
392.612645	1.000702
392.996200	1.002555
393.379694	1.001592
393.763125	1.002384
394.146494	1.000617
394.529801	1.001143
394.913047	1.001702
395.296230	1.000687
395.679351	1.001224
396.062410	1.000627
396.445408	1.001135
396.828343	1.000560
397.211217	1.000578
397.594028	1.001345
397.976778	1.000593
398.359466	1.001440
398.742092	1.000620
399.124656	1.001015
399.507158	1.002260
399.889598	1.001233
400.271977	1.001562
400.654294	1.000862
401.036549	1.001495
401.418742	1.002185
401.800874	1.000062
402.182944	1.000875
402.564952	1.000418
402.946898	1.002413
403.328783	1.001311
403.710606	1.001079
404.092367	1.001159
404.474067	1.001848
404.855705	1.000974
405.237282	1.001858
405.618797	1.001221
406.000250	1.000416
406.381642	1.000783
406.762972	1.001199
407.144240	1.001475
407.525447	1.002445
407.906593	1.001219
408.287677	1.001236
408.668700	1.002221
409.049661	1.000017
409.430560	1.001024
409.811399	0.999896
410.192176	1.000885
410.572891	1.000878
410.953545	1.000758
411.334138	1.000932
411.714669	1.001403
412.095139	1.001209
412.475547	1.001493
412.855894	1.000158
413.236180	1.000985
413.616405	1.001897
413.996568	1.001978
414.376670	1.001534
414.756711	1.000986
415.136691	1.000979
415.516609	1.001246
415.896466	1.000601
416.276262	0.999966
416.655997	1.001035
417.035670	1.000997
417.415283	1.001469
417.794834	1.001420
418.174324	1.001836
418.553753	1.001575
418.933121	1.001013
419.312428	1.000881
419.691674	1.001285
420.070859	1.002360
420.449983	1.001766
420.829045	1.000339
421.208047	1.002620
421.586988	1.001367
421.965867	1.002005
422.344686	1.001669
422.723444	1.001352
423.102141	1.001247
423.480777	1.001024
423.859352	1.001327
424.237866	1.000831
424.616319	1.000838
424.994712	1.001500
425.373044	1.001513
425.751314	1.001392
426.129524	1.001499
426.507673	1.001503
426.885762	1.002624
427.263789	1.001683
427.641756	1.002065
428.019662	1.001502
428.397508	1.000961
428.775292	1.000939
429.153016	1.001401
429.530679	1.001842
429.908282	1.001801
430.285824	1.001183
430.663305	1.000154
431.040726	1.000586
431.418086	1.002736
431.795385	1.002327
432.172624	1.001148
432.549802	1.001837
432.926920	1.001814
433.303977	1.001250
433.680974	1.001383
434.057910	1.001630
434.434786	1.001874
434.811601	1.001283
435.188355	1.001227
435.565050	1.001017
435.941683	1.001838
436.318257	1.002889
436.694770	1.001267
437.071222	1.001349
437.447614	1.001458
437.823946	1.001260
438.200218	1.002030
438.576429	1.001906
438.952580	1.001924
439.328670	1.000716
439.704700	1.001376
440.080670	1.001891
440.456580	1.001042
440.832429	1.001111
441.208218	1.001582
441.583947	1.002065
441.959616	1.001091
442.335224	1.001586
442.710773	1.002106
443.086261	1.000624
443.461689	1.000502
443.837057	1.001506
444.212365	1.001839
444.587612	1.001056
444.962800	1.000993
445.337927	1.001635
445.712995	1.002071
446.088002	1.002185
446.462949	1.002360
446.837837	1.001837
447.212664	1.002139
447.587431	1.001884
447.962139	1.001115
448.336786	1.001606
448.711374	1.002162
449.085901	1.001025
449.460369	1.002123
449.834776	1.001203
450.209124	1.001773
450.583412	1.001327
450.957640	1.001169
451.331808	1.001458
451.705917	1.000979
452.079965	1.000736
452.453954	1.001866
452.827883	1.001374
453.201752	1.001330
453.575562	1.001685
453.949311	1.001899
454.323001	1.001211
454.696632	1.002007
455.070202	1.001428
455.443713	1.000725
455.817164	1.001353
456.190556	1.001978
456.563888	1.001581
456.937160	1.001345
457.310373	1.001184
457.683526	1.001208
458.056619	1.000771
458.429653	1.001960
458.802628	1.000644
459.175542	1.000949
459.548398	1.001396
459.921194	1.001431
460.293930	1.001904
460.666607	1.001110
461.039224	1.000614
461.411782	1.000725
461.784280	1.001058
462.156719	1.002566
462.529099	1.002098
462.901419	1.001818
463.273680	1.001154
463.645882	1.000733
464.018024	1.001334
464.390106	1.001404
464.762130	1.002305
465.134094	1.001272
465.505999	1.001767
465.877845	1.001701
466.249631	1.002143
466.621358	1.000925
466.993026	1.001650
467.364634	1.001650
467.736184	1.002052
468.107674	1.001553
468.479105	1.001072
468.850477	1.001768
469.221790	1.001620
469.593043	1.002044
469.964238	1.002252
470.335373	1.001576
470.706449	1.001395
471.077467	1.001434
471.448425	1.001900
471.819324	1.001856
472.190164	1.001519
472.560945	1.001499
472.931667	1.001090
473.302330	1.000791
473.672934	1.001756
474.043479	1.001703
474.413965	1.000680
474.784393	1.001399
475.154761	1.001959
475.525070	1.001769
475.895321	1.002167
476.265513	1.001326
476.635645	1.001808
477.005719	1.001928
477.375734	1.001284
477.745691	1.001413
478.115588	1.001304
478.485427	1.002109
478.855207	1.001480
479.224928	1.001935
479.594591	1.001254
479.964194	1.001620
480.333739	1.001627
480.703226	1.001678
481.072653	1.002693
481.442022	1.002278
481.811333	1.000998
482.180584	1.001901
482.549777	1.001708
482.918912	1.001835
483.287988	1.001964
483.657005	1.001446
484.025964	1.002304
484.394864	1.002390
484.763706	1.002185
485.132489	1.002063
485.501213	1.002145
485.869879	1.001472
486.238487	1.001558
486.607036	1.001817
486.975527	1.001387
487.343959	1.001580
487.712333	1.001571
488.080648	1.002290
488.448905	1.002132
488.817104	1.001622
489.185244	1.001613
489.553326	1.001933
489.921350	1.001602
490.289315	1.002445
490.657222	1.001925
491.025070	1.001889
491.392861	1.002721
491.760593	1.002610
492.128267	1.001464
492.495883	1.001697
492.863440	1.001955
493.230939	1.001908
493.598380	1.001908
493.965763	1.001454
494.333088	1.002065
494.700354	1.001339
495.067563	1.001304
495.434713	1.002324
495.801805	1.001802
496.168839	1.001614
496.535815	1.001093
496.902733	1.001452
497.269593	1.001374
497.636395	1.001547
498.003139	1.001469
498.369825	1.002538
498.736453	1.001354
499.103023	1.001260
499.469535	1.001411
499.835989	1.001432
500.202385	1.001775
500.568723	1.002098
500.935003	1.002441
501.301226	1.001846
501.667390	1.001491
502.033497	1.002246
502.399546	1.002176
502.765537	1.001164
503.131470	1.001634
503.497345	1.001981
503.863163	1.002509
504.228923	1.001885
504.594625	1.001857
504.960269	1.002497
505.325856	1.001573
505.691385	1.002035
506.056856	1.001860
506.422270	1.001446
506.787625	1.001904
507.152924	1.001399
507.518164	1.001568
507.883347	1.001934
508.248472	1.000780
508.613540	1.002298
508.978550	1.002489
509.343503	1.001344
509.708398	1.001779
510.073236	1.001734
510.438016	1.002700
510.802738	1.002171
511.167403	1.001797
511.532010	1.002241
511.896561	1.001285
512.261053	1.002744
512.625488	1.001707
512.989866	1.001798
513.354186	1.002109
513.718449	1.001624
514.082655	1.001723
514.446803	1.002130
514.810894	1.002217
515.174927	1.002180
515.538904	1.001772
515.902822	1.001228
516.266684	1.001754
516.630488	1.002267
516.994235	1.000949
517.357925	1.001673
517.721558	1.001695
518.085133	1.000888
518.448651	1.002693
518.812112	1.001677
519.175516	1.001777
519.538863	1.002635
519.902152	1.001089
520.265385	1.002040
520.628560	1.001537
520.991678	1.001799
521.354739	1.001949
521.717743	1.002163
522.080690	1.001959
522.443580	1.001405
522.806413	1.001730
523.169189	1.001626
523.531908	1.001455
523.894569	1.002277
524.257174	1.002072
524.619722	1.001512
524.982213	1.001215
525.344647	1.001563
525.707025	1.001310
526.069345	1.001074
526.431608	1.001966
526.793815	1.002342
527.155964	1.001755
527.518057	1.002031
527.880093	1.001679
528.242072	1.002151
528.603995	1.001682
528.965860	1.002207
529.327669	1.001407
529.689421	1.001291
530.051117	1.002237
530.412755	1.001759
530.774337	1.002374
531.135862	1.001873
531.497331	1.001950
531.858743	1.001872
532.220098	1.001637
532.581396	1.001674
532.942638	1.002462
533.303824	1.001810
533.664953	1.002013
534.026025	1.001663
534.387040	1.001435
534.747999	1.001894
535.108902	1.002347
535.469748	1.001756
535.830537	1.001693
536.191270	1.001359
536.551947	1.001531
536.912567	1.001585
537.273131	1.002403
537.633638	1.001271
537.994089	1.001932
538.354483	1.001483
538.714821	1.002132
539.075103	1.001416
539.435328	1.001852
539.795497	1.001695
540.155609	1.001315
540.515665	1.001783
540.875665	1.001087
541.235609	1.001934
541.595496	1.001236
541.955328	1.000938
542.315102	1.001334
542.674821	1.002131
543.034483	1.001291
543.394090	1.000829
543.753640	1.002165
544.113134	1.001705
544.472571	1.001827
544.831953	1.001416
545.191278	1.001752
545.550548	1.001737
545.909761	1.000755
546.268918	1.001680
546.628019	1.002093
546.987064	1.000854
547.346053	1.002035
547.704986	1.001521
548.063863	1.001736
548.422684	1.001718
548.781449	1.002229
549.140158	1.001792
549.498811	1.001903
549.857408	1.001526
550.215949	1.001742
550.574434	1.001233
550.932864	1.001905
551.291237	1.002025
551.649555	1.001732
552.007817	1.001768
552.366022	1.001063
552.724173	1.002024
553.082267	1.002109
553.440305	1.001143
553.798288	1.001949
554.156215	1.001406
554.514086	1.002299
554.871902	1.001087
555.229661	1.001461
555.587365	1.001686
555.945014	1.002419
556.302606	1.001164
556.660143	1.001594
557.017625	1.001452
557.375050	1.001267
557.732421	1.000921
558.089735	1.002078
558.446994	1.002516
558.804197	1.001816
559.161345	1.002155
559.518437	1.002922
559.875474	1.000667
560.232455	1.001597
560.589381	1.002599
560.946251	1.001102
561.303065	1.001893
561.659825	1.001561
562.016528	1.001178
562.373177	1.001783
562.729770	1.001170
563.086307	1.001880
563.442789	1.001073
563.799216	1.001715
564.155587	1.000490
564.511904	1.000742
564.868164	1.001024
565.224370	1.001762
565.580520	1.001249
565.936615	1.000964
566.292654	1.001520
566.648638	1.001333
567.004567	1.000842
567.360441	1.001490
567.716260	1.001861
568.072023	1.001741
568.427732	1.001812
568.783385	1.001651
569.138982	1.001687
569.494525	1.001032
569.850013	1.001502
570.205445	1.001631
570.560823	1.001681
570.916145	1.000925
571.271412	1.001136
571.626625	1.001144
571.981782	1.000914
572.336884	1.001612
572.691931	1.001203
573.046923	1.000845
573.401860	1.001787
573.756743	1.001416
574.111570	1.002124
574.466342	1.001796
574.821059	1.001745
575.175722	1.001400
575.530330	1.001606
575.884882	1.001251
576.239380	1.001717
576.593823	1.002327
576.948211	1.001077
577.302544	1.001200
577.656823	1.000870
578.011047	1.001460
578.365216	1.001530
578.719330	1.000639
579.073389	1.002267
579.427394	1.001370
579.781344	1.001409
580.135239	1.001572
580.489080	1.001452
580.842866	1.001558
581.196597	1.000757
581.550273	1.000227
581.903895	1.001651
582.257463	1.001301
582.610975	1.001072
582.964434	1.001445
583.317837	1.002415
583.671186	1.001381
584.024481	1.001200
584.377721	1.001240
584.730906	1.001040
585.084037	1.000509
585.437113	1.000705
585.790135	1.001371
586.143103	1.000644
586.496016	1.002439
586.848874	1.001268
587.201679	1.001466
587.554428	1.001646
587.907124	1.001088
588.259765	1.001631
588.612352	1.002379
588.964884	1.001776
589.317362	1.001218
589.669786	1.001787
590.022155	1.001261
590.374470	1.001258
590.726731	1.001086
591.078937	1.000855
591.431090	1.001334
591.783188	1.000993
592.135232	1.001790
592.487222	1.001936
592.839157	1.001498
593.191038	1.001851
593.542866	1.000807
593.894639	1.002029
594.246358	1.000999
594.598022	1.001723
594.949633	1.001503
595.301190	1.000757
595.652692	1.001328
596.004141	1.001511
596.355535	1.001431
596.706876	1.000909
597.058162	1.001136
597.409395	1.001417
597.760573	1.001190
598.111698	1.001060
598.462768	1.000660
598.813785	1.001220
599.164748	1.001096
599.515657	1.000887
599.866511	1.000878
600.217312	1.001077
600.568060	1.001646
600.918753	1.001591
601.269392	1.000963
601.619978	1.001015
601.970510	1.000801
602.320988	1.001725
602.671412	1.000770
603.021783	1.001308
603.372100	1.002239
603.722363	1.001482
604.072572	1.001364
604.422728	1.001442
604.772830	1.000654
605.122878	1.000618
605.472872	1.001149
605.822813	1.001022
606.172701	1.001189
606.522534	1.001286
606.872314	1.001321
607.222041	1.001055
607.571714	1.001326
607.921333	1.000570
608.270899	1.001338
608.620411	1.000980
608.969870	1.001139
609.319276	1.000370
609.668627	1.001733
610.017926	1.000619
610.367171	1.000991
610.716362	1.001045
611.065500	1.001272
611.414585	1.000846
611.763616	1.000997
612.112594	1.001007
612.461518	0.999980
612.810389	1.000733
613.159207	1.000676
613.507971	1.000414
613.856682	1.000816
614.205340	1.001583
614.553945	0.999958
614.902496	1.001145
615.250994	1.001316
615.599439	1.001305
615.947830	1.001200
616.296169	1.000985
616.644454	1.000665
616.992686	1.000876
617.340864	1.000559
617.688990	1.001004
618.037063	1.001250
618.385082	1.001258
618.733048	1.001119
619.080961	1.001513
619.428821	1.001189
619.776628	1.000989
620.124382	1.000499
620.472083	0.999643
620.819731	1.001141
621.167326	1.000393
621.514868	1.000793
621.862357	1.000952
622.209793	1.001485
622.557176	0.999598
622.904506	1.000613
623.251783	0.999952
623.599007	1.000950
623.946179	1.000794
624.293297	1.000379
624.640363	1.000744
624.987376	0.999591
625.334336	1.001024
625.681243	1.000534
626.028097	1.001117
626.374899	1.001020
626.721647	1.001091
627.068343	1.001867
627.414987	1.000655
627.761577	1.000668
628.108115	1.000265
628.454600	1.000672
628.801032	1.001044
629.147412	1.000897
629.493739	1.000251
629.840014	1.001189
630.186236	1.001329
630.532405	1.000999
630.878521	1.000169
631.224585	1.000914
631.570597	1.000472
631.916556	1.000711
632.262462	1.001004
632.608316	1.001241
632.954117	1.000134
633.299866	1.000579
633.645562	1.000372
633.991206	1.000235
634.336797	1.001255
634.682336	1.001214
635.027823	1.000976
635.373257	1.001163
635.718639	1.000647
636.063968	1.000352
636.409245	1.000102
636.754470	1.001088
637.099642	1.001275
637.444762	1.000700
637.789829	1.000719
638.134845	1.001104
638.479808	1.001226
638.824719	1.000768
639.169577	1.000770
639.514383	1.000160
639.859137	1.000488
640.203839	1.000971
640.548489	0.999450
640.893086	1.000543
641.237632	1.001183
641.582125	0.999859
641.926566	0.999362
642.270955	1.000861
642.615292	1.000728
642.959576	1.000845
643.303809	0.999534
643.647990	1.000423
643.992118	0.999905
644.336195	1.001605
644.680219	1.000639
645.024192	1.001035
645.368112	1.000443
645.711981	1.000682
646.055797	1.000064
646.399562	0.999442
646.743274	0.999029
647.086935	1.000604
647.430544	1.000217
647.774101	0.999929
648.117606	1.000750
648.461059	0.999904
648.804460	0.999508
649.147810	1.000790
649.491108	1.000352
649.834354	0.999721
650.177548	1.001263
650.520690	1.000853
650.863781	0.999927
651.206820	1.001521
651.549807	1.000402
651.892742	1.000985
652.235626	0.999664
652.578458	1.000904
652.921238	0.999913
653.263967	1.001516
653.606644	1.000912
653.949269	1.000510
654.291843	1.001211
654.634365	1.000297
654.976836	1.000341
655.319255	0.999798
655.661622	1.000393
656.003938	1.000223
656.346203	0.999885
656.688416	1.000195
657.030577	1.000665
657.372687	0.999378
657.714746	0.999796
658.056753	1.000813
658.398708	1.001157
658.740612	1.000906
659.082465	1.000272
659.424266	1.000797
659.766016	1.000113
660.107715	0.999692
660.449362	0.999777
660.790958	1.000211
661.132503	0.998434
661.473996	0.999868
661.815438	0.999219
662.156829	0.999796
662.498168	1.000584
662.839456	0.999487
663.180693	1.000782
663.521879	0.999884
663.863013	1.000869
664.204097	1.000310
664.545129	1.000281
664.886110	0.999924
665.227040	0.999449
665.567918	0.999753
665.908746	1.000663
666.249522	0.999827
666.590248	1.000006
666.930922	1.000405
667.271545	1.000307
667.612118	0.999867
667.952639	0.999420
668.293109	1.000068
668.633528	0.999712
668.973896	1.000356
669.314213	0.999588
669.654480	1.000241
669.994695	1.000009
670.334859	0.999652
670.674973	0.998834
671.015035	0.999782
671.355047	0.999296
671.695008	0.999970
672.034918	1.000263
672.374777	0.999897
672.714585	0.999923
673.054342	1.000423
673.394049	0.999476
673.733705	0.999219
674.073310	0.999279
674.412864	0.999832
674.752368	0.999624
675.091820	1.000723
675.431223	0.999819
675.770574	0.999881
676.109875	0.999611
676.449125	1.000148
676.788324	0.999369
677.127473	1.000795
677.466571	0.999267
677.805619	0.999582
678.144616	0.999563
678.483562	0.999656
678.822458	0.999595
679.161303	1.000823
679.500098	0.999943
679.838842	1.001095
680.177535	1.000404
680.516179	1.000237
680.854771	0.999986
681.193314	1.000512
681.531805	1.000332
681.870247	0.998948
682.208638	0.999134
682.546978	0.998851
682.885268	0.999328
683.223508	0.999715
683.561697	0.998946
683.899836	0.999983
684.237925	0.999917
684.575963	0.998700
684.913951	0.999619
685.251889	1.000036
685.589776	0.999268
685.927614	0.999304
686.265401	0.999414
686.603137	0.999197
686.940824	0.999947
687.278460	0.998731
687.616046	1.000086
687.953582	0.998524
688.291068	0.999301
688.628504	0.999396
688.965889	0.999304
689.303224	0.998537
689.640510	0.999242
689.977745	0.999252
690.314930	1.000083
690.652065	0.999167
690.989150	0.999141
691.326185	0.998894
691.663170	0.999094
692.000105	0.999963
692.336990	0.998793
692.673825	0.998591
693.010610	0.999878
693.347345	0.997861
693.684030	0.999850
694.020665	0.999144
694.357251	0.998655
694.693786	0.999388
695.030272	1.000663
695.366707	0.998400
695.703093	0.998526
696.039429	0.998812
696.375716	0.998978
696.711952	0.999640
697.048139	0.999479
697.384276	0.998763
697.720363	0.998437
698.056400	0.998552
698.392388	0.998430
698.728326	0.999474
699.064214	0.999902
699.400053	0.999983
699.735842	1.000577
700.071581	0.999502
700.407270	0.998840
700.742910	0.999335
701.078501	0.999215
701.414042	0.999369
701.749533	0.997711
702.084974	0.998728
702.420366	0.998261
702.755709	0.999077
703.091002	0.999113
703.426246	0.999169
703.761440	0.999087
704.096584	0.998313
704.431679	0.997801
704.766725	0.997626
705.101721	0.998579
705.436668	0.998288
705.771565	0.998221
706.106413	0.998854
706.441212	0.998540
706.775961	0.997242
707.110661	0.998255
707.445311	0.997735
707.779913	0.998070
708.114465	0.998861
708.448967	0.998822
708.783421	0.997684
709.117825	0.998355
709.452180	0.998984
709.786485	0.997661
710.120742	0.997675
710.454949	0.997469
710.789107	0.997957
711.123216	0.997699
711.457275	0.997332
711.791286	0.997159
712.125247	0.997549
712.459159	0.996060
712.793023	0.997967
713.126837	0.997851
713.460602	0.997043
713.794318	0.998064
714.127985	0.996688
714.461602	0.997679
714.795171	0.996851
715.128691	0.996477
715.462162	0.997881
715.795584	0.996178
716.128957	0.997496
716.462281	0.997074
716.795556	0.997164
717.128782	0.997164
717.461960	0.996933
717.795088	0.997345
718.128167	0.997635
718.461198	0.997646
718.794180	0.997755
719.127113	0.998278
719.459997	0.997758
719.792833	0.997671
720.125619	0.996869
720.458357	0.997561
720.791046	0.997721
721.123686	0.997680
721.456278	0.997157
721.788821	0.996824
722.121315	0.996940
722.453761	0.997110
722.786158	0.997200
723.118506	0.997840
723.450805	0.997011
723.783056	0.996603
724.115259	0.996250
724.447412	0.996494
724.779518	0.997246
725.111574	0.997905
725.443582	0.998364
725.775542	0.996742
726.107453	0.996807
726.439315	0.996381
726.771129	0.995535
727.102895	0.996242
727.434612	0.995384
727.766281	0.996127
728.097901	0.995791
728.429473	0.997001
728.760996	0.994914
729.092471	0.995404
729.423897	0.995113
729.755276	0.996449
730.086606	0.995739
730.417887	0.995906
730.749120	0.996394
731.080305	0.995256
731.411442	0.994694
731.742530	0.996894
732.073570	0.995331
732.404562	0.994859
732.735506	0.996259
733.066401	0.995063
733.397249	0.995720
733.728048	0.995374
734.058798	0.995801
734.389501	0.995502
734.720156	0.995047
735.050762	0.996115
735.381320	0.994954
735.711831	0.996962
736.042293	0.997160
736.372707	0.995663
736.703073	0.995146
737.033391	0.996956
737.363661	0.996122
737.693883	0.995738
738.024056	0.996268
738.354182	0.996031
738.684260	0.995619
739.014290	0.994511
739.344272	0.994289
739.674207	0.995101
740.004093	0.994718
740.333931	0.995049
740.663722	0.994734
740.993464	0.995172
741.323159	0.994368
741.652806	0.994893
741.982405	0.995968
742.311956	0.994154
742.641460	0.994780
742.970915	0.994890
743.300323	0.995088
743.629683	0.995579
743.958996	0.995718
744.288260	0.995497
744.617477	0.995331
744.946647	0.995454
745.275768	0.994704
745.604842	0.995390
745.933869	0.995723
746.262847	0.994772
746.591778	0.994929
746.920662	0.995811
747.249498	0.995980
747.578286	0.994373
747.907027	0.993436
748.235720	0.995019
748.564365	0.993640
748.892963	0.994960
749.221514	0.993410
749.550017	0.993621
749.878473	0.993548
750.206881	0.993566
750.535242	0.995399
750.863555	0.995358
751.191821	0.996172
751.520039	0.995481
751.848210	0.994997
752.176334	0.993130
752.504411	0.995108
752.832440	0.994686
753.160421	0.995635
753.488356	0.995629
753.816243	0.994913
754.144082	0.994422
754.471875	0.994494
754.799620	0.994192
755.127318	0.994123
755.454969	0.993161
755.782572	0.994553
756.110129	0.994033
756.437638	0.995081
756.765100	0.993878
757.092515	0.994024
757.419882	0.994033
757.747203	0.994648
758.074477	0.993349
758.401703	0.994655
758.728882	0.993416
759.056014	0.994060
759.383099	0.993315
759.710138	0.994280
760.037129	0.992917
760.364073	0.992830
760.690970	0.993322
761.017820	0.995205
761.344623	0.993700
761.671379	0.993482
761.998088	0.992921
762.324751	0.992226
762.651366	0.991594
762.977935	0.990637
763.304456	0.988051
763.630931	0.986840
763.957359	0.987498
764.283740	0.990367
764.610074	0.989272
764.936362	0.990659
765.262602	0.990104
765.588796	0.991039
765.914943	0.994141
766.241044	0.992249
766.567097	0.993286
766.893104	0.992959
767.219064	0.993236
767.544978	0.993752
767.870845	0.994746
768.196665	0.994531
768.522438	0.994711
768.848165	0.993799
769.173846	0.995263
769.499479	0.994247
769.825066	0.993496
770.150607	0.996170
770.476101	0.994086
770.801548	0.992695
771.126949	0.994464
771.452303	0.992959
771.777611	0.994540
772.102872	0.994477
772.428087	0.995235
772.753256	0.993926
773.078378	0.994939
773.403453	0.994963
773.728482	0.996469
774.053465	0.995281
774.378401	0.995045
774.703291	0.995701
775.028135	0.995834
775.352932	0.995399
775.677683	0.995978
776.002388	0.994489
776.327046	0.993042
776.651658	0.995283
776.976224	0.994361
777.300743	0.996311
777.625216	0.995472
777.949643	0.995290
778.274024	0.994970
778.598359	0.995726
778.922647	0.995329
779.246889	0.994635
779.571086	0.996537
779.895236	0.995974
780.219339	0.995237
780.543397	0.995627
780.867409	0.994532
781.191374	0.994668
781.515294	0.995473
781.839167	0.994550
782.162995	0.995683
782.486776	0.995631
782.810511	0.995021
783.134201	0.994535
783.457844	0.994653
783.781441	0.995794
784.104993	0.995156
784.428498	0.995329
784.751958	0.994679
785.075372	0.996142
785.398739	0.995891
785.722061	0.995962
786.045337	0.994427
786.368568	0.996284
786.691752	0.996156
787.014891	0.995702
787.337983	0.994980
787.661030	0.994032
787.984031	0.994776
788.306987	0.992368
788.629897	0.994558
788.952760	0.992666
789.275579	0.993714
789.598351	0.993114
789.921078	0.993971
790.243759	0.993952
790.566395	0.993785
790.888984	0.994373
791.211529	0.996175
791.534027	0.995691
791.856480	0.995227
792.178888	0.994675
792.501249	0.996382
792.823566	0.996130
793.145836	0.995163
793.468062	0.995414
793.790241	0.994863
794.112375	0.994655
794.434464	0.994088
794.756507	0.994623
795.078505	0.996290
795.400457	0.995745
795.722364	0.995008
796.044226	0.994096
796.366042	0.993952
796.687812	0.993620
797.009538	0.995325
797.331218	0.993969
797.652852	0.994917
797.974442	0.994349
798.295986	0.993069
798.617484	0.993948
798.938938	0.994234
799.260346	0.995402
799.581709	0.994872
799.903026	0.994496
800.224299	0.993511
800.545526	0.995261
800.866708	0.994530
801.187845	0.996136
801.508936	0.995773
801.829983	0.996466
802.150984	0.994799
802.471940	0.995592
802.792851	0.996445
803.113717	0.996258
803.434538	0.995989
803.755314	0.996650
804.076045	0.995171
804.396731	0.995621
804.717372	0.996176
805.037967	0.996384
805.358518	0.996532
805.679024	0.995992
805.999485	0.994019
806.319901	0.996718
806.640272	0.996134
806.960598	0.995423
807.280879	0.995661
807.601115	0.995806
807.921306	0.996202
808.241453	0.994567
808.561554	0.994842
808.881611	0.994304
809.201623	0.995504
809.521590	0.995278
809.841513	0.994849
810.161390	0.995309
810.481223	0.996569
810.801011	0.995463
811.120755	0.995854
811.440453	0.995161
811.760107	0.993960
812.079716	0.993855
812.399281	0.995051
812.718801	0.994580
813.038276	0.996523
813.357707	0.995057
813.677093	0.994659
813.996434	0.996092
814.315731	0.996466
814.634983	0.995515
814.954191	0.993642
815.273354	0.995641
815.592473	0.994171
815.911547	0.995511
816.230577	0.994074
816.549562	0.995403
816.868502	0.995081
817.187399	0.994498
817.506250	0.994186
817.825058	0.993401
818.143821	0.994088
818.462539	0.993606
818.781213	0.993394
819.099843	0.991695
819.418429	0.992033
819.736970	0.990935
820.055466	0.989710
820.373919	0.989256
820.692327	0.987377
821.010691	0.984428
821.329011	0.983551
821.647286	0.979439
821.965517	0.975904
822.283704	0.976419
822.601847	0.976085
822.919945	0.971832
823.237999	0.971848
823.556010	0.973171
823.873976	0.976014
824.191897	0.977145
824.509775	0.977990
824.827609	0.980526
825.145398	0.981773
825.463144	0.983149
825.780845	0.981979
826.098502	0.980567
826.416116	0.979482
826.733685	0.977441
827.051210	0.975740
827.368692	0.975585
827.686129	0.977618
828.003522	0.979865
828.320872	0.981979
828.638177	0.984295
828.955439	0.987232
829.272656	0.989203
829.589830	0.989375
829.906960	0.991431
830.224046	0.991461
830.541088	0.991883
830.858086	0.991280
831.175041	0.992664
831.491952	0.992633
831.808819	0.992973
832.125642	0.992492
832.442421	0.989692
832.759157	0.989942
833.075849	0.986535
833.392497	0.984695
833.709101	0.982062
834.025662	0.980798
834.342179	0.981773
834.658653	0.984481
834.975083	0.986865
835.291469	0.988268
835.607811	0.989327
835.924110	0.988981
836.240366	0.991351
836.556578	0.993528
836.872746	0.993959
837.188871	0.993387
837.504952	0.993916
837.820990	0.995595
838.136984	0.995064
838.452935	0.994954
838.768842	0.995801
839.084706	0.996193
839.400526	0.993327
839.716303	0.992340
840.032037	0.990756
840.347727	0.989561
840.663373	0.991381
840.978977	0.992136
841.294537	0.994181
841.610054	0.993990
841.925527	0.995608
842.240957	0.995830
842.556344	0.994745
842.871687	0.996486
843.186987	0.995113
843.502244	0.997114
843.817458	0.995942
844.132629	0.996553
844.447756	0.997566
844.762840	0.997919
845.077881	0.996719
845.392879	0.997581
845.707833	0.998006
846.022745	0.997345
846.337613	0.997322
846.652438	0.998095
846.967221	0.996722
847.281960	0.997586
847.596656	0.998815
847.911309	0.996428
848.225919	0.996583
848.540485	0.995828
848.855009	0.998080
849.169490	0.997971
849.483928	0.998919
849.798323	0.998364
850.112675	0.998489
850.426984	0.997911
850.741251	0.998031
851.055474	0.997478
851.369654	0.996251
851.683792	0.998416
851.997887	0.998355
852.311938	0.997401
852.625947	0.998823
852.939914	0.997231
853.253837	0.998366
853.567718	0.999415
853.881555	0.998553
854.195350	0.997274
854.509103	0.997965
854.822812	0.997045
855.136479	0.997218
855.450103	0.998158
855.763685	0.996420
856.077224	0.997652
856.390720	0.997401
856.704173	0.998969
857.017584	0.998224
857.330953	0.996622
857.644278	0.998437
857.957561	0.997752
858.270802	0.996585
858.584000	0.997259
858.897155	0.996074
859.210268	0.996809
859.523339	0.996248
859.836367	0.996870
860.149352	0.998365
860.462295	0.997126
860.775195	0.999218
861.088054	0.997204
861.400869	0.997072
861.713642	0.996210
862.026373	0.996891
862.339062	0.997298
862.651708	0.996429
862.964312	0.997630
863.276873	0.998444
863.589392	0.997865
863.901869	0.997336
864.214303	0.997242
864.526696	0.997537
864.839045	0.996869
865.151353	0.996037
865.463619	0.997127
865.775842	0.996246
866.088023	0.997272
866.400162	0.997463
866.712258	0.998009
867.024313	0.997265
867.336325	0.995395
867.648296	0.996909
867.960224	0.997777
868.272110	0.996733
868.583954	0.996441
868.895755	0.997856
869.207515	0.996068
869.519233	0.996146
869.830909	0.997990
870.142542	0.995937
870.454134	0.996059
870.765684	0.996991
871.077191	0.995943
871.388657	0.996426
871.700081	0.996332
872.011463	0.996920
872.322803	0.996443
872.634101	0.995640
872.945357	0.996173
873.256571	0.996404
873.567744	0.996151
873.878874	0.994775
874.189963	0.993785
874.501010	0.995854
874.812015	0.995608
875.122979	0.996760
875.433900	0.995673
875.744780	0.995561
876.055618	0.994968
876.366415	0.995438
876.677169	0.996021
876.987882	0.996194
877.298554	0.996039
877.609183	0.993967
877.919771	0.994577
878.230317	0.994402
878.540822	0.993806
878.851285	0.992698
879.161707	0.992036
879.472087	0.990689
879.782425	0.988902
880.092722	0.986076
880.402977	0.982848
880.713191	0.980376
881.023363	0.978394
881.333494	0.977017
881.643583	0.976267
881.953631	0.974044
882.263637	0.974128
882.573602	0.975493
882.883526	0.975763
883.193408	0.976935
883.503248	0.978364
883.813048	0.980633
884.122806	0.982177
884.432522	0.983441
884.742197	0.986367
885.051831	0.987939
885.361424	0.987326
885.670975	0.989028
885.980485	0.989911
886.289954	0.991265
886.599382	0.992836
886.908768	0.992190
887.218113	0.992758
887.527417	0.993348
887.836680	0.993689
888.145901	0.993672
888.455082	0.992712
888.764221	0.994993
889.073319	0.995065
889.382376	0.994823
889.691392	0.995082
890.000366	0.993570
890.309300	0.995515
890.618193	0.995437
890.927044	0.994083
891.235855	0.994696
891.544625	0.994298
891.853353	0.994832
892.162041	0.994461
892.470687	0.994137
892.779293	0.993963
893.087858	0.993530
893.396381	0.992356
893.704864	0.991122
894.013306	0.990045
894.321707	0.986753
894.630068	0.985787
894.938387	0.985499
895.246665	0.983345
895.554903	0.983801
895.863100	0.986610
896.171256	0.988267
896.479371	0.988792
896.787446	0.989871
897.095480	0.991033
897.403473	0.992774
897.711425	0.992779
898.019336	0.993486
898.327207	0.992793
898.635038	0.994531
898.942827	0.993689
899.250576	0.994176
899.558284	0.993726
899.865952	0.994280
900.173579	0.995258
900.481165	0.993885
900.788711	0.995209
901.096216	0.996212
901.403681	0.994438
901.711105	0.995629
902.018489	0.996382
902.325832	0.996703
902.633135	0.996189
902.940397	0.994619
903.247619	0.994805
903.554800	0.990994
903.861941	0.988463
904.169041	0.986120
904.476101	0.984738
904.783121	0.982557
905.090100	0.984401
905.397039	0.984523
905.703938	0.987618
906.010796	0.989130
906.317614	0.990771
906.624391	0.991267
906.931129	0.992921
907.237826	0.993140
907.544483	0.996287
907.851099	0.994097
908.157675	0.997767
908.464211	0.995538
908.770707	0.997695
909.077163	0.996233
909.383578	0.996471
909.689954	0.996631
909.996289	0.997151
910.302584	0.997248
910.608839	0.998759
910.915054	0.997674
911.221229	0.998155
911.527363	0.997481
911.833458	0.996568
912.139513	0.996442
912.445527	0.996041
912.751502	0.995543
913.057436	0.996658
913.363331	0.995964
913.669186	0.996547
913.975000	0.994523
914.280775	0.993693
914.586510	0.993458
914.892205	0.991955
915.197859	0.991256
915.503475	0.988147
915.809050	0.987056
916.114585	0.985702
916.420081	0.986695
916.725536	0.984926
917.030952	0.985818
917.336328	0.986703
917.641665	0.987442
917.946961	0.989026
918.252218	0.990188
918.557435	0.991270
918.862612	0.992844
919.167750	0.994758
919.472848	0.993642
919.777906	0.994546
920.082925	0.996294
920.387904	0.996486
920.692843	0.996253
920.997743	0.996200
921.302603	0.996487
921.607423	0.995461
921.912204	0.996522
922.216946	0.995520
922.521647	0.997758
922.826310	0.997601
923.130932	0.997512
923.435516	0.997078
923.740059	0.997535
924.044564	0.995378
924.349028	0.998521
924.653454	0.997940
924.957840	0.999484
925.262186	0.999291
925.566493	0.998769
925.870761	0.998718
926.174989	0.998695
926.479178	0.999378
926.783328	0.999162
927.087438	0.999069
927.391509	0.997936
927.695541	1.000256
927.999533	1.000594
928.303486	0.998871
928.607400	1.001078
928.911275	0.998380
929.215110	0.999318
929.518906	0.999649
929.822663	0.997692
930.126381	0.999910
930.430060	0.998767
930.733699	1.000439
931.037299	0.998800
931.340861	0.999998
931.644383	1.000945
931.947866	0.999568
932.251309	0.998500
932.554714	1.000483
932.858080	0.999452
933.161407	0.999476
933.464694	1.000025
933.767943	0.998626
934.071153	1.000153
934.374323	0.998755
934.677455	0.998759
934.980548	0.998780
935.283602	0.999038
935.586617	0.999039
935.889593	0.998716
936.192530	0.998681
936.495428	0.999634
936.798287	0.999911
937.101108	0.999330
937.403890	0.998503
937.706632	0.999076
938.009336	0.998554
938.312002	0.997946
938.614628	0.999975
938.917216	0.998878
939.219765	0.997575
939.522275	0.999283
939.824747	0.998673
940.127179	0.997590
940.429573	0.998920
940.731929	0.998351
941.034246	0.998219
941.336524	0.999090
941.638763	0.997925
941.940964	0.998123
942.243126	0.997346
942.545250	0.998973
942.847335	0.999204
943.149381	0.998336
943.451389	0.998820
943.753359	0.998348
944.055290	1.000351
944.357182	0.998747
944.659036	0.997505
944.960851	0.998285
945.262628	0.999182
945.564367	1.000259
945.866067	0.998956
946.167729	0.999938
946.469352	0.998498
946.770937	0.998413
947.072484	1.000771
947.373992	0.999456
947.675462	0.999709
947.976893	0.998874
948.278286	0.998360
948.579641	0.999396
948.880958	0.998193
949.182236	0.998022
949.483476	1.000091
949.784678	0.998792
950.085841	0.998694
950.386967	0.999047
950.688054	0.997906
950.989103	0.999565
951.290114	0.998252
951.591087	0.998041
951.892021	1.000267
952.192917	0.998389
952.493776	0.998767
952.794596	0.998850
953.095378	0.998119
953.396122	0.999137
953.696828	0.998766
953.997496	0.999970
954.298126	0.999716
954.598718	0.999816
954.899272	0.999040
955.199788	0.998754
955.500266	0.999006
955.800706	0.999249
956.101108	1.000231
956.401472	0.999149
956.701798	1.000541
957.002087	0.999256
957.302337	0.999673
957.602550	1.000224
957.902724	0.999523
958.202861	0.999913
958.502960	0.999475
958.803022	0.998784
959.103045	0.999909
959.403031	1.000380
959.702979	0.998787
960.002889	0.999554
960.302762	0.998066
960.602596	0.999348
960.902393	0.998293
961.202153	0.999956
961.501875	1.000171
961.801559	0.999392
962.101205	0.999071
962.400814	0.999712
962.700385	0.999778
962.999918	0.999773
963.299414	0.999852
963.598873	0.998922
963.898293	0.998476
964.197677	0.999963
964.497022	0.998754
964.796331	1.000696
965.095601	0.999657
965.394835	0.999088
965.694030	0.999308
965.993189	1.000732
966.292309	0.999319
966.591393	1.000347
966.890439	0.999802
967.189447	1.000152
967.488419	1.000111
967.787353	0.998367
968.086249	0.998963
968.385108	1.000170
968.683930	1.000846
968.982714	1.000225
969.281462	1.000455
969.580172	1.000318
969.878844	0.999981
970.177480	1.000073
970.476078	0.999617
970.774639	1.000362
971.073162	1.000883
971.371649	0.999883
971.670098	0.999471
971.968510	1.001663
972.266885	0.999976
972.565223	1.000166
972.863524	0.999612
973.161788	0.999677
973.460014	1.001836
973.758204	0.998419
974.056356	0.999814
974.354471	0.998089
974.652550	1.000282
974.950591	0.999109
975.248595	0.999299
975.546563	0.998693
975.844493	1.000898
976.142386	0.999832
976.440243	1.000337
976.738062	0.999956
977.035845	1.000771
977.333590	0.998185
977.631299	1.000206
977.928971	0.999440
978.226606	0.999549
978.524204	0.999537
978.821765	1.001762
979.119290	0.998176
979.416777	0.998784
979.714228	0.999844
980.011642	0.998599
980.309020	0.999858
980.606360	1.000686
980.903664	1.000713
981.200931	0.999765
981.498162	0.998541
981.795356	0.999067
982.092513	0.997985
982.389633	1.001541
982.686717	0.997657
982.983764	0.998881
983.280775	0.998851
983.577749	0.998084
983.874686	0.998448
984.171587	0.997863
984.468451	0.999405
984.765279	0.999791
985.062070	0.999398
985.358824	1.000186
985.655543	0.999997
985.952224	0.999745
986.248869	1.000488
986.545478	0.999798
986.842050	1.000811
987.138586	0.998871
987.435086	0.999922
987.731549	1.000801
988.027975	1.000338
988.324366	0.999570
988.620719	1.000051
988.917037	0.998959
989.213318	1.000771
989.509563	1.000224
989.805772	1.001067
990.101944	1.000036
990.398080	1.000830
990.694180	1.000288
990.990244	0.998295
991.286271	0.999720
991.582262	1.000364
991.878217	0.999350
992.174136	1.000548
992.470019	1.001752
992.765865	1.000655
993.061676	1.000817
993.357450	1.000186
993.653188	0.998118
993.948890	0.999850
994.244556	1.001160
994.540186	0.999078
994.835780	0.998463
995.131337	0.999807
995.426859	0.999959
995.722345	1.001201
996.017795	0.999201
996.313208	0.998073
996.608586	0.998645
996.903928	0.999912
997.199234	0.998319
997.494504	1.000497
997.789738	0.999198
998.084936	0.999019
998.380099	1.000634
998.675225	0.999718
998.970316	1.000159
999.265371	1.001041
999.560390	0.999391
999.855373	1.001698
1000.150320	1.000279
1000.445232	1.000429
1000.740108	0.999938
1001.034948	1.000499
1001.329752	1.001153
1001.624521	1.001296
1001.919254	0.999727
1002.213951	0.999910
1002.508613	1.000136
1002.803239	1.001371
1003.097829	1.001130
1003.392384	1.001594
1003.686903	0.999799
1003.981386	1.001102
1004.275834	1.000114
1004.570246	1.000208
1004.864623	1.001933
1005.158964	1.000203
1005.453270	1.000408
1005.747540	0.998865
1006.041775	1.001454
1006.335974	1.000986
1006.630138	1.000302
1006.924266	1.000685
1007.218359	1.001301
1007.512416	1.002207
1007.806438	1.000558
1008.100425	1.000729
1008.394376	1.000481
1008.688292	1.000111
1008.982172	1.001954
1009.276017	1.000559
1009.569827	1.000614
1009.863602	0.999294
1010.157341	1.000406
1010.451045	1.000634
1010.744714	1.000220
1011.038347	1.000805
1011.331945	1.000047
1011.625508	0.998696
1011.919036	0.999508
1012.212528	1.000145
1012.505986	0.999621
1012.799408	1.000050
1013.092795	1.000137
1013.386147	1.000622
1013.679464	1.001121
1013.972745	0.999038
1014.265992	0.998667
1014.559204	1.000355
1014.852380	1.000933
1015.145521	1.000380
1015.438628	1.000740
1015.731699	1.000185
1016.024736	0.999650
1016.317737	1.000666
1016.610703	1.000636
1016.903635	1.001081
1017.196531	1.001313
1017.489393	1.000521
1017.782219	1.000920
1018.075011	0.999520
1018.367768	1.000151
1018.660490	1.000353
1018.953177	1.000353
1019.245829	1.000353
